1544681555131464000,0.8110748155396039,0.5822498355951037,-0.056060436556201,0.10250384139824491,-0.5848535766771453,0.8055482804054956,-0.09506977323891382,-0.21093710773873195,-0.010194971571792848,0.10989584562312038,0.993890821805609,0.03420066538012971,0.0,0.0,0.0,1.0
1544681555137376000,0.8114880186256502,0.5823110688939328,-0.04900014969997712,3.8469080211059224e-05,-0.5840274507562964,0.8052907795425508,-0.10207201941202738,-6.409600850646333e-05,-0.01997829797838331,0.11144765330573919,0.9935694682217925,-5.9324255332920395e-06,0.0,0.0,0.0,1.0
1544681555138720336,0.8114880186256502,0.5823110688939328,-0.04900014969997712,3.8469080211059224e-05,-0.5840274507562964,0.8052907795425508,-0.10207201941202738,-6.409600850646333e-05,-0.01997829797838331,0.11144765330573919,0.9935694682217925,-5.9324255332920395e-06,0.0,0.0,0.0,1.0
1544681555232312000,0.8092653551958731,0.584685146398386,-0.056858284012083996,0.21573788257638105,-0.5873617384620582,0.8037415412419399,-0.09489848825379928,-0.3219572880999192,-0.00978637167341418,0.11019443934756941,0.9938618679003359,0.05318984082940157,0.0,0.0,0.0,1.0
1544681555238219000,0.8092653551958731,0.584685146398386,-0.056858284012083996,0.21573788257638105,-0.5873617384620582,0.8037415412419399,-0.09489848825379928,-0.3219572880999192,-0.00978637167341418,0.11019443934756941,0.9938618679003359,0.05318984082940157,0.0,0.0,0.0,1.0
1544681555333155000,0.8080668568449628,0.5852314350006527,-0.06732103947337104,0.3054496943494601,-0.5890902380580557,0.8026162087988048,-0.093701188883278,-0.5280231483128357,-0.0008039237569165277,0.11537499235323122,0.9933216824604633,0.08021114832492747,0.0,0.0,0.0,1.0
1544681555339076000,0.807340899430609,0.5870322291331598,-0.059948595192290025,0.30613443647290206,-0.5900589681864886,0.8021679786499495,-0.0914163447713358,-0.44549366816608577,-0.005575497222019678,0.10917736023374011,0.9940066487922092,0.05702249519491921,0.0,0.0,0.0,1.0
1544681555434014000,0.8043044398833941,0.5896814915497833,-0.07328101055173512,0.41300681480982376,-0.5941820212122392,0.7994637243535115,-0.08834862257528515,-0.7795917343796034,0.006487962083516142,0.11460144836098915,0.9933903635437416,0.0849775442913318,0.0,0.0,0.0,1.0
1544681555439926000,0.805338094299323,0.5895102287959898,-0.06251595008668279,0.38484936867957736,-0.5928077738666879,0.8002884779921269,-0.09009603341031187,-0.591951500753191,-0.003081738724221033,0.1096177090526355,0.99396904416007,0.04903206458973904,0.0,0.0,0.0,1.0
1544681555534890000,0.804096504331305,0.5909019770419797,-0.06529674762228323,0.35571010622808896,-0.5944966025047499,0.7995266301436261,-0.08562100969668827,-0.6395438709328508,0.0016128646796796534,0.1076662492104812,0.9941857861830797,0.037690550653197485,0.0,0.0,0.0,1.0
1544681555540795000,0.8032176375843969,0.5922054827503872,-0.06429691185211835,0.4508821165356057,-0.5956816601308392,0.7981231590963369,-0.09034811950366903,-0.7623808733857932,-0.002187797318708451,0.11086969430128618,0.9938325434540942,0.029068069416851326,0.0,0.0,0.0,1.0
1544681555635732000,0.8004071816518439,0.595681940846678,-0.06716672471756611,0.4993792753801264,-0.5994562895988894,0.7952342581172015,-0.09085500303844551,-0.9471003822438069,-0.000707404044635889,0.11298451250467414,0.9935964973336006,-0.0005969345771254329,0.0,0.0,0.0,1.0
1544681555641662000,0.8028457716096248,0.5923868490166933,-0.06720482215300001,0.4752233206442811,-0.5961857496677299,0.7979360428321576,-0.08866015701815147,-0.7978843682963646,0.0011040387986959404,0.11124698944884133,0.9937921756770366,0.059960130127641,0.0,0.0,0.0,1.0
1544681555736582000,0.8021374424855585,0.5930162718293638,-0.07005158605148366,0.7366561048651825,-0.5970225125338849,0.7987643166039263,-0.07442906722501938,-1.3340371181953048,0.011817059297916674,0.10152471554190381,0.9947628306504406,0.06074918259722841,0.0,0.0,0.0,1.0
1544681555742502000,0.8011221426576506,0.5944236928354102,-0.0697408484285266,0.30187606225529423,-0.5984384073439667,0.7972652610810513,-0.07899098739085009,-0.7499238699866446,0.008647841304798903,0.10501703132958562,0.9944328222517017,0.03787249853501792,0.0,0.0,0.0,1.0
1544681555837471000,0.8150829403664588,0.5723860651171692,-0.08952090696173648,1.1064185255276042,-0.5780896914216455,0.8137131559176537,-0.06068944355127482,-1.9220106652170523,0.038106547935980145,0.10121804358027335,0.9941341954978626,0.08476995640710207,0.0,0.0,0.0,1.0
1544681555843346000,0.8031574014905751,0.5917092243886546,-0.06941456766617651,0.29806448458796536,-0.5957215592356394,0.7990638269586948,-0.08131927390225244,-0.7577354791923891,0.007349305597467495,0.10666393120219521,0.9942679686521767,0.025118814718237858,0.0,0.0,0.0,1.0
1544681555938350000,0.8081616733725744,0.5803099478931146,-0.10057372454040156,1.2636870300270076,-0.5862206045549715,0.8090396556246174,-0.04242921660843331,-2.5129435189095846,0.056746034987865644,0.09324805629657813,0.9940244903975272,0.06424135809327187,0.0,0.0,0.0,1.0
1544681555944209000,0.8035246259505905,0.591185098749595,-0.06963012643531825,0.36780650585295405,-0.5952215454035227,0.7994571911076139,-0.08111418786973376,-0.7618700094243991,0.007712806130686157,0.10662259893078628,0.9942696485455214,0.03879766551660782,0.0,0.0,0.0,1.0
1544681556039208000,0.7707938148443646,0.6322832140614146,-0.07806940638837337,1.3251570080845803,-0.6362154347219601,0.7703400480169714,-0.04249860047999607,-3.0470670336569916,0.0332688385612729,0.08242661971338727,0.9960416842398762,-0.06238394427333953,0.0,0.0,0.0,1.0
1544681556045063000,0.8038928560923173,0.5906170743786041,-0.07019791575394492,0.4433022197969487,-0.5947023843333427,0.8000111409091171,-0.07944336655461057,-0.7660963615685319,0.009238505938485008,0.10561082271127743,0.9943646233320415,0.05247231246267463,0.0,0.0,0.0,1.0
1544681556139543376,0.7145968274220013,0.6948655337966276,-0.08070479651135523,1.5355216835997498,-0.6987780851143451,0.7144265380119712,-0.03610968773282975,-3.6221085229409598,0.03256627093086578,0.08219861145882644,0.9960837446078021,-0.028390810450394512,0.0,0.0,0.0,1.0
1544681556140036000,0.7145968274220013,0.6948655337966276,-0.08070479651135523,1.5355216835997498,-0.6987780851143451,0.7144265380119712,-0.03610968773282975,-3.6221085229409598,0.03256627093086578,0.08219861145882644,0.9960837446078021,-0.028390810450394512,0.0,0.0,0.0,1.0
1544681556145946000,0.8031946368394897,0.5908647667227901,-0.07587623341932458,0.5147611258896012,-0.5955841438291435,0.7991623296335458,-0.0813578423631655,-0.7704011667065156,0.012565944914225424,0.11053686416895608,0.993792583333216,0.06385112046786325,0.0,0.0,0.0,1.0
1544681556240899000,0.6527184094860721,0.7535784786790924,-0.07796251913370052,1.5322102297326972,-0.7573067199449306,0.6518673248373023,-0.03944011581762257,-3.9383346406876973,0.021099996308490906,0.08478482931021222,0.996175849373302,-0.11889706186541713,0.0,0.0,0.0,1.0
1544681556246791000,0.8029234329754517,0.5902779546343645,-0.08298130543436072,0.5896044521201094,-0.5957939399102881,0.7990493690856859,-0.08093013610482326,-0.7727263719335111,0.018534884544996483,0.11442046161609146,0.9932594907769381,0.07449055621387927,0.0,0.0,0.0,1.0
1544681556341762000,0.5981532653037543,0.7989656906043355,-0.062181158268347386,1.6948473027818076,-0.8013615441051392,0.5968855874197583,-0.039335367800490094,-4.0956996008320505,0.005687427879549426,0.07335816769595617,0.9972894426375944,-0.04991694527803098,0.0,0.0,0.0,1.0
1544681556347654000,0.8024940077251691,0.5890835259756257,-0.09478379075200684,0.6673148488110702,-0.5960941724504766,0.7984697541826828,-0.08436699132974287,-0.7739699984937105,0.025982785373777836,0.12420407030195682,0.9919164500020411,0.08494535355329896,0.0,0.0,0.0,1.0
1544681556442639000,0.5405750568086931,0.838147727945182,-0.07271171911462579,1.8382229675232886,-0.8412896144710887,0.5388794961751002,-0.042903067316419984,-4.61974004186053,0.0032237461693786916,0.08436394219331525,0.9964297931707171,-0.038376188299494164,0.0,0.0,0.0,1.0
1544681556448499000,0.8017786235637864,0.5873304803804443,-0.11042619984512737,0.7484661622070576,-0.5964438778614378,0.7980126167874946,-0.08620071931014918,-0.7738038063442966,0.03749319081873944,0.13497692493183014,0.990139126778745,0.09562980625979041,0.0,0.0,0.0,1.0
1544681556543468000,0.5601427549043019,0.825148062802821,-0.07328552777296535,2.9714196556220345,-0.8283957249553059,0.5578623710236668,-0.05049849375598478,-5.365154526044049,-0.0007854960120641244,0.0889957833192132,0.9960316930436575,0.009041841539805721,0.0,0.0,0.0,1.0
1544681556549380000,0.8008267980178424,0.5844701456931742,-0.13065637515977055,0.8310140417497398,-0.5967634994013579,0.797148145866353,-0.09180500707520864,-0.7730251638387023,0.05049520134361996,0.15149086551748595,0.9871680466394923,0.10699289486769167,0.0,0.0,0.0,1.0
1544681556644347000,0.5785791078323244,0.8115832988408727,-0.08110958650193435,3.322746418262856,-0.8155870186962436,0.5766590738647672,-0.047771617762050245,-5.848775734674268,0.008001931899469898,0.0937915858272714,0.9955596956053809,-0.015973665978745277,0.0,0.0,0.0,1.0
1544681556650261000,0.8000252037126192,0.581297596388516,-0.1485017772874015,0.9125379373986927,-0.5966687081126902,0.7967865453890821,-0.09548640660358444,-0.7729124320956263,0.06281819946252766,0.16499789550133073,0.9842914041565216,0.12014700250317432,0.0,0.0,0.0,1.0
1544681556745188000,0.5974265131730168,0.797943875880715,-0.07979431246895534,3.5297141297363823,-0.8017749754556923,0.5962674235097958,-0.04027466193549486,-6.205648657510447,0.01544182926200557,0.08803823377064594,0.995997399245395,0.074390189314092,0.0,0.0,0.0,1.0
1544681556751096000,0.79878553223303,0.5789518297956376,-0.16357399631812203,0.9909373600152852,-0.597392105306722,0.7954584988520449,-0.10182558186061569,-0.7716722171034095,0.0711642186242343,0.179054615635387,0.9812619928476115,0.13341658304004603,0.0,0.0,0.0,1.0
1544681556846027000,0.6149457101058727,0.7842751296083005,-0.08218451618316977,3.4818999247756746,-0.7885380075923993,0.6125031521242945,-0.055205970872845525,-6.486494181608627,0.007041605256549198,0.09875428960650907,0.9950869339307635,-0.06865129995242072,0.0,0.0,0.0,1.0
1544681556851940000,0.799096724692447,0.5780029681794969,-0.16539949625525838,1.063681869263408,-0.597137345556374,0.7950049537978611,-0.10674321514152155,-0.7707266516922937,0.06979552369377932,0.1840643697529578,0.9804330128365526,0.14612610192318357,0.0,0.0,0.0,1.0
1544681556946909000,0.6269874793990844,0.7767030983554847,-0.060158105702976875,3.432500518006203,-0.7789005088587407,0.6236075870009233,-0.06654002355336593,-6.675078680925973,-0.014166791322566406,0.08857694079090749,0.9959685876491017,-0.06238239275816745,0.0,0.0,0.0,1.0
1544681556952836000,0.8000460697604173,0.5788602962358831,-0.1576294506195237,1.1286616862483843,-0.5968601042078476,0.7945590117514861,-0.11150781519472312,-0.7711210145001588,0.06069845357094516,0.18329411961710448,0.981182431277631,0.15873626024989448,0.0,0.0,0.0,1.0
1544681557047743000,0.6046399729159007,0.7938298513508537,-0.06515113396205918,3.1598742504510393,-0.7963287464411147,0.6007944212687316,-0.07004706249298252,-7.067336221202225,-0.016463011382631117,0.0942349748058198,0.9954138530177091,0.031173997187499948,0.0,0.0,0.0,1.0
1544681557053675000,0.8011571718377117,0.5817743570703284,-0.14030603503912992,1.1867444532561522,-0.5969431239919774,0.7935105720026013,-0.11832108366138253,-0.7715349692074607,0.0424981497443523,0.17854850762611216,0.9830128878569172,0.17130599533869414,0.0,0.0,0.0,1.0
1544681557139362340,0.5794698412228764,0.813671546982734,-0.04640384406339096,3.043226169430374,-0.8143029138044598,0.5756956857276082,-0.07406241964846147,-7.239415214116728,-0.03354799074017651,0.08070372398682453,0.9961733991890949,-0.02011605037522562,0.0,0.0,0.0,1.0
1544681557148627000,0.5794698412228764,0.813671546982734,-0.04640384406339096,3.043226169430374,-0.8143029138044598,0.5756956857276082,-0.07406241964846147,-7.239415214116728,-0.03354799074017651,0.08070372398682453,0.9961733991890949,-0.02011605037522562,0.0,0.0,0.0,1.0
1544681557154504000,0.8018961064795288,0.5863332960253953,-0.11478632490402957,1.2401116900377644,-0.5972328837959023,0.7919912923160612,-0.12673861056663707,-0.7730740893694672,0.01659870253373947,0.17018536619677824,0.9852722589247419,0.18258733614043343,0.0,0.0,0.0,1.0
1544681557249493000,0.5643143872389648,0.8245345385188945,-0.04113474376424535,3.242326997554055,-0.8245415613193645,0.5604440041411719,-0.07767710009542658,-7.440296414791979,-0.040993731376113396,0.07775161099069373,0.9961296105307865,0.05433079502095566,0.0,0.0,0.0,1.0
1544681557255408000,0.802297874266023,0.5919732739168835,-0.07671873249963355,1.2925915238196524,-0.5965933979068725,0.7909273331318802,-0.13605245781986802,-0.7740493192528379,-0.019860476382871885,0.1549244870026132,0.9877266650267273,0.1912193870842224,0.0,0.0,0.0,1.0
1544681557350343000,0.5439097890776159,0.8384403588724045,-0.034349759234378,3.2903714190423337,-0.8377764545626646,0.5402326728552144,-0.07924185358840588,-7.928935954673856,-0.047882705917255866,0.07187783937784786,0.9962634303638837,-0.04223893322006182,0.0,0.0,0.0,1.0
1544681557356239000,0.8014359614767989,0.596070967578007,-0.04898776645632966,1.341496866182255,-0.5961716776935378,0.7896546718687207,-0.14499941348840012,-0.7753319742080339,-0.047746522049618594,0.14541286327737749,0.9882182799491409,0.1947972516024019,0.0,0.0,0.0,1.0
1544681557451201000,0.5280012663597367,0.8486374441987657,-0.03208038382413497,3.2526073796171824,-0.8479994326140717,0.5248074244252727,-0.0739873607741735,-8.389700710516017,-0.04595242114108728,0.06626956746428667,0.9967430558671427,0.012031117023723193,0.0,0.0,0.0,1.0
1544681557457102000,0.801096599891453,0.5981739740063999,-0.020787844134029634,1.393883457131908,-0.5939237960323798,0.7901422287162666,-0.15142583301993362,-0.778473634661713,-0.07415363881049353,0.13365311526741255,0.9882500101849121,0.1952473052588688,0.0,0.0,0.0,1.0
1544681557552060000,0.5010634074704519,0.864453079799479,-0.04069808987283335,3.212613106609478,-0.8645371450509384,0.4978915610707056,-0.06840700433253238,-8.765736490000323,-0.038871410075732596,0.06946125711339161,0.9968270397812012,0.02207790305674888,0.0,0.0,0.0,1.0
1544681557557935000,0.7995967415667344,0.6005283371544003,0.0032813336361741294,1.4506334133458876,-0.592064234331478,0.7892179631736,-0.16307957882455826,-0.7854744658463695,-0.10052359574418517,0.12845513955730495,0.986607461871219,0.1934019712908895,0.0,0.0,0.0,1.0
1544681557652914000,0.4738300282396575,0.8799641628064767,-0.0338847534254329,3.360486225771496,-0.8792866585108726,0.47065049489277194,-0.07309640088249668,-9.2205516889404,-0.04837433723773284,0.06442968130828511,0.9967490856094755,-0.19339231115631136,0.0,0.0,0.0,1.0
1544681557658793000,0.7973636057393357,0.6032244569040914,0.018208098064535348,1.514894236506984,-0.5920508080546371,0.7877303036339961,-0.17016700449424352,-0.7975434986762965,-0.11699196948600926,0.12490485710914559,0.9852470024041321,0.189959301654987,0.0,0.0,0.0,1.0
1544681557753777000,0.45960465237887654,0.8867248775085456,-0.04982524580117768,3.7770395985647416,-0.8872628073610666,0.4559665658592522,-0.06970797294630207,-9.439782817882952,-0.03909314755112199,0.07624619614103,0.9963223591732601,-0.07035168395006461,0.0,0.0,0.0,1.0
1544681557759676000,0.7958815692796216,0.6048850598365147,0.026202901892433742,1.5905013776325572,-0.591349658813616,0.7859014267922463,-0.18073330735350107,-0.8132579672699156,-0.1299157754163334,0.12834723118358407,0.9831830346102783,0.18660465484569286,0.0,0.0,0.0,1.0
1544681557854633000,0.439218775813498,0.8979299631583366,-0.028436740941304786,3.833004230198231,-0.8970633934616703,0.43664210184470703,-0.06797751839887857,-9.420223664386812,-0.04862237225727495,0.055366561741792754,0.997281509282593,-0.13793190554704385,0.0,0.0,0.0,1.0
1544681557860535000,0.7954204848506332,0.6055437007641009,0.024961545322787153,1.6777993058030962,-0.5911765018016716,0.7843019598225817,-0.18809779248038402,-0.8327280639077952,-0.13347882228099092,0.13486015825059208,0.9818330518571385,0.1826392420671127,0.0,0.0,0.0,1.0
1544681557955462000,0.42377785271017365,0.9053628536817883,-0.02702655593162878,3.7330442390772243,-0.9047125556335811,0.4216576579065112,-0.06082771743004834,-9.609441619616913,-0.043675201560007426,0.050228703964646085,0.9977823179765826,-0.050662160094680414,0.0,0.0,0.0,1.0
1544681557961417000,0.7965012544092442,0.6044147173630519,0.01638905608756946,1.7758993512960584,-0.5905195859483626,0.7834415008771016,-0.19366474463569633,-0.8571523532951546,-0.1298936885913763,0.14457615342226182,0.9809308668431987,0.1774805946949498,0.0,0.0,0.0,1.0
1544681558056341000,0.4196056222036802,0.9072006690879644,-0.030299634014506582,4.149210377927912,-0.9069667599797447,0.41768262552542224,-0.05433710174485962,-10.17047307209781,-0.03663902437159852,0.050280914277106015,0.9980628294614302,-0.0864859921124166,0.0,0.0,0.0,1.0
1544681558062253000,0.7972929914686736,0.6035524175411855,0.006954497474627823,1.8834430755960057,-0.5910937188288462,0.7830639781481867,-0.19343996920963122,-0.8874076828972157,-0.12219697752406782,0.1501175719458921,0.9810874646416863,0.17039734307540633,0.0,0.0,0.0,1.0
1544681558139230312,0.4165195497138705,0.9071207397261097,-0.060360817298226,4.392619183243017,-0.9090415597635015,0.4146525818626837,-0.04131197135635509,-10.51217090109905,-0.012446177280269078,0.0720777352125209,0.9973213588195825,-0.0482737556065478,0.0,0.0,0.0,1.0
1544681558157196000,0.4165195497138705,0.9071207397261097,-0.060360817298226,4.392619183243017,-0.9090415597635015,0.4146525818626837,-0.04131197135635509,-10.51217090109905,-0.012446177280269078,0.0720777352125209,0.9973213588195825,-0.0482737556065478,0.0,0.0,0.0,1.0
1544681558163087000,0.7988837118337564,0.6014849452687614,-0.0008219378037610622,1.9972484898877856,-0.5893703291296627,0.7825189028193711,-0.20076548974353964,-0.9277439732821238,-0.12011423774186342,0.16087270540836793,0.9796389858240042,0.1616270257413516,0.0,0.0,0.0,1.0
1544681558258054000,0.4182394532969908,0.9057147660712264,-0.0689675447321388,4.361958733338807,-0.9083310148682676,0.41730069529441416,-0.02819392018113788,-10.797861265143387,0.003244554547980532,0.0744371696623751,0.9972204273070431,-0.11409716921531363,0.0,0.0,0.0,1.0
1544681558263987000,0.8031946487532367,0.595710809510351,-0.0026434157237176415,2.11603782513205,-0.5828319608589673,0.7848967686051621,-0.21034250173102548,-0.9766988020649829,-0.12322849352099421,0.17048663896534802,0.9776241835791735,0.15208981906276348,0.0,0.0,0.0,1.0
1544681558358900000,0.4183304800034158,0.9046097452983458,-0.08173627231147507,4.299285957441581,-0.9081895698394183,0.41795527529530224,-0.0224742761333453,-11.038018908326075,0.013831656986804766,0.08363370471342897,0.9964005663892935,-0.14720216578130274,0.0,0.0,0.0,1.0
1544681558364827000,0.8034549199430521,0.5953579172412555,0.003023573623557025,2.2370984429078975,-0.580221768027359,0.7841461447441649,-0.22013069661015097,-1.031590824428323,-0.13342747665494753,0.17511074798829654,0.9754657012998813,0.1431046153846249,0.0,0.0,0.0,1.0
1544681558459779000,0.4219426470754374,0.902909987900105,-0.08196314006433263,4.600367863191734,-0.9064539713025506,0.4218798880030462,-0.018935628016397463,-11.466875518327766,0.0174814326875529,0.08228556282101644,0.9964554609526796,-0.04953908386865386,0.0,0.0,0.0,1.0
1544681558465686000,0.8062047075157052,0.5914061362874787,0.016515191219925642,2.3574862249175705,-0.5737397004954218,0.7883262970183955,-0.22218101967694906,-1.091198708341188,-0.14441857794251028,0.16964796312005156,0.9748655512193867,0.13438479710149057,0.0,0.0,0.0,1.0
1544681558560622000,0.42641227278128746,0.9014406629548397,-0.07468135505623062,4.501696400984543,-0.9043475310834262,0.42652460077810705,-0.015241651957301228,-11.611768034190751,0.018113990306010692,0.07403712651512169,0.99709096237634,0.005739427728412245,0.0,0.0,0.0,1.0
1544681558566517000,0.8041318916427446,0.5935683647766492,0.0323805061639902,2.464958317438299,-0.5732670099349353,0.7887364270077244,-0.221945452828728,-1.1471021677691342,-0.15727948424164692,0.15991074087586035,0.9745212767247392,0.12682947635025596,0.0,0.0,0.0,1.0
1544681558661487000,0.4311159374596647,0.9009829032785733,-0.048670899601178215,4.37795965624027,-0.9022881349715337,0.43071711536799984,-0.018944340016509673,-11.79118442005055,0.0038948630098141926,0.05208238213430654,0.9986351964122585,-0.013063720198803653,0.0,0.0,0.0,1.0
1544681558667403000,0.8042510595141645,0.5927255012565295,0.04308959770684311,2.57180071184692,-0.5702171848060122,0.7900698685386257,-0.22503769679603905,-1.2038470253168716,-0.1674293744306741,0.15641637698002267,0.9733967955516366,0.12007731247469179,0.0,0.0,0.0,1.0
1544681558762357000,0.4293133443366468,0.9030185801159785,-0.015732016393509733,4.396433053398588,-0.902928290290481,0.42874937837503735,-0.029907743748541,-11.755018688721874,-0.02026215604497621,0.02704467615526415,0.9994288521571028,-0.006393222629365435,0.0,0.0,0.0,1.0
1544681558768246000,0.8029992060558891,0.5937830976944828,0.05112639206864542,2.6792756755998988,-0.5704121871768283,0.7905740602324622,-0.22276128929351408,-1.2615126579349583,-0.1726910877658636,0.14971402132034264,0.9735314581595884,0.11448160495343634,0.0,0.0,0.0,1.0
1544681558863211000,0.44188781218915446,0.8970692641156899,0.0013772500196401454,4.53009952283234,-0.8967478016124909,0.4417695865300642,-0.026134512052476105,-12.14917701840957,-0.02405289466666184,0.010313476426117463,0.9996574865733572,0.10852283703747795,0.0,0.0,0.0,1.0
1544681558869091000,0.8024138269789525,0.5946442007931484,0.05030233330641764,2.788343116415749,-0.5725385286408382,0.7908697739800833,-0.2161588162127023,-1.3212040064619592,-0.16832018148391212,0.14464879905401765,0.9750615577682531,0.10992913775157266,0.0,0.0,0.0,1.0
1544681558964043000,0.4511373911990502,0.8923364750193752,-0.014514462170941237,4.665025390649094,-0.8923563847095782,0.45078696043849437,-0.022163008971601776,-12.316174218102724,-0.013233931017103302,0.022950635037435482,0.9996490041115498,0.03694536196973235,0.0,0.0,0.0,1.0
1544681558969951000,0.8022540974927537,0.5955519013872834,0.04130733361133574,2.899562283248187,-0.5754933786926129,0.7899199624811165,-0.211739991392254,-1.3838338642985002,-0.1587316418898445,0.14609717871274558,0.9764527025079759,0.10546226797829349,0.0,0.0,0.0,1.0
1544681559064933000,0.4558204164483482,0.8894600344555286,-0.03299386390261672,4.858280492180211,-0.8900616824000789,0.4553255337663459,-0.021653171211957863,-12.488370867321754,-0.004236681719785849,0.03923653153330535,0.9992209691160616,-0.047060327416338164,0.0,0.0,0.0,1.0
1544681559070810000,0.8030915293167755,0.5953012908117369,0.0256976399212525,3.0121325716620384,-0.577813072556957,0.7885817496503837,-0.210406457364381,-1.4480314601103024,-0.14551992551512619,0.15412721134252494,0.9772761912590765,0.10174248724460923,0.0,0.0,0.0,1.0
1544681559138830059,0.46460603744085643,0.882052743166836,-0.07825719293051348,5.284496479370768,-0.885172267468495,0.4650752334435837,-0.013231936444822576,-12.7347459477655,0.024724216432233517,0.07541873447132129,0.9968453880178977,-0.04563232785673834,0.0,0.0,0.0,1.0
1544681559165791000,0.46460603744085643,0.882052743166836,-0.07825719293051348,5.284496479370768,-0.885172267468495,0.4650752334435837,-0.013231936444822576,-12.7347459477655,0.024724216432233517,0.07541873447132129,0.9968453880178977,-0.04563232785673834,0.0,0.0,0.0,1.0
1544681559171669000,0.8061075038805271,0.5917569074844434,0.0038019247696483285,3.124208279359142,-0.5797342638905003,0.7909864449869637,-0.1955725622837284,-1.5123911346838412,-0.1187386856034789,0.15544840395235626,0.9806818639343844,0.09894585321848798,0.0,0.0,0.0,1.0
1544681559266669000,0.4658194120137489,0.8804245163964982,-0.088684532581258,5.397011396510166,-0.8844014059760872,0.4665186234513508,-0.013947296532968872,-12.709249992738906,0.029093444256157834,0.08492964677336565,0.9959621110264499,-0.053735602747381726,0.0,0.0,0.0,1.0
1544681559272527000,0.8097332448942925,0.5860770823897563,-0.02908136190879496,3.234389667164332,-0.5810194902394853,0.7938358797762044,-0.17955764517777575,-1.5756051740361057,-0.08214879229060625,0.16229063274709665,0.9833175104958413,0.09647872808482356,0.0,0.0,0.0,1.0
1544681559367491000,0.4661856506938963,0.8817497156066592,-0.07203039715760372,5.258178435040116,-0.8845623174803732,0.4659388840267814,-0.021224110007968516,-12.835763168182169,0.014847409904089563,0.07360975057322604,0.9971765937082979,-0.09934934773680329,0.0,0.0,0.0,1.0
1544681559373406000,0.8150435254272987,0.5756414721438965,-0.06588586500188927,3.338568656980943,-0.5778919332441993,0.7994510969914321,-0.16406967120853955,-1.6367202457119165,-0.041772780016658545,0.17179883313691455,0.9842460036913895,0.09540142062274382,0.0,0.0,0.0,1.0
1544681559468372000,0.47201137271245486,0.8791486623424791,-0.06559644450374401,5.309317054138881,-0.8813870632546866,0.472199347997171,-0.01358751185196615,-12.945950542938743,0.019029155456382476,0.06422931770209832,0.9977537201083929,-0.01121550017549948,0.0,0.0,0.0,1.0
1544681559474245000,0.8204891620432211,0.5632401439846417,-0.09776540888153924,3.432052678565991,-0.5716475860947352,0.80716305397383,-0.14733241873974484,-1.6938207240992706,-0.004070906738755267,0.1767720127842708,0.9842434064877037,0.09522850457773847,0.0,0.0,0.0,1.0
1544681559569192000,0.46944316456008,0.8814698640078987,-0.05132245214049883,5.2971525690486425,-0.882923514152856,0.46917623099223393,-0.017881063388209207,-12.869700012882632,0.0083176561474378,0.053707942781492775,0.9985220445630583,0.0028947660532245125,0.0,0.0,0.0,1.0
1544681559575102000,0.8236562094358207,0.5537143178055041,-0.12243734281256524,3.5101868469947988,-0.5663625693819333,0.8141270591357537,-0.1281817911642094,-1.7459913726053935,0.028703460782812697,0.17492165629262785,0.984163871262775,0.09469389896219442,0.0,0.0,0.0,1.0
1544681559670049000,0.47151432659886994,0.8794609927766199,-0.06498155120013739,5.39830519625985,-0.881779516649964,0.4711759933293878,-0.021402507484446626,-12.98356942848839,0.011795076454629258,0.06739098971247888,0.9976569203273241,-0.05707479003025211,0.0,0.0,0.0,1.0
1544681559675985000,0.8249383058280397,0.5472649470904859,-0.14134309061149697,3.566711688996044,-0.5623013702408898,0.8199925329627802,-0.10690844171768957,-1.7877878709885648,0.057393036187152024,0.16767028231423367,0.9841710805677457,0.09309848980434798,0.0,0.0,0.0,1.0
1544681559770914000,0.475333159549007,0.8773419119048368,-0.06579936966508534,5.325079178946568,-0.8796998530917446,0.47510588116221514,-0.020064151002173385,-13.174274024586806,0.013658546903655115,0.06742085211743741,0.9976311306270653,-0.009505115869290905,0.0,0.0,0.0,1.0
1544681559776831000,0.8263614262867158,0.5418227457496444,-0.15347607414088418,3.6103268623034186,-0.5582839329113471,0.8239378026208887,-0.09718820743948181,-1.8232162379045866,0.07379595787317518,0.16599581199710556,0.9833613511832769,0.09053872037430505,0.0,0.0,0.0,1.0
1544681559871795000,0.4783357209789586,0.8747176171102868,-0.07787187138138396,5.440186505846218,-0.877843582716691,0.47871396030780716,-0.014952875627771582,-13.225346310366406,0.024198808207492168,0.07551181711040712,0.9968512342160278,0.07181545444352798,0.0,0.0,0.0,1.0
1544681559877675000,0.8253570824561579,0.5415204742417727,-0.1598163396415598,3.6398526162398346,-0.5579425447873412,0.8256285537611392,-0.08389045196276775,-1.8513621558662159,0.08652053603442607,0.15840791391612838,0.9835756857776895,0.0872800057965143,0.0,0.0,0.0,1.0
1544681559972640000,0.48060014505802834,0.8735540847041148,-0.07698546399779925,5.532472437139231,-0.8766166085261095,0.4809515122944023,-0.015131572222022034,-13.229703346273036,0.02380802861188574,0.07475897216042031,0.9969173856720174,0.013715903151786854,0.0,0.0,0.0,1.0
1544681559978545000,0.8262784206160582,0.5392407036230071,-0.16273731956868048,3.654281795148357,-0.5557311755412513,0.8275511048894229,-0.07951118995358913,-1.871773595032449,0.09179777859932955,0.15613658236449024,0.9834604900512097,0.08314030096869278,0.0,0.0,0.0,1.0
1544681560073489000,0.4791196453876683,0.8748042105923449,-0.07184677121136537,5.502100183022952,-0.8774753675527907,0.47940865947108474,-0.014293934456006267,-13.238920095177171,0.02193957022572171,0.06989227678393134,0.9973132531478098,0.04137897792048873,0.0,0.0,0.0,1.0
1544681560079394000,0.8273775631158282,0.5379585722827324,-0.16139065202185013,3.6583863012050535,-0.5535658653431185,0.8296488081737357,-0.07244092643544339,-1.8873192814098103,0.09492734474026146,0.14927635312877566,0.9842283117331742,0.07878839803033062,0.0,0.0,0.0,1.0
1544681560139275355,0.4790772169385299,0.874572245233317,-0.07488930549809468,5.472014032847775,-0.8774972928548613,0.4793179067818438,-0.015901109101649318,-13.215536702894546,0.02198911646296393,0.07333302193301375,0.9970650664080796,0.014478562954190423,0.0,0.0,0.0,1.0
1544681560174364000,0.4790772169385299,0.874572245233317,-0.07488930549809468,5.472014032847775,-0.8774972928548613,0.4793179067818438,-0.015901109101649318,-13.215536702894546,0.02198911646296393,0.07333302193301375,0.9970650664080796,0.014478562954190423,0.0,0.0,0.0,1.0
1544681560180279000,0.8275456388513072,0.5383406593138546,-0.15924054178413716,3.659440247233774,-0.5529767458632293,0.8305993540045121,-0.06573759701876201,-1.901753498282203,0.09687586981644475,0.14245717832673113,0.9850487389923878,0.07401639995873784,0.0,0.0,0.0,1.0
1544681560275227000,0.4786386521015409,0.8747759508336928,-0.07531318979721222,5.522030443388103,-0.8777093432748079,0.47896215068727027,-0.014885124693244989,-12.984639114029402,0.0230510182535804,0.0732276863763811,0.9970488235314419,0.008600950918625228,0.0,0.0,0.0,1.0
1544681560281108000,0.8292836442269635,0.5373146428973428,-0.15356305527615832,3.6591243086081295,-0.5511861810273087,0.8317438573868912,-0.06630195731430966,-1.9150731241879932,0.09210011542977595,0.1396249627655426,0.9859119831458281,0.06992043847470342,0.0,0.0,0.0,1.0
1544681560376085000,0.4757862023194441,0.8764093414495708,-0.07439190750593042,5.393793659002718,-0.8792775743245879,0.47607546588487654,-0.014936467867826672,-13.102592966842419,0.02232570205632633,0.07251770130409418,0.9971172177960121,-0.006563771709671527,0.0,0.0,0.0,1.0
1544681560381964000,0.8302634775821339,0.5382361746656322,-0.14479080797664187,3.6553044599527493,-0.5510118038409823,0.8317415872768268,-0.06776373677811885,-1.925911426212895,0.08395564198508393,0.13604320003416437,0.9871391481971198,0.0662294155666028,0.0,0.0,0.0,1.0
1544681560476961000,0.47663867571456947,0.8763858208516595,-0.06901786597124876,5.425636848932186,-0.8789118626406818,0.4766872852110536,-0.016827650685809277,-13.042121142367236,0.01815242470160752,0.06868133027454763,0.9974734905495826,-0.032600291202252246,0.0,0.0,0.0,1.0
1544681560482849000,0.831568757360286,0.5387760635627238,-0.13495834584835975,3.64871314878302,-0.5503519413566266,0.8320395561368877,-0.0694472293797612,-1.9346079137026877,0.07487417730607346,0.13202473387736677,0.9884145523095804,0.06383322122218663,0.0,0.0,0.0,1.0
1544681560577806000,0.47701851324918976,0.8762658836355541,-0.06790757832477609,5.438084467140271,-0.8787136571318024,0.4770572107445875,-0.016695102474899987,-13.135942151101291,0.01776645118148348,0.0676351894578489,0.9975519206334146,-0.03148832902255762,0.0,0.0,0.0,1.0
1544681560583705000,0.8331156420718281,0.5389808157785386,-0.12416926817029487,3.6403611068809383,-0.5492874004562113,0.8325655395027258,-0.07154001770053875,-1.9413407388544874,0.0648203566428137,0.12780572231022605,0.9896787452044512,0.062302802001183516,0.0,0.0,0.0,1.0
1544681560678659000,0.4802129518332823,0.8741265370265306,-0.07278954703507987,5.539287530820993,-0.8769428181409793,0.4802544849629835,-0.018081022755815433,-13.063985220356532,0.019152404614582823,0.07251501181788413,0.9971834126471059,-0.07613066916504588,0.0,0.0,0.0,1.0
1544681560684553000,0.8335277616836142,0.5401400872710869,-0.11610407669624181,3.6308813237464146,-0.5495748075041632,0.8321466627424254,-0.0741583619250462,-1.9454060889201836,0.05655971587149399,0.12562092902629307,0.9904647296754719,0.060578401802082474,0.0,0.0,0.0,1.0
1544681560779519000,0.4813756077386626,0.873538283113605,-0.07216919155130987,5.581847938716422,-0.8763140573053108,0.4813918640538472,-0.01831791996566268,-13.094306211934539,0.01874025729112733,0.07206067691675243,0.9972241782061642,-0.06438190351142609,0.0,0.0,0.0,1.0
1544681560785412000,0.8351173408180163,0.5392383478757437,-0.10863255149946047,3.620975391582093,-0.5480636685590305,0.8325408977188166,-0.0806341666489091,-1.9471131495336822,0.04696000714075225,0.12687654553063626,0.9908062877896728,0.059449240186624994,0.0,0.0,0.0,1.0
1544681560880381000,0.48157996468615233,0.872658340074787,-0.08092069643053783,5.56013814896774,-0.87612168452271,0.4817050530003495,-0.019262290181076867,-13.037726640356526,0.022170510187440522,0.08017270989465206,0.9965343973321608,-0.0340263370914327,0.0,0.0,0.0,1.0
1544681560886282000,0.8353383551827772,0.5394367684259588,-0.10591414084385246,3.6133419273372724,-0.5481100096221027,0.8320714615585617,-0.0850441074493678,-1.9477561272486819,0.042252215475507754,0.1290932055917834,0.9907318984253243,0.059324616724750125,0.0,0.0,0.0,1.0
1544681560981239000,0.47959908056388456,0.8745355028274205,-0.0719192339827651,5.453440891927895,-0.8773382052422724,0.4794170684826207,-0.020903302844253985,-13.232585362039032,0.016198627859879935,0.07312269648969175,0.9971913937221522,-0.08203862094755161,0.0,0.0,0.0,1.0
1544681560987146000,0.8365749650396032,0.5381423251718771,-0.10268965735454093,3.606786698776606,-0.5466787236669625,0.8322500548146702,-0.0922074799072218,-1.9477616760039507,0.035842725326705904,0.13327672009615246,0.9904305199869216,0.05972902933861553,0.0,0.0,0.0,1.0
1544681561082063000,0.48225788808913395,0.8722622068665753,-0.08115400081364188,5.62005337741881,-0.8757610669882137,0.4823293410476808,-0.020023993412300614,-13.068584924203165,0.021676783051732266,0.08072824311704502,0.9965004103560422,-0.04318481215572355,0.0,0.0,0.0,1.0
1544681561087974000,0.8370871300415275,0.5375755006111425,-0.10147767173875848,3.600555567951749,-0.5462201730252069,0.8316154777147515,-0.10029566194796381,-1.9478034635222008,0.03047391177960678,0.13938535923097642,0.9897691964962836,0.060161828001553334,0.0,0.0,0.0,1.0
1544681561138172453,0.4822019983998613,0.8725706788659825,-0.07811301506496651,5.469647835785383,-0.8758478762286172,0.48212736082879204,-0.02106432163838723,-13.215854159825918,0.019280312367793626,0.07857237633943352,0.9967219528190259,-0.032165228261191114,0.0,0.0,0.0,1.0
1544681561182922000,0.4822019983998613,0.8725706788659825,-0.07811301506496651,5.469647835785383,-0.8758478762286172,0.48212736082879204,-0.02106432163838723,-13.215854159825918,0.019280312367793626,0.07857237633943352,0.9967219528190259,-0.032165228261191114,0.0,0.0,0.0,1.0
1544681561188856000,0.8374550219759278,0.5373279556340491,-0.0997384292107685,3.5951874615151116,-0.5458521578713187,0.8313312818542017,-0.1045644373478664,-1.94855052121427,0.026730280853760086,0.142010449984452,0.9895041809819153,0.06096160757690467,0.0,0.0,0.0,1.0
1544681561283786000,0.4830885783350832,0.8717221617767077,-0.08201157326580447,5.5279851216041616,-0.8752973272716731,0.48315794209783747,-0.02032220113200857,-13.206571742860657,0.021909229864457154,0.08160193413840613,0.996424161685984,-0.012636778437586172,0.0,0.0,0.0,1.0
1544681561289715000,0.837854256464649,0.5372991212222124,-0.0964878192204038,3.5919395477011307,-0.5454334727055096,0.8312255540580319,-0.10754722280620395,-1.9495491414146002,0.022418112687669568,0.1427365847102964,0.9895067941195568,0.06255391673202639,0.0,0.0,0.0,1.0
1544681561384639000,0.4826753948578463,0.8722410797165938,-0.07886673604032483,5.642164367407546,-0.8755622707288275,0.482679309496797,-0.020282856304682653,-13.004460640276111,0.02037580121127782,0.07884277416814632,0.9966788066807022,-0.04379272884933325,0.0,0.0,0.0,1.0
1544681561390573000,0.8384652474799329,0.5366662870993524,-0.09468540045545669,3.5905007558238657,-0.5445527339740732,0.8317778586334922,-0.10774002881215845,-1.9514404389464854,0.020936778400097104,0.14189746360693092,0.9896599219591259,0.06468379433605641,0.0,0.0,0.0,1.0
1544681561485527000,0.48147596687121663,0.8728559343107688,-0.07939402536654314,5.6284670621461625,-0.8762232264779374,0.48146963674447674,-0.02049015065185354,-13.037878325877577,0.020340862961519872,0.0794324041661825,0.9966327018828753,-0.06860045189400982,0.0,0.0,0.0,1.0
1544681561491427000,0.8391651737374642,0.5356215060151273,-0.0944002832636578,3.5908171413385284,-0.543605658824966,0.8314947641383382,-0.1144960475475218,-1.9553588221105214,0.01716679584672518,0.14739762380927365,0.9889283298681127,0.06732821297861588,0.0,0.0,0.0,1.0
1544681561586400000,0.4823167778533756,0.8722929632308296,-0.08047056666332789,5.612121547840082,-0.8757155959227317,0.4824509474217901,-0.01905986331307216,-13.054138099600223,0.022197316478157175,0.07966222209930361,0.9965747385476756,-0.030094674397427447,0.0,0.0,0.0,1.0
1544681561592265000,0.8398674682845901,0.5344014909982927,-0.09506672465187717,3.592830652922728,-0.5425659770385858,0.8315904148595995,-0.11865724787725204,-1.962035885039271,0.015645966809241407,0.15123633271288897,0.9883738034722281,0.07068777489009623,0.0,0.0,0.0,1.0
1544681561687241000,0.48024419971021237,0.8737909275565092,-0.07651747228335946,5.435392853039009,-0.876939007084357,0.48014980129172186,-0.020836174635071734,-13.126584984028108,0.018533388751091756,0.0771076081814171,0.9968505054730823,-0.06714236615619125,0.0,0.0,0.0,1.0
1544681561693121000,0.8407015295991547,0.5332211139524208,-0.09431957254452683,3.5967015275784204,-0.5413164652110819,0.8320909794428517,-0.12083495529529323,-1.9704993775850073,0.01405071603226019,0.15264286935582225,0.9881815277639024,0.07468643046532074,0.0,0.0,0.0,1.0
1544681561788116000,0.48373609192902667,0.871022161747657,-0.08555575439251743,5.583072522623953,-0.8749571008280251,0.48364595311491765,-0.023166004104741535,-13.275175984989476,0.021200591403268444,0.08606384711367189,0.9960640286367861,-0.07441606176604812,0.0,0.0,0.0,1.0
1544681561793982000,0.8410823451373104,0.5329398010807861,-0.09249679520013114,3.602735101324591,-0.5407512301276491,0.8325597373115918,-0.12013488636981508,-1.9811051441458511,0.012984445069194205,0.15106108774806476,0.9884391493433549,0.07939480547251443,0.0,0.0,0.0,1.0
1544681561888984000,0.48428068877247177,0.8716288373640106,-0.07573232042876524,5.463613915790577,-0.874738163206128,0.4840956267113981,-0.022012951407491523,-13.284751944372736,0.017474561878009852,0.07690639813673184,0.996885171728823,-0.09755886114635512,0.0,0.0,0.0,1.0
1544681561894840000,0.8415364671229505,0.5324582376836089,-0.0911295760172788,3.6108489087164135,-0.5400273812732528,0.8334783159484842,-0.11698001675001234,-1.9948753992890893,0.013667551989071252,0.1476554163129422,0.9889444251605221,0.084773927953251,0.0,0.0,0.0,1.0
1544681561989841000,0.48030085035973225,0.8738703954760447,-0.07524377086683752,5.439800865452033,-0.876927277494569,0.48015499757576685,-0.02120679817838989,-13.147472168447623,0.01759667950722831,0.07616895833316967,0.9969396404280244,-0.044365546936981796,0.0,0.0,0.0,1.0
1544681561995711000,0.8418233702776615,0.5320434817486895,-0.09090185247337855,3.620050899503125,-0.5396063282568184,0.8335007328139366,-0.11874990064764937,-2.0095395620149303,0.012586650052820019,0.14901765642824466,0.9887544256857105,0.0899553005272403,0.0,0.0,0.0,1.0
1544681562090700000,0.4788720310377193,0.8746564235328808,-0.07521780814728254,5.544021731583533,-0.8777140511724574,0.47870769561288684,-0.021377243401176357,-13.003957318444812,0.01730960034897367,0.07625669107477384,0.996937959354585,-0.1229680384546781,0.0,0.0,0.0,1.0
