1544681555131464000,0.7185769049736698,0.6883746056032622,0.0989324719140253,-0.007626886610658517,-0.6884735375380797,0.7242319713419947,-0.03862951974712037,0.013174638380914807,-0.09824163958459886,-0.040354108175530784,0.9943440683209673,-0.0016085911976908855,0.0,0.0,0.0,1.0
1544681555137376000,0.7183204584853744,0.6886379413780602,0.098962137284668,5.246222871165386e-05,-0.6887368104143624,0.7239797963810687,-0.03866342473546974,-0.00010825577067710358,-0.0982716892172487,-0.04038613780263408,0.9943397985456345,1.3587472235017353e-05,0.0,0.0,0.0,1.0
1544681555138720336,0.7183204584853744,0.6886379413780602,0.098962137284668,5.246222871165386e-05,-0.6887368104143624,0.7239797963810687,-0.03866342473546974,-0.00010825577067710358,-0.0982716892172487,-0.04038613780263408,0.9943397985456345,1.3587472235017353e-05,0.0,0.0,0.0,1.0
1544681555232312000,0.7158454126653926,0.6912336037560989,0.0988000516410479,0.1655245736839159,-0.6915979494594832,0.7213806572511536,-0.03608633601983356,-0.2963662332423566,-0.09621653428260958,-0.04249767502174036,0.9944527772339872,0.03126149138231163,0.0,0.0,0.0,1.0
1544681555238219000,0.7156808443212882,0.6914261024865834,0.09864519183305602,0.17073058445382988,-0.6917975954462362,0.721195573680072,-0.035958746350128724,-0.30608911252947246,-0.09600529155399466,-0.042507520563846046,0.9944727722211145,0.03208110943651909,0.0,0.0,0.0,1.0
1544681555333155000,0.7163448989887448,0.6913243902411854,0.094448785860184,0.2703551228264539,-0.6918107831350345,0.7213326249280444,-0.03281896635339355,-0.5019856858359869,-0.09081754252839942,-0.04183098937475093,0.9949886141544704,0.04823907009005526,0.0,0.0,0.0,1.0
1544681555339076000,0.7130664390934447,0.6944666805588685,0.09618878849505158,0.3021904753099779,-0.6953327724149556,0.7180729285527541,-0.029725492181054296,-0.5657418667982677,-0.0897139289315386,-0.04568696611965575,0.9949191485153225,0.04677850006539379,0.0,0.0,0.0,1.0
1544681555434014000,0.7105205802068623,0.6973629153537951,0.09405035561743416,0.38374017029701707,-0.698524077663252,0.7151342882153977,-0.02543742800211406,-0.7558230592941388,-0.08499775307153477,-0.047622621808536894,0.9952424166326836,0.04356885009323743,0.0,0.0,0.0,1.0
1544681555439926000,0.7103178719957641,0.697580544996836,0.09396756868905344,0.38695720704352193,-0.6987489158997074,0.7149186748378159,-0.025322734787623227,-0.7645939626947218,-0.08484381681886954,-0.04767254566375001,0.9952531613300895,0.042945504865150176,0.0,0.0,0.0,1.0
1544681555534890000,0.7065120616332847,0.7008743159891299,0.09806069525279763,0.32939146690296606,-0.7028271670043751,0.7111119874705728,-0.018807301673864803,-0.6347367219164339,-0.08291369059023458,-0.055632135159641806,0.9950027062527463,0.007752249015123664,0.0,0.0,0.0,1.0
1544681555540795000,0.7066846768007724,0.701278078527333,0.09383935289636837,0.4252229847230147,-0.7026716472720628,0.7111471351869493,-0.022854063869814666,-0.9060002817863572,-0.08276064097721335,-0.049787635939211164,0.9953250060219673,0.020310232854108334,0.0,0.0,0.0,1.0
1544681555635732000,0.7005322524910647,0.7077290113869243,0.09151070790398365,0.41499168227722805,-0.70918930527697,0.7047029820835133,-0.021076914465080924,-0.9840464143549067,-0.07940461258996899,-0.050133356998044935,0.9955810132859798,-0.01806432968212063,0.0,0.0,0.0,1.0
1544681555641662000,0.7120948273433911,0.6956430536703184,0.09487728258662952,0.5828594528837774,-0.6975298573219494,0.716352668186591,-0.017057342300974297,-1.1515897117314682,-0.07983141621697447,-0.0540332921649968,0.995342829542971,0.049244081151181875,0.0,0.0,0.0,1.0
1544681555736582000,0.6967170092156989,0.7114408411992699,0.09185498649073792,0.5421061065563816,-0.7137233414971877,0.7003446889841519,-0.010784637860357637,-1.291658011086218,-0.07200278377690149,-0.05804520725580506,0.9957139915874477,0.04186598816860922,0.0,0.0,0.0,1.0
1544681555742502000,0.6967170092156989,0.7114408411992699,0.09185498649073792,0.5421061065563816,-0.7137233414971877,0.7003446889841519,-0.010784637860357637,-1.291658011086218,-0.07200278377690149,-0.05804520725580506,0.9957139915874477,0.04186598816860922,0.0,0.0,0.0,1.0
1544681555837471000,0.6926051133700805,0.7164923001817368,0.08328829878139353,0.8335501990937847,-0.7186207791397938,0.6953751539738561,-0.006129520727547753,-1.7647480786863143,-0.06230836799442414,-0.05560736476510567,0.9965066423570639,0.06362534058383817,0.0,0.0,0.0,1.0
1544681555843346000,0.6771461647771346,0.7304923963588085,0.08862240342929387,0.6550885662668023,-0.7328608035474463,0.6803298391857362,-0.008145706679274388,-1.6545521743608513,-0.06624284226548434,-0.05943205175222773,0.9960319859688812,0.04923776034724608,0.0,0.0,0.0,1.0
1544681555938350000,0.6616442881382624,0.7451659641771639,0.08339377558263293,0.895596949797642,-0.7476195396790488,0.6641218895553933,-0.002672022353536959,-2.208922696421107,-0.05737473193047287,-0.06057888778519048,0.9965130899745471,0.07333697290266866,0.0,0.0,0.0,1.0
1544681555944209000,0.6475668777218102,0.7564001401036146,0.09228199677545383,0.808592568194037,-0.7591368701149269,0.6508822363328177,-0.007970373799518251,-2.124581027739015,-0.06609350429309867,-0.06489331612444374,0.995701012459379,0.04240927141778711,0.0,0.0,0.0,1.0
1544681556039208000,0.5973496790338838,0.7952014542767525,0.1040577151116448,0.8502072322932245,-0.7986159005504261,0.6016883752983363,-0.01355516207508883,-2.5745273123570804,-0.07338940213785039,-0.07500497414829893,0.9944788833891133,-0.0037607644398939635,0.0,0.0,0.0,1.0
1544681556045063000,0.5973366097102307,0.7952110556505984,0.10405936608950173,0.8502894961382336,-0.7986255449288063,0.601675527727822,-0.013557223927381045,-2.574682895171118,-0.07339082835790812,-0.0750062417703095,0.9944786825309216,-0.003767172416328113,0.0,0.0,0.0,1.0
1544681556139543376,0.5501388020239484,0.8273535055549178,0.11328492994941924,1.535560508387506,-0.8312997384589202,0.555472080904535,-0.019786666564033602,-3.6221518183528074,-0.0792971837191277,-0.08328831959870418,0.9933654979274442,-0.028400060350897798,0.0,0.0,0.0,1.0
1544681556140036000,0.5501390194917571,0.8288063667285844,0.10211300457245441,1.0091449228775193,-0.8320536794351745,0.5544254089787085,-0.017295676256634973,-2.9793407647818055,-0.07094881092050347,-0.07544847479541948,0.9946224378526847,0.04248270871949707,0.0,0.0,0.0,1.0
1544681556145946000,0.5498972248766337,0.828985095084509,0.10196447518969591,1.0117705163372093,-0.832211485616248,0.5541836862189832,-0.017449502489754076,-2.984048364270995,-0.07097242620465548,-0.07526057438310399,0.9946349886577254,0.04300163804331478,0.0,0.0,0.0,1.0
1544681556240899000,0.5180870778267435,0.850470908225567,0.09102205255283158,1.310732289143729,-0.8521684819773656,0.5223805472043105,-0.03045393614810476,-3.4796817520213246,-0.07344833635512996,-0.06178833356311707,0.995383114043111,0.045024610643324574,0.0,0.0,0.0,1.0
1544681556246791000,0.5180870778267435,0.850470908225567,0.09102205255283158,1.310732289143729,-0.8521684819773656,0.5223805472043105,-0.03045393614810476,-3.4796817520213246,-0.07344833635512996,-0.06178833356311707,0.995383114043111,0.045024610643324574,0.0,0.0,0.0,1.0
1544681556341762000,0.5149345512524384,0.8529171187786995,0.08587663489386084,1.625448903741783,-0.8533658588287117,0.519535560022257,-0.043005963050523344,-3.7661276900102956,-0.08129648769776479,-0.05113893200491836,0.9953771600360347,0.04170772367577143,0.0,0.0,0.0,1.0
1544681556347654000,0.48950957843745857,0.8691017127406007,0.07101116482175554,1.6173265806881874,-0.8693530167468464,0.4927417980718466,-0.03782661372741864,-3.95803818318228,-0.06786534381512492,-0.0432172806210754,0.9967580256835508,0.010431349658553048,0.0,0.0,0.0,1.0
1544681556442639000,0.456170493600645,0.8885165504508359,0.049465344869823395,1.8897107805813051,-0.8878989477853032,0.45816343889204486,-0.041493635468233286,-4.400441647495543,-0.05953099436343829,-0.024992055488923533,0.9979135523042744,-0.014159278817952268,0.0,0.0,0.0,1.0
1544681556448499000,0.4554193082941882,0.8889775488905551,0.048085041347452256,1.900236262282182,-0.8883291400348183,0.4573305066164087,-0.04147465108934478,-4.417833377239918,-0.0588607899865979,-0.023826986517868885,0.9979818045012815,-0.01496314795794015,0.0,0.0,0.0,1.0
1544681556543468000,0.45512110206441275,0.8903594780948026,0.011170596332905071,2.173748521064866,-0.8893406859385489,0.45514900514349327,-0.04373245306683301,-4.882210611395796,-0.0440218898961721,0.009969096430708906,0.9989808258051438,-0.031224977838492363,0.0,0.0,0.0,1.0
1544681556549380000,0.45512110206441275,0.8903594780948026,0.011170596332905071,2.173748521064866,-0.8893406859385489,0.45514900514349327,-0.04373245306683301,-4.882210611395796,-0.0440218898961721,0.009969096430708906,0.9989808258051438,-0.031224977838492363,0.0,0.0,0.0,1.0
1544681556644347000,0.46813859048508927,0.8834612075836088,-0.018508235830480564,2.409823317081763,-0.8830733143074139,0.4669678797923774,-0.046070823742723,-5.3107428783149935,-0.032059033933660754,0.03791165964621207,0.9987667016906933,-0.0354164849168203,0.0,0.0,0.0,1.0
1544681556650261000,0.46828728760469585,0.8833423931537704,-0.020328126455932384,2.4229720891975726,-0.8830316838604716,0.4670671641983492,-0.04586185153538821,-5.335505707201271,-0.031017117312495648,0.039426901794146485,0.9987409363035731,-0.03531179866202284,0.0,0.0,0.0,1.0
1544681556745188000,0.5020267776760043,0.8633909872217007,-0.050250549057581494,2.6480745945745814,-0.8647392188618607,0.5001746175974059,-0.04529277286137088,-5.780458499152353,-0.013971322715851886,0.0661918053510381,0.9977090994102126,-0.029170406255526297,0.0,0.0,0.0,1.0
1544681556751096000,0.5020267776760043,0.8633909872217007,-0.050250549057581494,2.6480745945745814,-0.8647392188618607,0.5001746175974059,-0.04529277286137088,-5.780458499152353,-0.013971322715851886,0.0661918053510381,0.9977090994102126,-0.029170406255526297,0.0,0.0,0.0,1.0
1544681556846027000,0.5323692342815615,0.8435059460164162,-0.07127915140783149,2.842097611894446,-0.8463906081110906,0.5289748855154776,-0.06171311850189916,-6.214793761010884,-0.014350501447969805,0.09318416994770046,0.9955454653502004,-0.01435737124549928,0.0,0.0,0.0,1.0
1544681556851940000,0.5323692342815615,0.8435059460164162,-0.07127915140783149,2.842097611894446,-0.8463906081110906,0.5289748855154776,-0.06171311850189916,-6.214793761010884,-0.014350501447969805,0.09318416994770046,0.9955454653502004,-0.01435737124549928,0.0,0.0,0.0,1.0
1544681556946909000,0.5555105517650147,0.8273369524653446,-0.08319611747608222,2.9996855335369106,-0.8313184530354796,0.5504513959570054,-0.07689532060980268,-6.641158395648687,-0.017822921209247042,0.1118786296588738,0.9935620341504686,0.008519378107778917,0.0,0.0,0.0,1.0
1544681556952836000,0.5555105517650147,0.8273369524653446,-0.08319611747608222,2.9996855335369106,-0.8313184530354796,0.5504513959570054,-0.07689532060980268,-6.641158395648687,-0.017822921209247042,0.1118786296588738,0.9935620341504686,0.008519378107778917,0.0,0.0,0.0,1.0
1544681557047743000,0.5554613623203101,0.8250753115109681,-0.10350558102997057,3.11284996360975,-0.8314306788662358,0.5490275694107329,-0.08539176931637475,-7.036127012324905,-0.013627223095850662,0.13348954401760682,0.9909565280216208,0.03695411269128901,0.0,0.0,0.0,1.0
1544681557053675000,0.5598840174345542,0.8249633689958419,-0.0772355283297736,3.05640296734288,-0.8279441124926292,0.5533991890244735,-0.09087290121839194,-6.9388632752243335,-0.03222473599797745,0.1148249859659798,0.9928629255782351,0.008101871269750961,0.0,0.0,0.0,1.0
1544681557139362340,0.5428897923919495,0.8357767169607576,-0.08214592322766821,3.0431926585566265,-0.8391300679255755,0.5359350864166567,-0.09292100005268523,-7.239384983168848,-0.03363632589694771,0.1193769765652974,0.992279061074193,-0.020155821304234194,0.0,0.0,0.0,1.0
1544681557148627000,0.5428897923919495,0.8357767169607576,-0.08214592322766821,3.0431926585566265,-0.8391300679255755,0.5359350864166567,-0.09292100005268523,-7.239384983168848,-0.03363632589694771,0.1193769765652974,0.992279061074193,-0.020155821304234194,0.0,0.0,0.0,1.0
1544681557154504000,0.5428897923919495,0.8357767169607576,-0.08214592322766821,3.0431926585566265,-0.8391300679255755,0.5359350864166567,-0.09292100005268523,-7.239384983168848,-0.03363632589694771,0.1193769765652974,0.992279061074193,-0.020155821304234194,0.0,0.0,0.0,1.0
1544681557249493000,0.5240093680853032,0.8476319821852621,-0.08327187361607799,3.058858786414725,-0.8510942996540098,0.5173959142233845,-0.0891064590330359,-7.563173534212692,-0.0324449573169969,0.1175648362463726,0.99253505430441,-0.046951211424261036,0.0,0.0,0.0,1.0
1544681557255408000,0.5240093680853032,0.8476319821852621,-0.08327187361607799,3.058858786414725,-0.8510942996540098,0.5173959142233845,-0.0891064590330359,-7.563173534212692,-0.0324449573169969,0.1175648362463726,0.99253505430441,-0.046951211424261036,0.0,0.0,0.0,1.0
1544681557350343000,0.5112314437024429,0.8553263150771624,-0.08401967451999201,3.0981266991687044,-0.8587892960893718,0.5045831280165565,-0.08875140474019237,-7.8595612977748885,-0.03351650179012006,0.11752770591463049,0.9925038450556238,-0.06838019920904344,0.0,0.0,0.0,1.0
1544681557356239000,0.5112314437024429,0.8553263150771624,-0.08401967451999201,3.0981266991687044,-0.8587892960893718,0.5045831280165565,-0.08875140474019237,-7.8595612977748885,-0.03351650179012006,0.11752770591463049,0.9925038450556238,-0.06838019920904344,0.0,0.0,0.0,1.0
1544681557451201000,0.4923037838139201,0.8664192490579984,-0.08339465992660652,3.156338431456835,-0.8698826092820421,0.48635760093902586,-0.08222244266322515,-8.142170309676104,-0.030679480294955937,0.1130219840146746,0.9931187243316967,-0.08542281737670686,0.0,0.0,0.0,1.0
1544681557457102000,0.4916160115769686,0.8668054776181353,-0.0834383672680415,3.1579998675602856,-0.8702765489354078,0.4856932525804182,-0.08198044139267692,-8.149120051334638,-0.03053564366830998,0.11291735193962367,0.9931350593432423,-0.08580262585715297,0.0,0.0,0.0,1.0
1544681557552060000,0.4542523516993447,0.8863971637165352,-0.0891900730513389,3.2422822370952686,-0.8904743840583036,0.44877306162711483,-0.07522041274690981,-8.457503078163601,-0.02664905836245244,0.1135905247505854,0.993170187014934,-0.10118315894287246,0.0,0.0,0.0,1.0
1544681557557935000,0.4542523516993447,0.8863971637165352,-0.0891900730513389,3.2422822370952686,-0.8904743840583036,0.44877306162711483,-0.07522041274690981,-8.457503078163601,-0.02664905836245244,0.1135905247505854,0.993170187014934,-0.10118315894287246,0.0,0.0,0.0,1.0
1544681557652914000,0.41968190910042646,0.9030457797176268,-0.091517292945175,3.350118519103153,-0.9070449398102943,0.41351017198656836,-0.07923897291222201,-8.773269090761758,-0.03371308853203666,0.1162654608980156,0.9926458433216742,-0.11269991155001184,0.0,0.0,0.0,1.0
1544681557658793000,0.41968190910042646,0.9030457797176268,-0.091517292945175,3.350118519103153,-0.9070449398102943,0.41351017198656836,-0.07923897291222201,-8.773269090761758,-0.03371308853203666,0.1162654608980156,0.9926458433216742,-0.11269991155001184,0.0,0.0,0.0,1.0
1544681557753777000,0.3980406391647171,0.9114296044285823,-0.10421000789036428,3.4853607335912846,-0.9167813249683311,0.39115004688399524,-0.080707143500228,-9.095832366228372,-0.03279713040287616,0.12766251209267768,0.9912752550344037,-0.11857666690320615,0.0,0.0,0.0,1.0
1544681557759676000,0.3980406391647171,0.9114296044285823,-0.10421000789036428,3.4853607335912846,-0.9167813249683311,0.39115004688399524,-0.080707143500228,-9.095832366228372,-0.03279713040287616,0.12766251209267768,0.9912752550344037,-0.11857666690320615,0.0,0.0,0.0,1.0
1544681557854633000,0.38458742212070407,0.9165408749957521,-0.10975126062411857,3.6366040187818416,-0.9224993149269286,0.37736808974967434,-0.08116858257993223,-9.405032510846896,-0.032977700130633544,0.1324618786697246,0.9906393501135418,-0.12008951123356304,0.0,0.0,0.0,1.0
1544681557860535000,0.3829660299337204,0.9171199004603336,-0.110580776342163,3.6466681515188135,-0.92319063723295,0.37576569174437385,-0.08074151493065405,-9.424354163189737,-0.0324971882203752,0.13300839480086274,0.9905820004776313,-0.12008628573489717,0.0,0.0,0.0,1.0
1544681557955462000,0.3742155150896722,0.9191728121001312,-0.1228173023727383,3.834346395359125,-0.92715719389958,0.3682029725772727,-0.06932610464694068,-9.762507556767009,-0.018500974742712447,0.13981384938983923,0.9900049502160913,-0.1178003885371493,0.0,0.0,0.0,1.0
1544681557961417000,0.3742155150896722,0.9191728121001312,-0.1228173023727383,3.834346395359125,-0.92715719389958,0.3682029725772727,-0.06932610464694068,-9.762507556767009,-0.018500974742712447,0.13981384938983923,0.9900049502160913,-0.1178003885371493,0.0,0.0,0.0,1.0
1544681558056341000,0.3721941977296978,0.918782627564152,-0.1315673305295413,4.046904791965168,-0.9281541158995905,0.3682538254740884,-0.054028299643389434,-10.108299644984834,-0.0011900903342594526,0.1422237789893866,0.9898338145239204,-0.11204415530310491,0.0,0.0,0.0,1.0
1544681558062253000,0.3721941977296978,0.918782627564152,-0.1315673305295413,4.046904791965168,-0.9281541158995905,0.3682538254740884,-0.054028299643389434,-10.108299644984834,-0.0011900903342594526,0.1422237789893866,0.9898338145239204,-0.11204415530310491,0.0,0.0,0.0,1.0
1544681558139230312,0.3884611403155886,0.9079583058310448,-0.15719305753479643,4.39263252900372,-0.9212630890656758,0.38625508660129665,-0.04562158260957513,-10.512156697248912,0.019294123195704116,0.16253837376770197,0.9865135649665729,-0.04820942819301003,0.0,0.0,0.0,1.0
1544681558157196000,0.3884611403155886,0.9079583058310448,-0.15719305753479643,4.39263252900372,-0.9212630890656758,0.38625508660129665,-0.04562158260957513,-10.512156697248912,0.019294123195704116,0.16253837376770197,0.9865135649665729,-0.04820942819301003,0.0,0.0,0.0,1.0
1544681558163087000,0.36714203738886314,0.9190587476611943,-0.14330995335076768,4.279936892306161,-0.9301041925971397,0.36449478136393454,-0.04527411259967395,-10.46220023161627,0.010626160886535122,0.14991521839326674,0.9886417510903085,-0.10174610465956475,0.0,0.0,0.0,1.0
1544681558258054000,0.3673489006463437,0.9174493131838645,-0.1527793930227049,4.518460480983996,-0.9298981525158939,0.36556354845603445,-0.04065363437339191,-10.8003825261172,0.018552928110042586,0.15700334320865708,0.9874237889983442,-0.08690154169966013,0.0,0.0,0.0,1.0
1544681558263987000,0.38584857005389167,0.9087833304087266,-0.15885131210851997,4.55197249861069,-0.9222722419204333,0.3842824605193521,-0.04172412156363328,-10.761899245564337,0.023125586920812066,0.1626033483924096,0.9864204774441507,-0.12574963821588622,0.0,0.0,0.0,1.0
1544681558358900000,0.38919308912705064,0.9068748392145456,-0.16157588116840116,4.502231066388498,-0.9209316170656056,0.3869387574194691,-0.04651187693070055,-10.984886076935389,0.02033951977516083,0.16690243858697176,0.9857636024570191,-0.09621255651039767,0.0,0.0,0.0,1.0
1544681558364827000,0.38919308912705064,0.9068748392145456,-0.16157588116840116,4.502231066388498,-0.9209316170656056,0.3869387574194691,-0.04651187693070055,-10.984886076935389,0.02033951977516083,0.16690243858697176,0.9857636024570191,-0.09621255651039767,0.0,0.0,0.0,1.0
1544681558459779000,0.41100057509482696,0.8982184646172893,-0.15582720267105551,4.490506717787165,-0.911416429358449,0.4085982363711654,-0.048657718091499436,-11.218643610292947,0.019965459354117768,0.16202182277377744,0.9865851759365946,-0.07084102892449647,0.0,0.0,0.0,1.0
1544681558465686000,0.41100057509482696,0.8982184646172893,-0.15582720267105551,4.490506717787165,-0.911416429358449,0.4085982363711654,-0.048657718091499436,-11.218643610292947,0.019965459354117768,0.16202182277377744,0.9865851759365946,-0.07084102892449647,0.0,0.0,0.0,1.0
1544681558560622000,0.41790980033416886,0.8965884137725353,-0.14656266602894577,4.510473372173141,-0.9083311327908249,0.4153670622777985,-0.04903831948234345,-11.420833358753345,0.01691011494930011,0.153621026762505,0.9879851355910355,-0.05361316047706544,0.0,0.0,0.0,1.0
1544681558566517000,0.4178057523249163,0.8966853128125303,-0.14626620631748674,4.511078213347127,-0.9083824674304928,0.415249203109947,-0.04908555980578411,-11.424440703987726,0.01672262506622364,0.1533738866393215,0.9880267226690005,-0.05335209534647191,0.0,0.0,0.0,1.0
1544681558661487000,0.4201033317132713,0.8974492785599177,-0.13452874449611368,4.564398321476328,-0.9074664155095744,0.41614802014796154,-0.057667408899140994,-11.643539334178026,0.004230296162094721,0.14630658816069247,0.9892302496664568,-0.03959692205313107,0.0,0.0,0.0,1.0
1544681558667403000,0.4201033317132713,0.8974492785599177,-0.13452874449611368,4.564398321476328,-0.9074664155095744,0.41614802014796154,-0.057667408899140994,-11.643539334178026,0.004230296162094721,0.14630658816069247,0.9892302496664568,-0.03959692205313107,0.0,0.0,0.0,1.0
1544681558762357000,0.41833492621313473,0.9005017543831604,-0.1187117511584692,4.645948990526926,-0.9082344724640715,0.41323820526903854,-0.06591152201200458,-11.853280912086413,-0.010297210212804045,0.135391196386186,0.990738709954824,-0.03030151540636925,0.0,0.0,0.0,1.0
1544681558768246000,0.4181966207743184,0.9006074894361352,-0.11839652167394782,4.64965310533483,-0.9082966589628307,0.4131052403493604,-0.0658880847563448,-11.86129897401759,-0.010429079053522491,0.13509333946366298,0.9907779892300055,-0.03002739670125135,0.0,0.0,0.0,1.0
1544681558863211000,0.4130756767005279,0.9037031026663134,-0.1126462939900179,4.764706335424445,-0.9106701197446687,0.4089464474561289,-0.05867483376412072,-12.077220670868819,-0.006958327574749672,0.12682076069908804,0.9919012432359722,-0.025414498413546965,0.0,0.0,0.0,1.0
1544681558869091000,0.41287363647066044,0.9038001534066632,-0.11260836118864008,4.770917182183392,-0.9107629580087858,0.4087717533055204,-0.058450731549093186,-12.087498938206332,-0.006796662900860517,0.12669229022173265,0.9919187814391789,-0.02536065035006543,0.0,0.0,0.0,1.0
1544681558964043000,0.40708192026317663,0.9061644623112997,-0.11467465909662143,4.920967903017403,-0.9133803548750747,0.4032314713504401,-0.05604201852936203,-12.310832031380315,-0.004542854073358522,0.1275552733392081,0.991821059828954,-0.027216102119070853,0.0,0.0,0.0,1.0
1544681558969951000,0.40713948346189605,0.9060737884423727,-0.11518563670907855,4.930281118568749,-0.913356146110645,0.40329892100863124,-0.05595114543231106,-12.32339749936204,-0.004241623309080687,0.12798542968231735,0.9917669778837859,-0.027504053289328964,0.0,0.0,0.0,1.0
1544681559064933000,0.3916779602732496,0.9134193455153669,-0.11069541397217908,5.022642992228711,-0.9200462928249469,0.3874810989804246,-0.05807940247624081,-12.501792804650472,-0.010158469139738445,0.12459332715360996,0.9921558891290876,-0.08463137720938278,0.0,0.0,0.0,1.0
1544681559070810000,0.40815716043195444,0.9047672294011257,-0.1216716605867801,5.130269765006569,-0.912891347292252,0.40361733444944387,-0.06101176420058766,-12.568782493042898,-0.00609265353256682,0.1359753945894073,0.9906934801638644,-0.03629743414513477,0.0,0.0,0.0,1.0
1544681559138830059,0.4078728411733537,0.9046920590217501,-0.12317476923530246,5.2843849246644545,-0.9130326915483451,0.4036503779688533,-0.05863170242788072,-12.73467393115864,-0.0033240934353737004,0.1363768701378447,0.9906514521738908,-0.04566597525307997,0.0,0.0,0.0,1.0
1544681559165791000,0.40786222943851186,0.9046398037957412,-0.12359299003526619,5.338343965892244,-0.9130405491321458,0.40376380059796146,-0.05772130427462205,-12.789178253176077,-0.002314613989923443,0.13638775133822958,0.9906528271029048,-0.049373405876138234,0.0,0.0,0.0,1.0
1544681559171669000,0.4057537890784896,0.9055515813365556,-0.1238555456462112,5.271752838948176,-0.9139767180678608,0.40248712626176036,-0.05148467755999227,-12.610201889091003,0.003228231459672034,0.13409118812367957,0.9909637388871616,-0.024187551437634257,0.0,0.0,0.0,1.0
1544681559266669000,0.4080603590882351,0.9056148224343624,-0.1155358677120013,5.363209219542343,-0.9129549498703751,0.4047869634986402,-0.051582687878154225,-12.780928037608216,5.3366342859895935e-05,0.1265278924535369,0.9919630484969174,-0.011143428325040164,0.0,0.0,0.0,1.0
1544681559272527000,0.4080603590882351,0.9056148224343624,-0.1155358677120013,5.363209219542343,-0.9129549498703751,0.4047869634986402,-0.051582687878154225,-12.780928037608216,5.3366342859895935e-05,0.1265278924535369,0.9919630484969174,-0.011143428325040164,0.0,0.0,0.0,1.0
1544681559367491000,0.408869206440092,0.9072785219994828,-0.0983445755671848,5.433448495364455,-0.9125034209183299,0.4049384390934632,-0.05798592378239165,-12.924104309630938,-0.012785884302578078,0.11344842027541992,0.9934616132994826,-0.0012138652443971485,0.0,0.0,0.0,1.0
1544681559373406000,0.408869206440092,0.9072785219994828,-0.0983445755671848,5.433448495364455,-0.9125034209183299,0.4049384390934632,-0.05798592378239165,-12.924104309630938,-0.012785884302578078,0.11344842027541992,0.9934616132994826,-0.0012138652443971485,0.0,0.0,0.0,1.0
1544681559468372000,0.4112944291567107,0.9080599444279096,-0.0791456244541959,5.483293532341937,-0.9111962318853482,0.40735245806910797,-0.06152561989124093,-13.038808827446385,-0.02362878631250161,0.09742233948455743,0.9949625963958414,0.005642662493761991,0.0,0.0,0.0,1.0
1544681559474245000,0.4112944291567107,0.9080599444279096,-0.0791456244541959,5.483293532341937,-0.9111962318853482,0.40735245806910797,-0.06152561989124093,-13.038808827446385,-0.02362878631250161,0.09742233948455743,0.9949625963958414,0.005642662493761991,0.0,0.0,0.0,1.0
1544681559569192000,0.40625325359961534,0.9127081063843919,-0.04384297526347036,5.453823459863503,-0.9128376294430799,0.40321959322025114,-0.06435388034948177,-13.011892427492953,-0.041057961620960995,0.0661654908809762,0.9969635758662445,0.05100429781085318,0.0,0.0,0.0,1.0
1544681559575102000,0.41162780804319077,0.9095468517171281,-0.057332993790891074,5.5126075985637355,-0.9105378281923282,0.40778677461493373,-0.06805005422444192,-13.125502687024452,-0.03851507596201533,0.08021515430775031,0.9960331911854254,0.010049634278621156,0.0,0.0,0.0,1.0
1544681559670049000,0.4120114523563906,0.9105105049486389,-0.0348881570931905,5.523786362846969,-0.9097805543532942,0.4089573252472988,-0.0710862085582551,-13.178379037698871,-0.05045697224162219,0.06102889893120452,0.9968598534635917,0.011810494326468015,0.0,0.0,0.0,1.0
1544681559675985000,0.4120156704983867,0.9105198055632456,-0.03459437730098467,5.5238626941683,-0.9097718918071571,0.4089763180961332,-0.0710878056642578,-13.178934665341101,-0.05057857393595227,0.06076228199802643,0.9968699779534926,0.011829786229174959,0.0,0.0,0.0,1.0
1544681559770914000,0.4120202551775587,0.9110154590939114,-0.017033573181768954,5.525432465347652,-0.9088773800307937,0.40958298466289,-0.07863642122453934,-13.21455016498543,-0.06466233364011298,0.04788122770519443,0.9967578294860082,0.013042553140015423,0.0,0.0,0.0,1.0
1544681559776831000,0.4120758756726379,0.9109959551894075,-0.01672848819164993,5.525372009018399,-0.9088308955674582,0.4096490068707531,-0.07882952766482017,-13.215144063222057,-0.06496057227798376,0.04768711354604898,0.996747743037807,0.013065654735289683,0.0,0.0,0.0,1.0
1544681559871795000,0.40995035708808736,0.9121066469359141,0.0014728675032093807,5.518566717945289,-0.9089532742701474,0.40866617928126225,-0.08243724343546047,-13.23347456004177,-0.07579346882768137,0.0324564096441172,0.9965951693421359,0.013984963641623238,0.0,0.0,0.0,1.0
1544681559877675000,0.4098781887629123,0.9121377565792602,0.0021408874319773404,5.518230823155437,-0.9089505620144069,0.4086398564792486,-0.0825974788375033,-13.233777283530037,-0.07621513097888412,0.031908944187794344,0.9965806907073261,0.014009928387599806,0.0,0.0,0.0,1.0
1544681559972640000,0.4093704426448004,0.9121758550844805,0.018736330742815516,5.503774116278444,-0.9077831296087322,0.4092834850139589,-0.0917432204176838,-13.235143601973883,-0.09135442127549803,0.020548437792950288,0.9956064139094767,0.014714315506916242,0.0,0.0,0.0,1.0
1544681559978545000,0.40929195258916184,0.9121968632241974,0.019415979751048768,5.503042848808371,-0.9077539943688966,0.40925961569475083,-0.09213714054983715,-13.234880563314928,-0.09199338700725922,0.020086056988025767,0.9955570134661332,0.014738463050523327,0.0,0.0,0.0,1.0
1544681560073489000,0.40827564139141054,0.9120071096634225,0.03942121979100651,5.484295735730494,-0.906667945511427,0.41014935209310355,-0.09864454145921737,-13.224697548513642,-0.10613311089629521,0.004532207076558306,0.9943416022024268,0.015155914745432257,0.0,0.0,0.0,1.0
1544681560079394000,0.408238248388949,0.9119845832244872,0.04031938135921215,5.483340649390004,-0.9066055378261315,0.41020637236001606,-0.0989804569509964,-13.22404603973881,-0.10680791794298537,0.003853833948428194,0.9942722044936092,0.015142786162739556,0.0,0.0,0.0,1.0
1544681560139275355,0.40724009901707586,0.9118901009929793,0.05110719581022392,5.472101176018731,-0.9061894393663067,0.4104063004053279,-0.10191844076804801,-13.215577979849481,-0.11391313240158604,-0.00480752520880405,0.9934790817968056,0.014426227614719674,0.0,0.0,0.0,1.0
1544681560174364000,0.40663708587737035,0.9118401416356733,0.056514037999459685,5.466475631672579,-0.9060266565430565,0.4104416211084168,-0.10321517957794657,-13.210696365371776,-0.11731145733718652,-0.009232105054510992,0.9930522595582206,0.013704454131162799,0.0,0.0,0.0,1.0
1544681560180279000,0.4065444659961316,0.9118163154885562,0.0575552254517536,5.465496314289354,-0.905996535039586,0.4104734404904059,-0.10335295423080407,-13.20978796118563,-0.11786380133097057,-0.010127263245824934,0.992978128094956,0.013554581253323797,0.0,0.0,0.0,1.0
1544681560275227000,0.4106966501093434,0.9089438622542819,0.07175874064698924,5.554767396266137,-0.9026005461125377,0.41643923665491955,-0.1090441026906926,-13.022913678293305,-0.12899812303408068,-0.019985430807072695,0.9914434259246164,0.01591964221751325,0.0,0.0,0.0,1.0
1544681560281108000,0.4060606504206864,0.9109220388082855,0.07304647420165714,5.450269498199683,-0.9044526436840981,0.41203217565147054,-0.11043052821011397,-13.19203117815951,-0.1306910995928097,-0.021225584592191007,0.9911958994295439,0.010344964855944326,0.0,0.0,0.0,1.0
1544681560376085000,0.40477542305162684,0.9101733070387077,0.08798527176525633,5.438923902059191,-0.9033403135446585,0.4129478469593933,-0.11597565958700855,-13.169688956672147,-0.141891278161902,-0.03253654631071467,0.9893473800115672,0.006113993179951242,0.0,0.0,0.0,1.0
1544681560381964000,0.40477542305162684,0.9101733070387077,0.08798527176525633,5.438923902059191,-0.9033403135446585,0.4129478469593933,-0.11597565958700855,-13.169688956672147,-0.141891278161902,-0.03253654631071467,0.9893473800115672,0.006113993179951242,0.0,0.0,0.0,1.0
1544681560476961000,0.40251259754709234,0.9093146533517906,0.10550104272287572,5.42698322590788,-0.9026061497707657,0.4134478605770518,-0.11984575495300867,-13.09169648610877,-0.15259668152319908,-0.046986463837766716,0.987170970503149,0.006116774831872531,0.0,0.0,0.0,1.0
1544681560482849000,0.4038173253340308,0.9091532486413478,0.10184271326393703,5.432968244064461,-0.9023054883612093,0.4141736601784194,-0.11960344847726681,-13.143419330298109,-0.15091843304684047,-0.04359529446282969,0.9875844656875611,0.001704171836451918,0.0,0.0,0.0,1.0
1544681560577806000,0.4039589613856782,0.9069602608096888,0.11933248856967878,5.388582910933015,-0.9003869625422761,0.4172540401283602,-0.12329794678119935,-13.168475512577354,-0.16161830094424454,-0.057638106393142444,0.9851687030612108,0.021257969462525263,0.0,0.0,0.0,1.0
1544681560583705000,0.4042035085192488,0.9074200155186621,0.11492797369156207,5.433639950393257,-0.9006908057272662,0.41675479453826786,-0.12276609347753735,-13.113360186005188,-0.159297194511078,-0.05389208351403116,0.9857586150551348,-0.00336227367928322,0.0,0.0,0.0,1.0
1544681560678659000,0.40431348943564954,0.9057916781399427,0.12677554209232558,5.4413236033412264,-0.8992314856764232,0.418993300083311,-0.12580679494159178,-13.080691873286156,-0.16707285066266542,-0.06313517480556398,0.983921039653957,-0.009649472159276222,0.0,0.0,0.0,1.0
1544681560684553000,0.4012107633178772,0.908046638631926,0.1203379635325168,5.421790871388036,-0.9020198666531484,0.4145229056471131,-0.12054426928276328,-13.161345796285755,-0.15934266083170975,-0.06018357552637756,0.9853871592810272,-0.012227047307616415,0.0,0.0,0.0,1.0
1544681560779519000,0.40632651994633184,0.9053936676941159,0.12313027932928466,5.5169885574555195,-0.8992318919183495,0.4201412500084714,-0.12191527631215629,-13.10801300797608,-0.1621134286395018,-0.06118526408149229,0.9848733927333119,-0.014749232977737389,0.0,0.0,0.0,1.0
1544681560785412000,0.40226467135377486,0.9077250701465442,0.1192406441113856,5.425945343950862,-0.901652168907067,0.41538147120331637,-0.12033951838923795,-13.19498000698304,-0.15876555194949002,-0.0591052485691868,0.9855455692689946,-0.019562472912923724,0.0,0.0,0.0,1.0
1544681560880381000,0.41002565371585414,0.9055555218613542,0.10884925411460941,5.540175562156736,-0.899129892445023,0.42135257943517,-0.11843749539371133,-13.047426021349352,-0.15311564193998806,-0.049307206671513386,0.9869774058019545,0.01981325127492689,0.0,0.0,0.0,1.0
1544681560886282000,0.4026790192239618,0.9078525280139275,0.11684774219281126,5.4343764865183095,-0.9021625848463554,0.4152181933269949,-0.11703214273699385,-13.214734737003011,-0.15476523505030348,-0.05828927267511444,0.986230238185197,-0.02486261606787519,0.0,0.0,0.0,1.0
1544681560981239000,0.4045263244494527,0.9074759008648927,0.11333994078380906,5.446047180359412,-0.9016758480994002,0.4164702449521653,-0.11633228280969644,-13.22335593459187,-0.15277145604349465,-0.05513641644995466,0.9867222799751743,-0.028603438454397195,0.0,0.0,0.0,1.0
1544681560987146000,0.40459389548831826,0.907462680238367,0.1132045215890013,5.446394252069438,-0.901662999338107,0.41651347717259624,-0.1162770783869454,-13.223443398324928,-0.1526683181219987,-0.05502733237399847,0.9867443323037648,-0.028687146531461982,0.0,0.0,0.0,1.0
1544681561082063000,0.4046890905062472,0.9081932897387445,0.10682550490755578,5.4617445407967145,-0.9023831977625305,0.41553115281742475,-0.11418592485107922,-13.22095220684483,-0.14809221593690178,-0.05018774264447776,0.9876992892916094,-0.03141933333352162,0.0,0.0,0.0,1.0
1544681561087974000,0.4046890905062472,0.9081932897387445,0.10682550490755578,5.4617445407967145,-0.9023831977625305,0.41553115281742475,-0.11418592485107922,-13.22095220684483,-0.14809221593690178,-0.05018774264447776,0.9876992892916094,-0.03141933333352162,0.0,0.0,0.0,1.0
1544681561138172453,0.40463357884713674,0.9082961371965301,0.10615928609042988,5.469623092199273,-0.9027804700988606,0.41526559916839095,-0.1119906467317798,-13.215839663030412,-0.14580497137424703,-0.05052335401759109,0.9880224192908614,-0.03212542671682357,0.0,0.0,0.0,1.0
1544681561182922000,0.4045226147261582,0.9083386743878248,0.10621820364932763,5.477106073112766,-0.9030935071952989,0.41507033328124604,-0.11017593063592764,-13.209208384608585,-0.14416508397254416,-0.05135631452092142,0.9882200956882106,-0.03253462120748705,0.0,0.0,0.0,1.0
1544681561188856000,0.4044973871912518,0.9083574878069479,0.10615337065072658,5.477933656849239,-0.9031376337102762,0.41502576986440065,-0.10998192999155224,-13.208389544229583,-0.14395929400930385,-0.051383700660031804,0.9882486716281599,-0.032564309045826766,0.0,0.0,0.0,1.0
1544681561283786000,0.4051321705412786,0.9080890681151641,0.1060290939424332,5.498274123764763,-0.9034201697791985,0.4154323971735799,-0.10605621252308453,-13.184132699451672,-0.14035640786455852,-0.052822038472141924,0.9886910088713275,-0.032672988898518426,0.0,0.0,0.0,1.0
1544681561289715000,0.4051191510579344,0.9080804744304166,0.10615236881170848,5.4994866550539685,-0.9034532058261702,0.4154236063778323,-0.10580894171314745,-13.182460044033379,-0.140181233867164,-0.053038469267809904,0.9887042745175156,-0.032643740024045124,0.0,0.0,0.0,1.0
1544681561384639000,0.40600034213817393,0.9073778397616037,0.10876202505130389,5.596404508049547,-0.903498071503057,0.4164205002266067,-0.10141598385503478,-13.024782989217622,-0.13731335322520105,-0.05709135574319529,0.9888809939145622,-0.0375428279840472,0.0,0.0,0.0,1.0
1544681561390573000,0.40584139164812416,0.9075449289268428,0.10795817154942672,5.524825989570613,-0.9037708614027834,0.41608952878587196,-0.10033809901540593,-13.142340145699011,-0.13598159766817533,-0.05684809595695389,0.9890790155906045,-0.03153453267361804,0.0,0.0,0.0,1.0
1544681561485527000,0.4064914158597915,0.9074180741518038,0.10657001236249454,5.551367079197958,-0.9037962845747013,0.4164491328119877,-0.09860220975776637,-13.091779956089491,-0.13385441651762753,-0.05623662936896257,0.9894040816046494,-0.029294932187567985,0.0,0.0,0.0,1.0
1544681561491427000,0.4035789090289284,0.9095418131061961,0.0992862246161252,5.559911431962637,-0.9034312585079239,0.4133081882236225,-0.11396623490358307,-13.106888290797425,-0.14469286553874483,-0.043703910108922495,0.9885109725761153,-0.09807721471522712,0.0,0.0,0.0,1.0
1544681561586400000,0.40920249097258615,0.906593931158884,0.10315408556000609,5.565408398714592,-0.9027288615622184,0.41870341425187313,-0.0988334629384655,-13.094328538980504,-0.1327927855134328,-0.05267727099720786,0.9897429874648613,0.013845086076818749,0.0,0.0,0.0,1.0
1544681561592265000,0.406522932454446,0.908881128763967,0.09313538084630685,5.555859785039728,-0.9015263455594996,0.41558822332498624,-0.12056814212601054,-13.304887234965104,-0.14828807656307444,-0.034950284839012,0.9883264258021712,-0.13361942340542626,0.0,0.0,0.0,1.0
1544681561687241000,0.40936473601185636,0.9064020166477902,0.10419163654905929,5.403986127917732,-0.9020887966433412,0.4191997924755097,-0.10250530210219615,-13.136444569621457,-0.1365881249615701,-0.052028052099958894,0.9892607168558571,0.009306810792928642,0.0,0.0,0.0,1.0
1544681561693121000,0.41057619888236735,0.9070217356963776,0.09348131302911133,5.54443843560933,-0.8996403045906533,0.4196596128144963,-0.12055343930567704,-13.296738823781427,-0.1485749213943897,-0.03460318405472165,0.9882955592260473,-0.10719174066218216,0.0,0.0,0.0,1.0
1544681561788116000,0.41088869916265774,0.9069085245368302,0.09320624991306575,5.560589943462544,-0.9015657660975407,0.41938915208811545,-0.10626339215257076,-13.276469545546915,-0.13546086630971937,-0.04036913713776957,0.9899599418488453,-0.032957775946820964,0.0,0.0,0.0,1.0
1544681561793982000,0.40984917003530247,0.9070228737835593,0.09660830323940965,5.484541322780315,-0.9007039875556216,0.41915672888732,-0.11419265926445743,-13.285128924026052,-0.1440693743402192,-0.04021371733505587,0.9887501566701836,-0.054929150445716904,0.0,0.0,0.0,1.0
1544681561888984000,0.4100402905167172,0.9064489933938278,0.10108007977979735,5.462665147696744,-0.9012588369746791,0.4196962605777843,-0.10764551840219232,-13.26074108619534,-0.13999810330150833,-0.046960315505189115,0.9890375421790778,-0.030750792713761743,0.0,0.0,0.0,1.0
1544681561894840000,0.41004018581098894,0.9064489018377561,0.10108132556128455,5.462663683456541,-0.9012590699512598,0.41969624252506016,-0.1076436381814517,-13.260731405138957,-0.13999691014692014,-0.04696224406350926,0.9890376194977786,-0.030747095573157093,0.0,0.0,0.0,1.0
1544681561989841000,0.4041371735553667,0.9089591380855093,0.10230557287624074,5.437268414910253,-0.9046852540408891,0.4137091788108207,-0.10192794753477112,-13.224080408967305,-0.1349730938804299,-0.05136147056433721,0.9895171869501871,0.034490885436788014,0.0,0.0,0.0,1.0
1544681561995711000,0.40859670705107975,0.9070213048672139,0.10178940762182201,5.47411118951161,-0.9021422660016082,0.41826992696842474,-0.10578090606208156,-13.224115579988352,-0.13852098353860315,-0.048606796961064555,0.9891659701024305,-0.03101616253621736,0.0,0.0,0.0,1.0
