1544681555131464000,0.6215147386224155,0.7782599048990252,-0.08961556841124715,0.8867453126659245,-0.7830237631883963,0.6135799163111596,-0.1019483819482591,-1.4280075006390722,-0.024356025073711263,0.1335335415771926,0.9907449607827693,-0.002645116767790656,0.0,0.0,0.0,1.0
1544681555137376000,0.6588672854222146,0.7496385038409968,-0.06273765822367598,4.170738949035174e-05,-0.7507529363025103,0.6499822553011568,-0.11786897991743046,-6.567492209582116e-05,-0.047580761170028706,0.12476049596185156,0.9910453520469329,7.81608188033248e-06,0.0,0.0,0.0,1.0
1544681555138720336,0.6588672854222146,0.7496385038409968,-0.06273765822367598,4.170738949035174e-05,-0.7507529363025103,0.6499822553011568,-0.11786897991743046,-6.567492209582116e-05,-0.047580761170028706,0.12476049596185156,0.9910453520469329,7.81608188033248e-06,0.0,0.0,0.0,1.0
1544681555232312000,0.6276803440715754,0.773486827212837,-0.08795176970592071,1.0225090397636754,-0.7781429508593087,0.6201179895123679,-0.09973578651171357,-1.6795547020250945,-0.02260384246443154,0.1310412424061852,0.991119195200301,-0.002523649116892899,0.0,0.0,0.0,1.0
1544681555238219000,0.6212817135333387,0.7780929797038332,-0.09263016444272311,0.9042502077587122,-0.7833442820982662,0.6137903362696242,-0.0981486566692346,-1.6119109797879605,-0.019513280939684078,0.13353927526248688,0.9908513984595966,0.04829929682235841,0.0,0.0,0.0,1.0
1544681555333155000,0.6280929271595506,0.771729186130653,-0.09966613329646108,1.0740088020372922,-0.778065077295324,0.6211034347683448,-0.09404923610739419,-1.8281017036793916,-0.010677562716856721,0.13661839771085074,0.9905662032703056,0.03146181420900999,0.0,0.0,0.0,1.0
1544681555339076000,0.6210590981036244,0.7778774169378957,-0.09587659193328141,0.9460187816138921,-0.7836476480079325,0.6141980615292252,-0.09304356498637148,-1.7563118118300232,-0.013489271082841448,0.13291901832231473,0.991035102372207,0.067376725310369,0.0,0.0,0.0,1.0
1544681555434014000,0.6232151374724705,0.7747711384624558,-0.10645456979748233,1.131341898970673,-0.7820474450438462,0.617035111808416,-0.08757547885089118,-2.0245458241990137,-0.0021647460731930336,0.1378308884146389,0.9904534113592971,0.04241340282335758,0.0,0.0,0.0,1.0
1544681555439926000,0.6206151600751708,0.7778217850173016,-0.09914682968895037,1.012780843534928,-0.7840723787207968,0.6142770481104087,-0.08884938430779615,-1.879661327212974,-0.00820536482914446,0.13287956546160523,0.9910982257429168,0.061335366658780616,0.0,0.0,0.0,1.0
1544681555534890000,0.6306808660097283,0.7696120232236714,-0.09969442792241663,1.131128239557298,-0.7760413102109837,0.6252494942052867,-0.08260117942288579,-1.7992308294235175,-0.0012369701827319403,0.12946197783749688,0.9915836153341594,0.00886857489977761,0.0,0.0,0.0,1.0
1544681555540795000,0.6200640122966887,0.7780532326523258,-0.10076600524878133,1.1043130399366692,-0.7845332266540094,0.6140443493688372,-0.08635481042792302,-1.9813047478953778,-0.005313843277039562,0.13259978946991957,0.9911554161190687,0.029561991531280835,0.0,0.0,0.0,1.0
1544681555635732000,0.6295815363206483,0.7699245866842768,-0.10413078287987851,1.21124211652785,-0.7769318888938989,0.6242411023857161,-0.08185283203421395,-2.0580726170037598,0.0019822068243432836,0.1324355575791613,0.9911896357129698,-0.02418988109917356,0.0,0.0,0.0,1.0
1544681555641662000,0.5863747771976863,0.803561254269669,-0.10224446832432431,1.2025388576888674,-0.809948330033448,0.579721532913548,-0.0889193283397371,-2.254966015941359,-0.012178807100587665,0.13495278771822544,0.9907771806741843,0.05501341735441494,0.0,0.0,0.0,1.0
1544681555736582000,0.6504976096303262,0.7524923397734957,-0.1029958176211189,1.3380369038230913,-0.7593958899470235,0.6467263019024119,-0.07115456948924047,-2.24282208774523,0.013066835760987553,0.12450047795023636,0.9921335035131897,0.0499849013617415,0.0,0.0,0.0,1.0
1544681555742502000,0.5283437602451974,0.843067390279097,-0.10045021880494553,1.139240975288245,-0.8487768928254936,0.5215843923202632,-0.08676121191754353,-2.388081201627469,-0.020752282174960092,0.13109956954884802,0.9911519790872807,0.02956519892768042,0.0,0.0,0.0,1.0
1544681555837471000,0.6578555224663717,0.7437217319311977,-0.11876067115738864,1.557399437502172,-0.7526165201146562,0.6550715886421835,-0.06670522771350576,-2.649413467637361,0.02818661403932959,0.13326364548166242,0.9906797240187838,0.08548649881094138,0.0,0.0,0.0,1.0
1544681555843346000,0.4733895357167537,0.8751932309132562,-0.09969531602582946,1.220414838586406,-0.8799066176211126,0.4645967066565827,-0.09957029893714804,-2.624862424416865,-0.04082513613511358,0.13485810590199115,0.9900235348374714,0.012497808511788219,0.0,0.0,0.0,1.0
1544681555938350000,0.6505299882044685,0.7490588596608911,-0.12538564196201404,1.561494653513252,-0.7586205288442013,0.6487313618108526,-0.060353238680115814,-3.0111386404865463,0.03613347011897681,0.1343817136613704,0.9902706333980555,0.06759641268456358,0.0,0.0,0.0,1.0
1544681555944209000,0.41990746865583883,0.9016410982940416,-0.10354249192558188,1.349875740807971,-0.9061466401100736,0.4101327288312114,-0.10338960952961218,-2.889688246192167,-0.050754156325049656,0.13723875038988595,0.9892368477807311,0.033120056894725,0.0,0.0,0.0,1.0
1544681556039208000,0.6302367583374452,0.7691937858650869,-0.10555826934373025,1.4823845881222124,-0.7760176661420202,0.6283578274450539,-0.054433652495798845,-3.291521649294989,0.02445833755197808,0.11622117051153048,0.9929221667628945,-0.06404320203208863,0.0,0.0,0.0,1.0
1544681556045063000,0.40591705575026754,0.9081326616488216,-0.10259830747952456,1.4208549174507439,-0.9125603679254818,0.396656776050108,-0.09948355092797634,-3.2364455860492325,-0.04964794802147376,0.13400921931031226,0.9897356265170509,0.03503071234434021,0.0,0.0,0.0,1.0
1544681556139543376,0.5994671762147261,0.7930702126297235,-0.10806823067203555,1.5355533302599342,-0.7999930723238716,0.5979778049015823,-0.04933182622707019,-3.62216327474191,0.025498801441546686,0.11602664644178354,0.9929187421136324,-0.028408218095804974,0.0,0.0,0.0,1.0
1544681556140036000,0.5994671762147261,0.7930702126297235,-0.10806823067203555,1.5355533302599342,-0.7999930723238716,0.5979778049015823,-0.04933182622707019,-3.62216327474191,0.025498801441546686,0.11602664644178354,0.9929187421136324,-0.028408218095804974,0.0,0.0,0.0,1.0
1544681556145946000,0.39789069300436875,0.911443135025527,-0.1046633079705448,1.5378547492595698,-0.9163560232284566,0.38930327435288736,-0.09345907805582314,-3.577937416963384,-0.044436866602257104,0.1330953500050044,0.9901065562320149,0.03676447938120409,0.0,0.0,0.0,1.0
1544681556240899000,0.5573143031133623,0.8236034906665874,-0.10525235250142627,1.5059274734133172,-0.83015090549012,0.5551331808906981,-0.05173611493059448,-3.903196762559871,0.015819028389980772,0.1162086125723614,0.9930988453848907,-0.12439129014121111,0.0,0.0,0.0,1.0
1544681556246791000,0.3875626496316455,0.9158074195240167,-0.10531838849535291,1.707427695314495,-0.9210658302695681,0.3800088581844521,-0.08503531037857118,-3.9468073519911906,-0.03785404760827734,0.12996167914469495,0.9907961611923811,0.039060409927236174,0.0,0.0,0.0,1.0
1544681556341762000,0.5217548400829278,0.8483309265429214,-0.09003624781643269,1.6642285065979607,-0.853094290141217,0.5190159017821154,-0.053409978709483344,-4.052185953085197,0.001420907628270212,0.1046763238183376,0.9945053284188025,-0.05251017767086657,0.0,0.0,0.0,1.0
1544681556347654000,0.3773922797953349,0.9199236259622154,-0.10637475991704781,1.9296895735015112,-0.9254721061805714,0.3705891244802706,-0.07851803295193752,-4.344592950961571,-0.032809264432109506,0.12807897256566028,0.9912211301994854,0.04277288391803708,0.0,0.0,0.0,1.0
1544681556442639000,0.4761560911638911,0.8734823913727462,-0.10150807263103881,1.7738792744162737,-0.8793594738726335,0.47277360390168494,-0.05667481949028363,-4.55941415807666,-0.001514119536101839,0.11624814585856834,0.9932190473538413,-0.04608658988698539,0.0,0.0,0.0,1.0
1544681556448499000,0.37041693000780057,0.9228305392480102,-0.10571231619269754,2.2080041636378125,-0.9284600423949306,0.36448686139147773,-0.0714931993198775,-4.771886457193457,-0.027445357341427876,0.124631952982443,0.9918233858183545,0.0482396731801663,0.0,0.0,0.0,1.0
1544681556543468000,0.4764741861336638,0.8731108726893491,-0.10319764503082389,2.862792120788095,-0.8791539129521235,0.47212129201718595,-0.06472930530287627,-5.360756698035088,-0.007794054736486233,0.1215684564994794,0.9925524485361478,0.01645541714028505,0.0,0.0,0.0,1.0
1544681556549380000,0.382391363875319,0.9177928617578743,-0.10692571131336231,2.5429646457075203,-0.9237438617193158,0.3769899277314188,-0.06764519439659644,-5.229529447305679,-0.021774360368764494,0.12463890763061515,0.9919632150111105,0.056105154111995056,0.0,0.0,0.0,1.0
1544681556644347000,0.4619148168114004,0.8800175166976524,-0.11047113792926165,3.1842263619728697,-0.8869203056839084,0.4579421721132885,-0.06050899408955491,-5.847790691257485,-0.002659581857410324,0.12592909634178798,0.9920356794585992,-0.008411337661428398,0.0,0.0,0.0,1.0
1544681556650261000,0.40396157662214,0.9085123020129895,-0.1068664666956503,2.936041904120718,-0.9146834580397949,0.3994937641034076,-0.0613099015726542,-5.7187661541430295,-0.013008312777284887,0.1225158338075103,0.9923813048748628,0.06759218217619098,0.0,0.0,0.0,1.0
1544681556745188000,0.43897970553903737,0.8918375800238101,-0.1091904253225937,3.3604293170317385,-0.8984958783402065,0.4355355168821828,-0.05489963697352624,-6.203225142976579,-0.0014052510511944575,0.12220697357940291,0.9925036427530336,0.08046020504026041,0.0,0.0,0.0,1.0
1544681556751096000,0.4472938040292522,0.8874228144719818,-0.11139569664786202,3.4733258821691746,-0.8943862494358947,0.44398044386513297,-0.054356253414898144,-6.17200911252952,0.0012205314527817678,0.12394399469090774,0.9922884643504775,0.12188307304552577,0.0,0.0,0.0,1.0
1544681556846027000,0.5093385395458662,0.8533838174670083,-0.11095184639616884,3.3304158598538423,-0.8605595966861125,0.5045770502812288,-0.06956422127022725,-6.477890555361264,-0.0033812253288719096,0.13091241505268927,0.9913881716564659,-0.06579696133826288,0.0,0.0,0.0,1.0
1544681556851940000,0.5029788614530228,0.8573817844480813,-0.10912717639542363,3.5660455866501595,-0.8642369144419103,0.5004277239203155,-0.051639605419219727,-6.377022667270307,0.010335407458887351,0.12028536414938264,0.9926855547070798,0.08224815696944422,0.0,0.0,0.0,1.0
1544681556946909000,0.5650677545356838,0.8203096260634094,-0.08826409333191865,3.3184365621251297,-0.8248323343975358,0.5592543576343146,-0.08298303199653645,-6.67051639583796,-0.018709701128169845,0.11969411370129474,0.9926345078773732,-0.05917696381003132,0.0,0.0,0.0,1.0
1544681556952836000,0.5584157717422945,0.8223663838511702,-0.10901998248489468,3.62103888527068,-0.8290452394881634,0.5578627376886598,-0.03838172456415935,-6.601646517827275,0.029254345855993534,0.11181545783147985,0.9932982868395929,0.1168025718491983,0.0,0.0,0.0,1.0
1544681557047743000,0.5660655420157051,0.8183033336599848,-0.0997469611738768,3.0724955548712622,-0.8242467772133449,0.5598216324462492,-0.0849528698669904,-7.053059459660183,-0.0136767099802293,0.13030500361143996,0.9913796213549779,0.02529672183834098,0.0,0.0,0.0,1.0
1544681557053675000,0.6065869421983259,0.7870193304357884,-0.112484910431951,3.6280716015671133,-0.7937507823733082,0.6075109597344388,-0.029835034511442652,-6.860443527634767,0.04485506700743215,0.10738252801522931,0.9932054246936106,0.10529289156592989,0.0,0.0,0.0,1.0
1544681557139362340,0.5618157663737253,0.8227230333692579,-0.08654394847470062,3.0432112964315934,-0.8269416639549458,0.5556036046588101,-0.08644141892381023,-7.239401659514779,-0.02303321665179064,0.12013094877601203,0.9924908191398277,-0.020115610282317214,0.0,0.0,0.0,1.0
1544681557148627000,0.5598058631929528,0.8242018299572791,-0.08549116346070844,3.005772922965188,-0.8282168620926567,0.5533119742712119,-0.08889706673161374,-7.228960200227369,-0.02596584064084333,0.12057032231509064,0.9923651407101332,-0.02728050171560347,0.0,0.0,0.0,1.0
1544681557154504000,0.6320588437745884,0.7660665957976547,-0.11680577386979976,3.5269971398565887,-0.7730297204516724,0.6338357393481588,-0.026025119084737987,-6.970000281850522,0.054098699658425085,0.10674374139950871,0.9928137309522351,0.05632360282091186,0.0,0.0,0.0,1.0
1544681557249493000,0.555574997974202,0.8270462936778373,-0.08562038156725103,3.2157607333468445,-0.8308748456798444,0.5483445467227012,-0.09468499826249545,-7.401197415503952,-0.03135940755917006,0.12374443903961144,0.9918184820642871,0.05655577697201793,0.0,0.0,0.0,1.0
1544681557255408000,0.5809202924091604,0.8063329940579219,-0.11116976459828254,3.2841723587069396,-0.8130393691065093,0.5813210473723881,-0.032137581812498296,-7.181122261174889,0.03871173142776197,0.1090547686965462,0.9932816616017868,-0.02994401088314762,0.0,0.0,0.0,1.0
1544681557350343000,0.5377802370980475,0.8389798711532207,-0.08309748724534881,3.2805235392270893,-0.8422718424998209,0.5303173828243063,-0.09665203984570338,-7.853728821151084,-0.0370210739812145,0.12196823059347822,0.9918433297689571,-0.0411589685803784,0.0,0.0,0.0,1.0
1544681557356239000,0.5426139597583881,0.8324699617676692,-0.11208859634169234,3.1506697396084777,-0.8395156436254045,0.5419094385643938,-0.03934011315488345,-7.375252689476183,0.027992405819015517,0.11544662467717882,0.9929191820420777,-0.08582519689547369,0.0,0.0,0.0,1.0
1544681557451201000,0.5187688767249649,0.8504874870531484,-0.08689008520850589,3.254164052640066,-0.8541322354961277,0.5112632973715047,-0.09522586333135558,-8.279993606347107,-0.03656469373455918,0.12361583687716242,0.9916562650663092,0.008341818480317884,0.0,0.0,0.0,1.0
1544681557457102000,0.5013023076051556,0.8580983312425382,-0.11119015382898703,3.0879984739998405,-0.8651610990981315,0.4991415057627907,-0.04851834531558704,-7.594478744694602,0.01386610965824237,0.12051975416346505,0.9926140840524694,-0.12103278108204599,0.0,0.0,0.0,1.0
1544681557552060000,0.48409955578359426,0.8689939239940517,-0.10245574728411094,3.227115197935738,-0.87436791185439,0.4759201087943112,-0.09476710803122107,-8.62050227432305,-0.03359129067956244,0.13546073271110048,0.9902131159926386,0.01342768291790899,0.0,0.0,0.0,1.0
1544681557557935000,0.4456229885551409,0.8881677956693272,-0.11215221267130585,3.089599998453542,-0.8951998554973931,0.44124638399939137,-0.06260069747937982,-7.855432929413455,-0.006113165188878941,0.1282949544734632,0.991717214667579,-0.1384222490801888,0.0,0.0,0.0,1.0
1544681557652914000,0.4379831985854295,0.8934762417191042,-0.09935252005052142,3.396584409359701,-0.8978350383103629,0.42916061138735884,-0.09855665180929436,-9.0372952858722,-0.04541983860723016,0.13236833124709746,0.9901594129955783,-0.19994703735552916,0.0,0.0,0.0,1.0
1544681557658793000,0.39763829532411127,0.9106305234018749,-0.11240923423170544,3.1592375592286164,-0.9172975480648569,0.3917084432638464,-0.07162195047617947,-8.160074270643236,-0.021189488099804192,0.1315923452357273,0.9910774239530564,-0.13816734251807317,0.0,0.0,0.0,1.0
1544681557753777000,0.3869369913460009,0.9141351723985425,-0.12098202888029978,3.8140925250848547,-0.9210958750126238,0.37703193197419443,-0.09710464101437569,-9.24270074238636,-0.04315267967147792,0.14900942539213943,0.9878937378997191,-0.0522698292221801,0.0,0.0,0.0,1.0
1544681557759676000,0.3440276243910164,0.9322156188857699,-0.11233447182985916,3.3019701305119806,-0.9380416252760309,0.3359341015699897,-0.08500699178220648,-8.509610796129852,-0.041507865584363965,0.13461916396926546,0.9900276651623643,-0.11852660182703446,0.0,0.0,0.0,1.0
1544681557854633000,0.3285969698878884,0.9386859901908102,-0.10436782646006339,3.8961768343721754,-0.9426370545298994,0.3190690126947546,-0.09813433937815975,-9.190304781469614,-0.05881679018519937,0.13062762708361622,0.9896853076785641,-0.1093233246842557,0.0,0.0,0.0,1.0
1544681557860535000,0.30048574731643585,0.9471289553458133,-0.11249470034283753,3.5183215947453284,-0.9522281528942895,0.29116188141327565,-0.09212113572578036,-8.908932353513652,-0.05449642644438572,0.13480170903005723,0.9893728512281731,-0.0812777889931532,0.0,0.0,0.0,1.0
1544681557955462000,0.2747870488874655,0.9552727740402548,-0.10929778104410226,3.7896054819961775,-0.9594717584855635,0.2650397499021544,-0.09574902422700339,-9.33292581670958,-0.06249817943218764,0.1311787259781476,0.9893867390552653,-0.030430601154812432,0.0,0.0,0.0,1.0
1544681557961417000,0.2791217289848256,0.9527768335646927,-0.11961340155247864,4.179758211262869,-0.9584075891239993,0.26869024566132854,-0.09623120593640301,-9.5706544750409,-0.059547909434675854,0.1414986123920955,0.988145833960285,-0.02505384926531706,0.0,0.0,0.0,1.0
1544681558056341000,0.2947090475006524,0.9492137513502034,-0.11018090383063965,4.137351478085012,-0.9542298967204017,0.28618483016256074,-0.08685359629742719,-9.964070260777216,-0.05091052470980843,0.13073445311969373,0.9901093986228308,-0.06278703420728682,0.0,0.0,0.0,1.0
1544681558062253000,0.27120954464419417,0.9559720732172713,-0.11208379955442821,4.349565460806291,-0.9614142727407085,0.263473976527717,-0.07914581393300477,-9.92162315635152,-0.04613002345906239,0.1292240647919015,0.9905418527322897,0.009960747330508906,0.0,0.0,0.0,1.0
1544681558139230312,0.30277496539647336,0.9435861908088619,-0.13406125780396158,4.392615940995886,-0.9526911969980958,0.29572412217352373,-0.07019064558065877,-10.512154977169812,-0.026585776112313858,0.14897095045516703,0.9884841184505632,-0.04826619167022785,0.0,0.0,0.0,1.0
1544681558157196000,0.30801092750613224,0.9413725051784573,-0.13764837460301102,4.353995309966333,-0.9510971051869892,0.3011329823215821,-0.06879842631218169,-10.348620401847018,-0.02331448137391115,0.15210763771799657,0.9880889137654154,-0.01949161773790858,0.0,0.0,0.0,1.0
1544681558163087000,0.2786402400952943,0.9526782040774451,-0.12150660918405545,4.550906699688307,-0.9592917805447599,0.27001960150200993,-0.08275684010373809,-10.178088632534749,-0.046031471613414435,0.13961967726816213,0.9891346972685942,-0.026585272746366285,0.0,0.0,0.0,1.0
1544681558258054000,0.3237129608652369,0.9352496391015198,-0.14324116562056272,4.311093761158042,-0.9461475538734841,0.3193650987722282,-0.05301641241564797,-10.602670751100122,-0.0038373515715323368,0.1526893783034046,0.988266780017538,-0.09432643551166534,0.0,0.0,0.0,1.0
1544681558263987000,0.3160890984369302,0.9395919579309636,-0.13135689719532762,4.811296822193978,-0.947399773207436,0.3052779811452648,-0.0961198416267938,-10.459724192819792,-0.05021306180483785,0.15482992869380036,0.9866642496841842,-0.044708171700260556,0.0,0.0,0.0,1.0
1544681558358900000,0.3361651132778803,0.9292003026857637,-0.15355720140572032,4.243191893921935,-0.9417474835748465,0.33341851093044783,-0.04408824956116331,-10.81037793883291,0.010231998598223708,0.15943303941658601,0.9871557182871813,-0.13575173541257288,0.0,0.0,0.0,1.0
1544681558364827000,0.3371074868498309,0.9305404446286515,-0.14301406651128487,4.735271364605513,-0.939644614827954,0.3231057875422243,-0.11256397239586642,-10.762991053157602,-0.05853665633267238,0.17232855528618057,0.9832986976999208,-0.09542563842418574,0.0,0.0,0.0,1.0
1544681558459779000,0.33987052662276024,0.9280264810266934,-0.15249549385599356,4.514285344085816,-0.9403788973617225,0.3376239546730032,-0.041201876507188116,-11.243207849418106,0.013249699238810845,0.15740684783127454,0.9874449502255329,-0.0277875733937238,0.0,0.0,0.0,1.0
1544681558465686000,0.3388965239532883,0.9310892871317986,-0.13498846410257984,4.733685226452498,-0.9393721624384317,0.32690575678525885,-0.10350152953651155,-10.727593870932802,-0.05224065933846804,0.1618807140120569,0.9854265817111008,-0.0714204335549003,0.0,0.0,0.0,1.0
1544681558560622000,0.34485797013218705,0.9273663735536279,-0.14513645179037987,4.415795199716085,-0.9385762536211268,0.34268333714207255,-0.04053081030154452,-11.356660806352794,0.012148933073953446,0.150199000153682,0.9885811366691156,0.020748026710716377,0.0,0.0,0.0,1.0
1544681558566517000,0.33804072516191713,0.9328394243667321,-0.12465583211043615,4.73302504625537,-0.9398619474903182,0.32773289788553434,-0.09618038939018882,-10.77133638945036,-0.048867041978226,0.14967216170915726,0.9875273445417093,-0.05553925030403,0.0,0.0,0.0,1.0
1544681558661487000,0.35137636318203913,0.9285266536082506,-0.11988705074372902,4.294697605821967,-0.9362269242351658,0.34797282976358823,-0.048929092404001596,-11.500054043498034,-0.003714530134670174,0.12943401131614304,0.9915810803865179,-0.007941341720689924,0.0,0.0,0.0,1.0
1544681558667403000,0.34018616142695157,0.9325565252125743,-0.12087887680252062,4.734734540684136,-0.9392036690158938,0.33058203916516266,-0.09280077310283849,-10.891039788484385,-0.04658158091645217,0.14509942337875698,0.9883199449846568,-0.04332396014703387,0.0,0.0,0.0,1.0
1544681558762357000,0.35163744320030416,0.931969381812047,-0.08822799954903102,4.3316457580214385,-0.9356543191668013,0.34686820172058214,-0.06506493417838206,-11.442174296510109,-0.030035038938891367,0.10543017594598039,0.9939730250041694,0.006512543420100192,0.0,0.0,0.0,1.0
1544681558768246000,0.3395773623392324,0.9335092350840271,-0.115098753249373,4.739690742957902,-0.9394896006724595,0.3307496852741124,-0.08924088703826798,-11.089810125734003,-0.04523831578464108,0.13843826676142104,0.9893373242130609,-0.035328164557632186,0.0,0.0,0.0,1.0
1544681558863211000,0.3570182526803254,0.931266027827342,-0.07267429165650699,4.438889918684809,-0.9332970745661636,0.35241115892455055,-0.06901409763006007,-11.8266502479946,-0.03865925321734399,0.09246599634538,0.9949650755984037,0.11815531849223133,0.0,0.0,0.0,1.0
1544681558869091000,0.33762665867424513,0.9347742338325478,-0.1104779213926158,4.7480830443458695,-0.9404799968237136,0.33016974672491134,-0.08053144678991542,-11.36802680181115,-0.03880225414757563,0.13109183845830077,0.9906105768477759,-0.02936858028790613,0.0,0.0,0.0,1.0
1544681558964043000,0.35224633668574434,0.9317271828626255,-0.08835708803686286,4.578064131670829,-0.9353290830031119,0.34713826542279774,-0.06822412452941605,-11.97881574761278,-0.03289414507213571,0.10667465206942355,0.9937497138745953,0.052543859338294766,0.0,0.0,0.0,1.0
1544681558969951000,0.33691538846722296,0.9351785342829404,-0.10922055681229484,4.759191923487791,-0.9408758734642703,0.3300670007271753,-0.07621263519792397,-11.72876810170462,-0.03522231887344891,0.12844019638484214,0.9910915720587066,-0.02554680273211752,0.0,0.0,0.0,1.0
1544681559064933000,0.33575196787023653,0.9360660941505682,-0.10512318228138005,4.772443261800601,-0.941497803207271,0.33003488999632363,-0.0682558271577928,-12.143388451048036,-0.02919764763031262,0.12189027347091698,0.9921140350816755,-0.023082356097976247,0.0,0.0,0.0,1.0
1544681559070810000,0.33256918153165405,0.9339731350742514,-0.13073607939254106,4.891132697597599,-0.9423296578668204,0.32357185334243294,-0.08553403783955016,-11.877437480828409,-0.03758397796879658,0.15164246992222088,0.9877206112640988,-0.14635312251399943,0.0,0.0,0.0,1.0
1544681559138830059,0.33853963176704227,0.9296655357690815,-0.1453028194021621,5.284467678016768,-0.9409346357882169,0.33353094069361267,-0.05830199631337387,-12.734718213712034,-0.005738370598442577,0.1564579918163891,0.9876679441490732,-0.045587786280179086,0.0,0.0,0.0,1.0
1544681559165791000,0.34047504693617203,0.9282149325327639,-0.14997927002427053,5.19720421754716,-0.9402417384549661,0.3369111182773147,-0.049359615560809894,-12.531833895403242,0.004713351354672229,0.15782248700464535,0.98745625063325,-0.01709707922127163,0.0,0.0,0.0,1.0
1544681559171669000,0.33057520473224006,0.9363538686994475,-0.11815865007611477,4.98650016540092,-0.9435086520178542,0.32487996446539263,-0.06514930741315267,-12.003626282995894,-0.02261542800138819,0.13302045429383239,0.9908552372348709,-0.08991375219448591,0.0,0.0,0.0,1.0
1544681559266669000,0.3425700165097274,0.9255665418305612,-0.1611594255150604,5.320413353717478,-0.9393935773820532,0.33994349779278604,-0.04447611810566358,-12.55361657248747,0.013619491982759068,0.16662831377717496,0.9859257144865979,-0.012994476604014645,0.0,0.0,0.0,1.0
1544681559272527000,0.3276009421193509,0.9372909985643082,-0.11900927162548701,5.162943732879492,-0.9447665351736875,0.3236833203123708,-0.05143250108113995,-12.268569726939246,-0.009685904109307199,0.12928531301689258,0.9915601298457423,0.01738987462851469,0.0,0.0,0.0,1.0
1544681559367491000,0.3395542300325878,0.9290344594348202,-0.1469622334126557,5.177966671223822,-0.940584776618418,0.3356806009122567,-0.051174331113025426,-12.690333510225699,0.001789653780839702,0.15560690008430278,0.9878174374779471,-0.0705724316627824,0.0,0.0,0.0,1.0
1544681559373406000,0.330645079504524,0.9360969441689759,-0.11998475951948334,5.541832841814007,-0.9436348972507006,0.32589051667526403,-0.05786667289366866,-12.676110497642812,-0.015066920392027313,0.13235513688040865,0.9910878395234536,0.029833929003889627,0.0,0.0,0.0,1.0
1544681559468372000,0.3408516866478355,0.9294193100630443,-0.1414209100213432,5.21524370929096,-0.9400487471949504,0.33876228932700797,-0.039350530201369714,-12.842060494117193,0.011334928607167243,0.14635524388235654,0.9891671557333515,0.018677050909656014,0.0,0.0,0.0,1.0
1544681559474245000,0.3345090150569536,0.9347900366343417,-0.11946257261080245,5.876592851036719,-0.942244165231268,0.32950874885480197,-0.05999931262747648,-13.02069643021006,-0.016722796813112756,0.13263322297715788,0.9910241047671007,0.017082791832114107,0.0,0.0,0.0,1.0
1544681559569192000,0.33466563922901893,0.9333308333443365,-0.1299710177239635,5.221003618176215,-0.9423168915092476,0.3323598212918258,-0.03969666443429438,-12.797430892813523,0.006147023326403086,0.13575899498610178,0.9907228216734425,0.03887867370850146,0.0,0.0,0.0,1.0
1544681559575102000,0.3269384480634636,0.9370750615230469,-0.12248093831052735,5.756612830618913,-0.9450154145196845,0.3231342146757795,-0.050300552939849905,-13.116653638348,-0.007557611927028448,0.13219155940317226,0.991195376363568,-0.01886413348110151,0.0,0.0,0.0,1.0
1544681559670049000,0.3339033520945992,0.931378107767648,-0.14506333730874094,5.317019234957555,-0.9425144931206266,0.3320527930347465,-0.03751496895092474,-12.955135832565109,0.013228065525834906,0.14925067172037307,0.9887109058129495,-0.014727596270253732,0.0,0.0,0.0,1.0
1544681559675985000,0.3246436334333203,0.9372262920682615,-0.12733180563859775,5.6655240281448735,-0.9458086888708119,0.3227095806808637,-0.036117178644681974,-13.180776465589705,0.007241224183846861,0.1321567402471663,0.9912023812923165,-0.03863556597432572,0.0,0.0,0.0,1.0
1544681559770914000,0.3304620668558105,0.9321940994778876,-0.14767864865307642,5.221168672261415,-0.9436152200541262,0.32957463018425964,-0.03115894127067136,-13.165824468604557,0.019624954817451166,0.1496486686794135,0.9885444537859153,0.023663693314680868,0.0,0.0,0.0,1.0
1544681559776831000,0.332644411558557,0.9329512629469383,-0.13765767840760476,5.592708115918019,-0.942926527697013,0.33142173239626543,-0.03239133619824656,-13.224357636279507,0.015403208240803486,0.1405758736809773,0.9899500820317737,-0.048892530517562226,0.0,0.0,0.0,1.0
1544681559871795000,0.3277410097562183,0.9309561181086481,-0.16095507658988478,5.32823857065538,-0.9440341280525213,0.32941090298623577,-0.01697121285895803,-13.26803483477433,0.03722090267692169,0.15750924782334152,0.9868158091832764,0.1151055124055395,0.0,0.0,0.0,1.0
1544681559877675000,0.3291944406941155,0.9334342588150074,-0.14258858540066133,5.538212179249095,-0.9439196180368654,0.32936852308609876,-0.02306795797673076,-13.246456585202903,0.025431769525966427,0.14218600659191585,0.9895131957827643,-0.047424229914638995,0.0,0.0,0.0,1.0
1544681559972640000,0.3276505023225441,0.9308776605916518,-0.16159186037423162,5.431200076441231,-0.9438605862670222,0.3301230697403952,-0.012081080947064587,-13.318308520830985,0.042099192622381036,0.15647856030970603,0.9867837240976093,0.06780989122973,0.0,0.0,0.0,1.0
1544681559978545000,0.32647511928461953,0.9329791167036855,-0.15153865606801695,5.49855860014284,-0.9446240936739904,0.32767752181568,-0.01768511654805109,-13.246686136569036,0.033155966863843825,0.14892081617941386,0.9882931105546457,-0.03321967799305635,0.0,0.0,0.0,1.0
1544681560073489000,0.3224409344526299,0.933265893508943,-0.15826122646521815,5.405650170234714,-0.9454673613365332,0.3256642956676405,-0.005851083201345784,-13.354526743789098,0.046079414456393304,0.15151745292295532,0.987379941574214,0.09613209627544357,0.0,0.0,0.0,1.0
1544681560079394000,0.3244220247219355,0.9330415277988505,-0.15551159853240348,5.47597023739399,-0.9450113611626375,0.3268771210992822,-0.01024084837197203,-13.229878671267269,0.04127804681487806,0.1502825841693914,0.9877809816687693,-0.006434288770461261,0.0,0.0,0.0,1.0
1544681560139275355,0.3224272159092381,0.9333304518282026,-0.15790806860695147,5.472000176687589,-0.9454244027497809,0.32580740396432645,-0.004715316239624071,-13.215524936665503,0.04704666966141012,0.15081048773937347,0.9874425591706995,0.014428542295333736,0.0,0.0,0.0,1.0
1544681560174364000,0.3179717391631667,0.9339498394495249,-0.1631921275238601,5.390426478893,-0.9467075191974693,0.322091975907876,-0.0012775565469417753,-13.358133307026776,0.05136970107486656,0.15490144107778087,0.9865934813100619,0.07067278545581666,0.0,0.0,0.0,1.0
1544681560180279000,0.3209809171691965,0.9335750480144309,-0.15940163279612826,5.4731383408706185,-0.9457305651287017,0.32494949622935365,-0.0012341319340423422,-13.204691617553733,0.05064532549565838,0.15114712906681838,0.9872130450821118,0.030240780157122532,0.0,0.0,0.0,1.0
1544681560275227000,0.3175292348239574,0.9338563727232638,-0.16458268486163471,5.48901702448385,-0.946400541559138,0.32293099912818707,0.006448623002999965,-13.170921992749843,0.059170938548208936,0.15371351575649775,0.9863422099378614,0.07927825927330344,0.0,0.0,0.0,1.0
1544681560281108000,0.3247730151963079,0.9312007276323507,-0.16549227612573206,5.502726035343184,-0.9447608355257169,0.3275824458363153,-0.010803001279354381,-13.232298798372483,0.044152601928338045,0.1598591443642663,0.9861519161397393,-0.022730939281284633,0.0,0.0,0.0,1.0
1544681560376085000,0.31458789087943284,0.934810114607188,-0.16481659060947407,5.330518481805249,-0.9473574994788282,0.320094825744405,0.007284964850895001,-13.26111063661024,0.059566996678101294,0.15384847142484362,0.9862973287741345,0.05448687330585881,0.0,0.0,0.0,1.0
1544681560381964000,0.3207155159610753,0.9322392656901539,-0.1675455440389289,5.413586537486342,-0.9463238568318301,0.32287403056755637,-0.014950530960079315,-13.216866054627904,0.040158633103580615,0.1633472126806618,0.9857509687018865,-0.022451583564713783,0.0,0.0,0.0,1.0
1544681560476961000,0.3150421319097298,0.9352976416377246,-0.1611421008572488,5.360597312654067,-0.9473579418718928,0.3201219374533561,0.00590551719645833,-13.202968999197708,0.057108537838225316,0.15079876228943448,0.9869135464659293,0.03428206350981318,0.0,0.0,0.0,1.0
1544681560482849000,0.31990178997187485,0.9328949508489168,-0.1654383735817804,5.4480797620516,-0.9465717083685561,0.32221474836393216,-0.013403613430570834,-13.197362124257756,0.0408025206208811,0.16088712383955386,0.9861290421104214,-0.0428410309864987,0.0,0.0,0.0,1.0
1544681560577806000,0.31592975150753233,0.9349888218692074,-0.16119644875748915,5.342768798565738,-0.9470020940750546,0.32115605345950765,0.006769279413000285,-13.29325592157635,0.058098415897907964,0.15051475776797066,0.9868991244115101,0.038540185329452,0.0,0.0,0.0,1.0
1544681560583705000,0.3213356250296787,0.9335144638527622,-0.15904138412523738,5.378179814816361,-0.9460564262593562,0.323824045560763,-0.010734330441710764,-13.153249808286287,0.04148077169190558,0.15391144627462744,0.9872135596138735,0.00925901140384189,0.0,0.0,0.0,1.0
1544681560678659000,0.31851602848458527,0.933010022443218,-0.1674510006506893,5.444623973314196,-0.9459266347267903,0.3242913656840235,0.00760998404949563,-13.235892693152715,0.061403105074980854,0.15597245963086417,0.9858510285656001,0.006269089116342521,0.0,0.0,0.0,1.0
1544681560684553000,0.315956576658235,0.9358073463996497,-0.156320350853147,5.389009495767113,-0.9476959346115239,0.31913543071774936,-0.004999238080223089,-13.184842853352084,0.04520903877759482,0.14972370315030262,0.9876937559424809,0.003538924717831563,0.0,0.0,0.0,1.0
1544681560779519000,0.31944496543872425,0.9326344574531129,-0.16777330785018268,5.466214775709702,-0.9455459424675803,0.3253800332074307,0.008408607079885843,-13.26861788967034,0.062432241181499024,0.1559512832940828,0.9857897405126436,0.02436888811014442,0.0,0.0,0.0,1.0
1544681560785412000,0.3175537113539854,0.9347754539435376,-0.1592309364098502,5.419263776220466,-0.9470969694627444,0.3209106684310505,-0.004865523776452909,-13.197127883723677,0.04655073404138004,0.1523522024513791,0.987229373331457,-0.016433517954425353,0.0,0.0,0.0,1.0
1544681560880381000,0.31830471390539944,0.9313362802345193,-0.17690348279367796,5.43795698662972,-0.9456137721369865,0.325130205164733,0.010244200036760612,-13.204439979039607,0.06705746081127978,0.16402159250680964,0.9841748900175591,0.05514283117219431,0.0,0.0,0.0,1.0
1544681560886282000,0.31721532259742447,0.9342274637857877,-0.16307509012042215,5.441398693191602,-0.9469699252044095,0.3213196828954848,-0.0012736335005123487,-13.206192159961377,0.05120937285067004,0.15483122195577642,0.9866128383717286,-0.028130357145028803,0.0,0.0,0.0,1.0
1544681560981239000,0.31843887447681496,0.9325847183329098,-0.16994830494556157,5.290303331473333,-0.945897047258468,0.3243769275821478,0.007640997321967325,-13.374375988011314,0.06225318634132498,0.15832040924750096,0.9854233551149779,-0.000633741269200969,0.0,0.0,0.0,1.0
1544681560987146000,0.3186642443290967,0.9328637648247845,-0.16798302194892153,5.4580368765983875,-0.946326902985745,0.3232109347904594,-0.00029037438734418584,-13.212616250835117,0.05402306980885041,0.15905938484982626,0.9857898457681635,-0.033933167832312136,0.0,0.0,0.0,1.0
1544681561082063000,0.32008196224843344,0.9303257112462614,-0.179001699537558,5.4641629668397345,-0.9448776769262848,0.32723368607380354,0.011148557975677317,-13.236287730706506,0.06894717608124312,0.16556625771180952,0.9837855971794511,0.05686700981356467,0.0,0.0,0.0,1.0
1544681561087974000,0.3189595358598035,0.9315641657372687,-0.17450793563137415,5.467748155068072,-0.9460467226132045,0.32402969712148577,0.0005949925790037468,-13.215607926251524,0.05710002729340917,0.16490288201722036,0.9846555876983103,-0.03411962054079816,0.0,0.0,0.0,1.0
1544681561138172453,0.3189546572467007,0.9312186936173565,-0.17635098887792686,5.469649057546653,-0.94592001811518,0.3243929606217588,0.002127540370062076,-13.215846101810554,0.05918822475471269,0.16613534168452837,0.9843250491040803,-0.032180596594098554,0.0,0.0,0.0,1.0
1544681561182922000,0.32178504776908495,0.9301479815140036,-0.1768590272439516,5.276456698625933,-0.9444120907949406,0.32861319979460124,0.009958297097401246,-13.351117577239126,0.06738090079966035,0.16382337258823376,0.9841858141637915,0.05563103357914145,0.0,0.0,0.0,1.0
1544681561188856000,0.3190541577790857,0.9309266787707141,-0.1777075213850064,5.470053570559836,-0.9457922459425433,0.3247566689528265,0.003183313622835707,-13.215334228621096,0.06067513427124945,0.1670587463247289,0.9840781998182737,-0.028892591372757646,0.0,0.0,0.0,1.0
1544681561283786000,0.3238310064607415,0.9286164128429344,-0.18112160846609832,5.323234357013671,-0.9434618065123157,0.33127703999332564,0.0116336763653861,-13.347649478642042,0.07080465314607996,0.16711397479560022,0.9833918956961557,0.07710459854686108,0.0,0.0,0.0,1.0
1544681561289715000,0.31914771300949496,0.9306567089210003,-0.17894923140695412,5.466129047672504,-0.9455852608941501,0.3253276701561847,0.005515560759187943,-13.211359353570137,0.06335023015386354,0.16745147706449423,0.9838428488170096,-0.017071344911559167,0.0,0.0,0.0,1.0
1544681561384639000,0.3225603402833305,0.9293992294455113,-0.17936526749177306,5.462276701212495,-0.9439830919125917,0.32980064782467367,0.011289591558954046,-13.164327554966262,0.06964731911167947,0.165676205293697,0.9837177674211428,0.05348697670752701,0.0,0.0,0.0,1.0
1544681561390573000,0.3198345790563601,0.9304278765481169,-0.17891285191958936,5.454469144786423,-0.9450772569729993,0.3267073725107317,0.009553590922813647,-13.203118147634328,0.06734107507477308,0.16603089859810907,0.9838185403408886,0.0010035693331495693,0.0,0.0,0.0,1.0
1544681561485527000,0.3206473006010104,0.92966148402744,-0.18142445737327528,5.435505020636746,-0.9445961271018425,0.3280347941950247,0.011459950332540537,-13.191541276768461,0.07016740896941707,0.16769823765719868,0.9833381085899157,0.023761776847143003,0.0,0.0,0.0,1.0
1544681561491427000,0.3210702809218563,0.9280197973038268,-0.18892625683298284,5.534205658119772,-0.9452716337028402,0.32626213060954684,-0.003815841568736857,-13.164996674699069,0.05809830656325235,0.17981178477030557,0.9819838638349396,-0.04695056510263294,0.0,0.0,0.0,1.0
1544681561586400000,0.3213782061499971,0.9292542058324932,-0.18221599697731333,5.412827081703065,-0.9442015632918117,0.32910907122612443,0.013062431395913586,-13.204122340362925,0.07210725684079737,0.16785064843277928,0.983171756780875,0.06037323642610129,0.0,0.0,0.0,1.0
1544681561592265000,0.32178600950793085,0.9263893507375246,-0.1955927783049928,5.541230758327877,-0.945296207681865,0.3260271205571073,-0.011018003608731116,-13.35078241968073,0.05356158910302493,0.18843855099566903,0.9806233062044818,-0.055379198920931544,0.0,0.0,0.0,1.0
1544681561687241000,0.3195088217415293,0.9305894087613417,-0.1786545972835881,5.230957758148504,-0.9451217251760711,0.3265445239893304,0.010658257492990894,-13.24627273676308,0.06825714196730365,0.16544493390189782,0.9838541235450782,0.005515947259269095,0.0,0.0,0.0,1.0
1544681561693121000,0.32312523709724555,0.9258425673270633,-0.1959735228955124,5.548040010872231,-0.9448965418923012,0.32713059389527105,-0.012493984860394637,-13.324737454096475,0.05254147191326381,0.18921182590672775,0.9805295909182079,-0.025274416947001298,0.0,0.0,0.0,1.0
1544681561788116000,0.3230037278712001,0.9275725684644338,-0.18782364604491253,5.35113648832331,-0.9437103162850008,0.33062529680383057,0.009886963671414641,-13.41784479190271,0.07127012500738579,0.17405758629165244,0.9821530053590214,0.013471140658833102,0.0,0.0,0.0,1.0
1544681561793982000,0.32160028627431825,0.9275558710909769,-0.19029808688721303,5.536675567705329,-0.9451657308511563,0.3265417942280106,-0.005674314667583474,-13.261008702257339,0.05687703484597323,0.18168809159383686,0.9817099573092432,-0.04071169650676313,0.0,0.0,0.0,1.0
1544681561888984000,0.32394942636697616,0.9291630502530442,-0.17808086702666373,5.23472901664689,-0.9436548853886456,0.33079842441820845,0.00937334969863146,-13.407471550199498,0.06761824042851816,0.16501038890594819,0.9839712115272792,-0.021733504241100234,0.0,0.0,0.0,1.0
1544681561894840000,0.32186387322624405,0.927667622374008,-0.18930512278000583,5.47238433369015,-0.9450356814724676,0.3269336346779526,-0.004686070862310784,-13.27844558480416,0.05754309563850683,0.18040837263058976,0.9819071296355464,0.06874343903033858,0.0,0.0,0.0,1.0
1544681561989841000,0.319663275158761,0.9307629119390551,-0.17747053917061162,5.229431161747106,-0.9451356368297127,0.3265224573078822,0.01008527977373934,-13.267192150661957,0.06733512091966898,0.16450983749416243,0.9840744356289214,0.028624363427036333,0.0,0.0,0.0,1.0
1544681561995711000,0.3221887116927468,0.9270889214928075,-0.19157391707397972,5.463336542734588,-0.9450533108933139,0.3268236052217027,-0.0077827141454165,-13.30997156881852,0.05539561018120004,0.18355506725555215,0.981447331066451,0.08718158568374451,0.0,0.0,0.0,1.0
1544681562090700000,0.3181576059765878,0.9312779685686298,-0.17747417563672563,5.3639344584405055,-0.9456741317820997,0.32496488700702547,0.009912552178045873,-13.144864964194927,0.06690421688815505,0.16467898308891915,0.9840755348505441,-0.03906435738932276,0.0,0.0,0.0,1.0
