1544681555131464000,0.7358025029958155,0.6738864182453169,0.06687130841843424,0.07344736790039634,-0.6718792687165862,0.7388072461348772,-0.052365077365384385,-0.1583283993163662,-0.08469312164495668,-0.006399090803281435,0.9963865348261776,0.06504573166239222,0.0,0.0,0.0,1.0
1544681555137376000,0.7419986462020542,0.6667585772307499,0.06979261224188635,0.03734570365119927,-0.6644722527066231,0.74525525064586,-0.055418740221772664,-0.05071324821342779,-0.08896423111174591,-0.005254624059868267,0.9960209608781706,0.005500089105121515,0.0,0.0,0.0,1.0
1544681555138720336,0.7376953389103461,0.6715271089095566,0.0696916705892647,2.8686453477095785e-05,-0.6690157769462697,0.7409705803935404,-0.05814197440952173,-3.658141435366265e-05,-0.0906833895866424,-0.0037337636290125475,0.9958727739336204,-2.1865144596883795e-05,0.0,0.0,0.0,1.0
1544681555232312000,0.7366242354191596,0.6726773476457345,0.0699279754993617,0.18239586205641853,-0.6707214369555645,0.739885796645425,-0.0519784756473489,-0.31800467204233246,-0.08670345899327365,-0.00861358732834326,0.9961969264718386,0.062336332993436404,0.0,0.0,0.0,1.0
1544681555238219000,0.736544285782279,0.6727777594653148,0.06980402173443816,0.18845278381622557,-0.6708356216906987,0.7397938970334481,-0.0518127260711138,-0.3286024293470712,-0.08649903902544177,-0.008664656998253337,0.9962142540471818,0.06444480996025881,0.0,0.0,0.0,1.0
1544681555333155000,0.7358937663615778,0.6737040241971382,0.0676997223831457,0.32769418360996755,-0.6723636250409785,0.7388893842324258,-0.0443805541918399,-0.5972666450084066,-0.07992196413953055,-0.012859457578352438,0.9967181718012686,0.08890562689242776,0.0,0.0,0.0,1.0
1544681555339076000,0.7358050721043499,0.6737975230862077,0.06773325437635946,0.3326247489980842,-0.6724912953481711,0.7387980970847945,-0.04396395597329625,-0.607879253291915,-0.07966400408249129,-0.013201122178782292,0.9967343561986668,0.08851422187760775,0.0,0.0,0.0,1.0
1544681555434014000,0.7340280239722373,0.6757984445871074,0.06707698798434453,0.42666427184443506,-0.6749799210466603,0.7368752440350705,-0.0376428069104272,-0.81957919883759,-0.07486632225006117,-0.01764474488049234,0.9970374600639895,0.07447117313835648,0.0,0.0,0.0,1.0
1544681555439926000,0.7339246119892971,0.6759102348412154,0.06708217612193346,0.4309355482284194,-0.675111060821156,0.7367678778711142,-0.037391839941615275,-0.8296734123636778,-0.0746975198604155,-0.017845127463154326,0.9970465545562702,0.07352795525088297,0.0,0.0,0.0,1.0
1544681555534890000,0.7321077663488729,0.6777300267478178,0.06855821829700724,0.49514904282480837,-0.6773255521726091,0.7349631595014617,-0.0325461295655744,-0.9917796798432501,-0.07244525399037403,-0.02260895884443472,0.9971161016422504,0.05182559506299757,0.0,0.0,0.0,1.0
1544681555540795000,0.7320235386088275,0.6778239287854098,0.06852926738640133,0.4981678350302646,-0.6774428393834382,0.7348694409777518,-0.032219622672393894,-1.0003779794540426,-0.07219929563864483,-0.022839139277822485,0.9971286955184496,0.05022564667876333,0.0,0.0,0.0,1.0
1544681555635732000,0.7291317535111507,0.6811027182521583,0.06682793735613211,0.5299176205739995,-0.6810796008315082,0.7317235834547955,-0.02666785981781588,-1.1126821163950353,-0.06706312960900368,-0.026070761507552498,0.9974080669622941,0.020885732004590717,0.0,0.0,0.0,1.0
1544681555641662000,0.7363768300401266,0.6734099139634873,0.06533186018891188,0.6119086005755814,-0.6736146708370429,0.7387504804658275,-0.022158583993882073,-1.2939385963323558,-0.06318575324515927,-0.02769143165673334,0.9976175345289555,0.07300677545124806,0.0,0.0,0.0,1.0
1544681555736582000,0.7218175254757844,0.688933645581078,0.06595371030033383,0.6938731786406624,-0.6898710566640702,0.7238492440810561,-0.01096344017570249,-1.3345658646027692,-0.055293626153593546,-0.03758595255747948,0.9977624522285503,0.08497341072944502,0.0,0.0,0.0,1.0
1544681555742502000,0.7031200826909251,0.7082685986393576,0.06306933881164337,0.6020921972095349,-0.7094872493952425,0.7047056378944212,-0.004219818168559039,-1.6552620811426424,-0.04743408333959806,-0.04177985281503198,0.998000226270755,0.05905217112318274,0.0,0.0,0.0,1.0
1544681555837471000,0.7118907127360967,0.7004874730104464,0.05028830157734922,0.9597061880570181,-0.7012777360156368,0.7128832819185004,-0.002638812212741235,-1.774930325166283,-0.03769814436922049,-0.03338752037133025,0.9987312568426862,0.10898408555275027,0.0,0.0,0.0,1.0
1544681555843346000,0.6806541179317749,0.7297671634382776,0.06441939855178137,0.7067616137806402,-0.7310523571659797,0.6823023642659096,-0.005092622039105398,-1.9650848058063561,-0.047669936276409315,-0.043627638996506735,0.9979099189260484,0.04040942848370018,0.0,0.0,0.0,1.0
1544681555938350000,0.686013683024819,0.7262744235694771,0.04371142152274759,0.9915187153135191,-0.727171287765185,0.6864163257025647,0.007385530374824655,-2.194967504165635,-0.024640311537150444,-0.036852265572268235,0.9990168995415218,0.11634801790204155,0.0,0.0,0.0,1.0
1544681555944209000,0.6674098026659842,0.7422390290816391,0.06037697419788764,0.8522473962151433,-0.7436861102504868,0.6685250512327158,0.0022858903716703,-2.239125157320025,-0.03866684271886477,-0.04642714273179564,0.9981730289343134,0.05423125892933425,0.0,0.0,0.0,1.0
1544681556039208000,0.6375802058202356,0.7677611359281021,0.06351629164725621,0.9083291276635854,-0.7696870039229079,0.6383409512337939,0.01013636868502116,-2.5450143355786485,-0.03276274009315555,-0.055350412250737537,0.9979293235120652,0.023214658788930545,0.0,0.0,0.0,1.0
1544681556045063000,0.6375716639470159,0.7677682099449582,0.06351652643010829,0.9084061937427917,-0.7696941249044736,0.6383323526023376,0.010137144997134967,-2.54516106163057,-0.03276167607685735,-0.05535145363108739,0.9979293006829507,0.023205652542067322,0.0,0.0,0.0,1.0
1544681556139543376,0.6099140333928922,0.7897469563464512,0.0656095786599324,1.5355609299354522,-0.7920044322771229,0.6102950378523666,0.016399573963276,-3.62215157603182,-0.02708968666886612,-0.06196540740036664,0.9977105978999519,-0.02839958281059963,0.0,0.0,0.0,1.0
1544681556140036000,0.6021823687021387,0.7961422726965243,0.05944641662786945,1.0715250243742793,-0.798067131978429,0.602303206074814,0.017880179186105707,-2.928065324911217,-0.021569600831177642,-0.05820935987970713,0.9980713515287326,0.0737497843013271,0.0,0.0,0.0,1.0
1544681556145946000,0.6020214971355765,0.7962763941443196,0.059279179440628035,1.0693131735423111,-0.7981839766653569,0.6021586240006248,0.017530856691781296,-2.9327882144971116,-0.021736061771062725,-0.05786964377103505,0.998087495136828,0.07735596270863324,0.0,0.0,0.0,1.0
1544681556240899000,0.5819103474149875,0.8113929177347882,0.054971634696461,1.0546831878000364,-0.8123457977742877,0.5831236026747217,-0.00782105121462838,-3.3593798986717904,-0.03840120323390883,-0.04010482581299599,0.9984572852840032,0.177560222184371,0.0,0.0,0.0,1.0
1544681556246791000,0.5815494191675077,0.8116681547444063,0.054727320779910694,1.0588958379377464,-0.8125987944455386,0.5827663557315585,-0.008159282628387542,-3.3640687801266704,-0.03851587116488357,-0.03972632881562849,0.9984679997211893,0.1752123648646258,0.0,0.0,0.0,1.0
1544681556341762000,0.5655021208099021,0.8234741109223942,0.04580109169094309,1.2959790474958754,-0.8234124432275279,0.5668736526976728,-0.025420665122533357,-3.6296797275342207,-0.04689669175522035,-0.023337748772537456,0.9986270824410111,0.07298195089610628,0.0,0.0,0.0,1.0
1544681556347654000,0.5644343042424467,0.824235024487518,0.045282895252031025,1.3038989228548938,-0.8241501701266842,0.5657880355730082,-0.025698168856859136,-3.638660422498897,-0.046801851186723954,-0.022814977766766213,0.9986436118631081,0.07052290965603585,0.0,0.0,0.0,1.0
1544681556442639000,0.5368350930813249,0.8430857305816991,0.03185174604142494,1.5957600778204535,-0.8424338218426027,0.5377125328610293,-0.03421239278155217,-3.9759551812082403,-0.045971063203163576,-0.008466575086619918,0.9989068917843534,0.007745176707638297,0.0,0.0,0.0,1.0
1544681556448499000,0.5361649218323913,0.8435467524847714,0.03092010622344566,1.6083097804535813,-0.8428783775042331,0.5370018993008008,-0.034423841783878015,-3.9907860246856903,-0.045642275713413935,-0.007605032526652895,0.9989288994457896,0.006023305530319095,0.0,0.0,0.0,1.0
1544681556543468000,0.5330948932840042,0.8460441796536827,0.004368160784609342,1.9504522809836329,-0.8451765014302122,0.5327692513769131,-0.04282062841050839,-4.404263352783392,-0.038555365186933935,0.01913559148323346,0.999073227022866,-0.015268057049479157,0.0,0.0,0.0,1.0
1544681556549380000,0.5327362034192387,0.8462740930409094,0.0035067098879790304,1.9682502983699204,-0.8453977522474047,0.532364705887461,-0.04347942525378502,-4.426255698087603,-0.0386623597507336,0.020198499279470372,0.9990481682908753,-0.015173509137626273,0.0,0.0,0.0,1.0
1544681556644347000,0.5384261845131163,0.8425831477639321,-0.01228344149100142,2.3602755310184,-0.841667416812697,0.5370149359165612,-0.0566649634110075,-4.9215448347635125,-0.04114855169364977,0.040848472514265884,0.9983176844004948,0.010224386004324813,0.0,0.0,0.0,1.0
1544681556650261000,0.5382563125915025,0.8426761839048375,-0.013303797765118069,2.3847005881330006,-0.841770046608957,0.5367705112738994,-0.05745090824963679,-4.952954670171387,-0.041271425797404525,0.042122052494302634,0.9982596867079776,0.013090315748762661,0.0,0.0,0.0,1.0
1544681556745188000,0.5588226432910932,0.8287181373881625,-0.030716479437671793,2.827612891155728,-0.827989146252546,0.555493481836989,-0.07655694171401443,-5.532879150505886,-0.04638132202876462,0.06821466411638659,0.996591958911147,0.08484670794659524,0.0,0.0,0.0,1.0
1544681556751096000,0.5584612023842599,0.8294453580410408,-0.011894681823898148,2.95126028380613,-0.8286433846448538,0.557143502943334,-0.054233368071137024,-5.351895599995149,-0.03835657069977339,0.040143681348185155,0.9984574394194088,0.044623660780551244,0.0,0.0,0.0,1.0
1544681556846027000,0.6273820343493175,0.7782395427012441,-0.02711083089594625,2.8534615948331985,-0.7774059171991016,0.6239351117979689,-0.07965560978038326,-5.8277068460695,-0.0450757460230758,0.07105061887004552,0.9964537052360449,-0.07322634638986862,0.0,0.0,0.0,1.0
1544681556851940000,0.5921413710404427,0.8058287796504662,-0.0029282399818851674,3.0332932340197427,-0.8046979147563574,0.5911096811302184,-0.05523233528380988,-5.576916319117033,-0.04277689433703307,0.03506169934805035,0.9984692356551167,0.018456137787834292,0.0,0.0,0.0,1.0
1544681556946909000,0.6769158750211604,0.7360603874826193,-6.421269930118895e-05,2.89741697629987,-0.7339153743557436,0.674936559316435,-0.07634699851575619,-6.03974085148104,-0.05615266181231116,0.051727621992777716,0.997081306461195,-0.07717816188560622,0.0,0.0,0.0,1.0
1544681556952836000,0.6288793078050692,0.7774866297757955,0.00503554708888313,3.087009097671236,-0.776572960893125,0.6284306034724099,-0.044826476874514666,-5.826160536890582,-0.03801647832576963,0.024279974035654815,0.998982097055063,0.06912116745387742,0.0,0.0,0.0,1.0
1544681557047743000,0.6685906417092619,0.7435617436870879,-0.010123593423540796,2.745686901571379,-0.7426281073197493,0.6669207083243442,-0.06099395893734136,-6.470740109828652,-0.03860114036501188,0.048298055169704604,0.9980867947374844,0.017211683820746105,0.0,0.0,0.0,1.0
1544681557053675000,0.6603996863231798,0.7508518762848404,0.00968060864699935,3.0910508310632983,-0.7500153323374248,0.6601849049287879,-0.04040906535595574,-6.114737617117267,-0.03673221424070813,0.019425529174077985,0.9991363236582288,0.07866623739500926,0.0,0.0,0.0,1.0
1544681557139362340,0.6485953742223642,0.7610862062019155,0.008475096845111912,3.043194478341408,-0.7601449211328293,0.6482801931223323,-0.04373202580751915,-7.239378487422404,-0.038778079030849795,0.021922087821208414,0.9990073486477675,-0.020104744423217153,0.0,0.0,0.0,1.0
1544681557148627000,0.6480758913323298,0.7615290188652143,0.008437564813651068,2.7291364151447723,-0.7605827017692387,0.6477567058059635,-0.043877144993850814,-6.672398571184392,-0.03887920836648743,0.02201825400868872,0.9990013031258753,-0.03785813139574212,0.0,0.0,0.0,1.0
1544681557154504000,0.6677272214904159,0.7443447212098925,0.009554773030225039,2.9713288287161137,-0.7436059171156449,0.6675495204664621,-0.037787269755705774,-6.257963943827408,-0.03450503892608752,0.01812660287971347,0.9992401255738039,0.06494779766391515,0.0,0.0,0.0,1.0
1544681557249493000,0.617408575700254,0.7865770829887854,0.010155942528292758,2.9639979624885058,-0.7859095963872429,0.6173390516524195,-0.03519377233745417,-6.742207876160879,-0.03395227471361977,0.0137472841590431,0.9993289024240328,0.026340163455080105,0.0,0.0,0.0,1.0
1544681557255408000,0.6172060433419972,0.7867360362666754,0.010154275036547727,2.9639202957207,-0.7860687652704712,0.6171367197358846,-0.03518757479258688,-6.744084614116735,-0.033949909105509136,0.013736025372338534,0.9993291376111736,0.026193521320649105,0.0,0.0,0.0,1.0
1544681557350343000,0.5858731790085723,0.8103690780581196,0.007387519585246327,2.957658611691399,-0.8097203114250985,0.5857295200803668,-0.03569238815302838,-7.115356483865534,-0.03325109598251228,0.014929388254398712,0.9993355182231405,-0.0009607069441294468,0.0,0.0,0.0,1.0
1544681557356239000,0.5854034485589383,0.8107090679075556,0.007321859583573687,2.957723891574138,-0.81006566148866,0.5852599912603105,-0.035557934514186415,-7.120400222138358,-0.03311233142260658,0.014884550461343262,0.9993407945567536,-0.0012923241554545157,0.0,0.0,0.0,1.0
1544681557451201000,0.5523360369847518,0.8335921820942563,0.0069982997446493235,2.9725220430775012,-0.8330689852591292,0.5522560821750516,-0.031769254004247086,-7.447725923624413,-0.030347455367773123,0.011717237387853636,0.9994707290864997,-0.018961787887184486,0.0,0.0,0.0,1.0
1544681557457102000,0.5513774033823595,0.8342281058758914,0.0068136925413929275,2.97312289138368,-0.8337141982755427,0.5512952687636025,-0.03153033828916511,-7.455173662293777,-0.030059850849476936,0.011704443839204194,0.999479570257097,-0.019246994662268695,0.0,0.0,0.0,1.0
1544681557552060000,0.506192607620585,0.8624181488136217,0.0019951408886670825,3.0062684942572946,-0.8620251107645803,0.5060292482019257,-0.029105126275452378,-7.740957042555111,-0.02611038876740995,0.013012938218954138,0.9995743649360619,-0.027884391984310985,0.0,0.0,0.0,1.0
1544681557557935000,0.5045373932431478,0.8633879659648223,0.0017997351304939937,3.0075972523535426,-0.8629899853645076,0.5043660672891284,-0.02937950523496229,-7.7500181323362884,-0.026273636595797192,0.013269905592094964,0.9995667089422349,-0.02806100118931935,0.0,0.0,0.0,1.0
1544681557652914000,0.46527640108304497,0.8851557796753652,-0.004137185334739627,3.060062123069276,-0.8847706563431098,0.46492422511801484,-0.032036706644248465,-7.996191880415589,-0.026433998361996638,0.018566383754020203,0.999478130388497,-0.028651535374978325,0.0,0.0,0.0,1.0
1544681557658793000,0.46400262909453016,0.8858214043049497,-0.004690401749508342,3.062915499890544,-0.885448219308518,0.46363793375406004,-0.0319580554419055,-8.005845872501197,-0.02613448137478636,0.01898172962273515,0.9994782052770317,-0.02846232284489593,0.0,0.0,0.0,1.0
1544681557753777000,0.4292981269691593,0.9030304629649964,-0.015462895524062341,3.144096363390548,-0.9028242098682705,0.42860547500675034,-0.03472452836204775,-8.20576943995358,-0.024729825241949433,0.02886745141950326,0.9992772918424834,-0.01826597460983296,0.0,0.0,0.0,1.0
1544681557759676000,0.42758393755686364,0.9038459645733888,-0.015311716682704563,3.1491753351940215,-0.9036273635764112,0.42688773491814486,-0.03499213586505565,-8.215048348729953,-0.025091116741047425,0.02879816141452573,0.9992702846376577,-0.017424051012994497,0.0,0.0,0.0,1.0
1544681557854633000,0.3953132235405999,0.9184440183285384,-0.01371278565640916,3.2614069478986067,-0.918083077223587,0.39459570294451785,-0.03765228457074887,-8.366841096805784,-0.02917050924498884,0.027473922440073906,0.9991968099309283,0.0035107959984093814,0.0,0.0,0.0,1.0
1544681557860535000,0.39259664143564,0.9196024364364843,-0.014115099487312568,3.2693176694157704,-0.9192493008760005,0.3918673357984461,-0.03769235961313488,-8.374717391478336,-0.029130739304656508,0.02777318912740805,0.9991896967009127,0.00511891768653993,0.0,0.0,0.0,1.0
1544681557955462000,0.3735143395277158,0.9275220392333996,-0.01378059880719454,3.415204707331831,-0.9272216467679604,0.3728732412052275,-0.03500805275947098,-8.477914023610873,-0.027332323942066396,0.02585367922406182,0.9992920150479057,0.03679839459826715,0.0,0.0,0.0,1.0
1544681557961417000,0.35637517455663237,0.9341077800360372,-0.020961637242159912,3.9708853132653426,-0.9338895849273681,0.35541381065077043,-0.0391313986828901,-8.969314036402126,-0.029102888583665415,0.03352131373973821,0.9990141857857905,0.03506703487182649,0.0,0.0,0.0,1.0
1544681558056341000,0.40401638604512075,0.914696525991441,-0.010051126614784314,3.82751285456691,-0.9142351692816014,0.4033946372053762,-0.03803711243748826,-9.01938835086736,-0.03073784403103888,0.02455671014472476,0.9992257767547812,0.01403645279696474,0.0,0.0,0.0,1.0
1544681558062253000,0.3403716346301962,0.9401958301677831,-0.01337726707076104,4.1474742330115095,-0.9402114244685507,0.34012331236620225,-0.01784964100087239,-9.307865173523696,-0.012232237652498385,0.018652970813125797,0.9997511885673633,0.07357325369448507,0.0,0.0,0.0,1.0
1544681558139230312,0.407983022677796,0.9124667942361298,-0.03089017033178486,4.3926221088236534,-0.9127843682045373,0.4069406114150089,-0.03498622504095969,-10.512180563015656,-0.019353303804018965,0.0424698504543245,0.9989102869798981,-0.048296567904845,0.0,0.0,0.0,1.0
1544681558157196000,0.41903225817666273,0.9073493729164775,-0.03360181654968342,4.092752016783998,-0.907742980555216,0.41780993319081605,-0.03791491764220936,-9.322318505662746,-0.020362904019124366,0.04638938666507714,0.998715863969699,0.058231939561769946,0.0,0.0,0.0,1.0
1544681558163087000,0.3427936697212913,0.9391466328222363,-0.02227334859555599,4.341886257743253,-0.9393560211501792,0.34242149218626333,-0.01891526414895246,-9.567126751735055,-0.010137333372357372,0.027406636925778837,0.9995729641824608,0.031170496960094364,0.0,0.0,0.0,1.0
1544681558258054000,0.42982183208878155,0.9022856017382551,-0.03367321718627955,4.09496633767776,-0.9027366116821437,0.4286999276746152,-0.035818737281115474,-9.596866872574672,-0.017883025148864876,0.04579372126845602,0.9987908352122071,-0.009732294383205053,0.0,0.0,0.0,1.0
1544681558263987000,0.380174143939601,0.9243567804750735,-0.03212728854954513,4.597208981276751,-0.9247840953574157,0.37930676275035996,-0.03001260911358132,-9.84695451595087,-0.015556260918213103,0.04112082345472684,0.9990330728382555,0.0032070055956822346,0.0,0.0,0.0,1.0
1544681558358900000,0.4317488756044172,0.9012509373646463,-0.0366013157367134,4.0679501539812195,-0.9017771411943935,0.43040017932632824,-0.03941666215110431,-9.82594159346227,-0.019771090854806453,0.05002432943282595,0.9985522872795403,-0.04649658262724023,0.0,0.0,0.0,1.0
1544681558364827000,0.40327163250365267,0.914032112253507,-0.04378684947824067,4.517321932535431,-0.9147920218150326,0.401481751106508,-0.044361699156082325,-10.173579119563886,-0.022968396578828293,0.0579456754024197,0.998055485161396,-0.022215273467663454,0.0,0.0,0.0,1.0
1544681558459779000,0.4202957499514157,0.9068429305214845,-0.03142263413487878,4.412750486295373,-0.9070102697164043,0.4188711667075029,-0.04335108222492977,-10.23963415093426,-0.026150587025032708,0.04672092747680903,0.9985656221470638,0.026250743277699565,0.0,0.0,0.0,1.0
1544681558465686000,0.4202234395010585,0.9068798257115681,-0.031324792277904155,4.411810560720861,-0.9070440236060239,0.41880415419777317,-0.043292258745431945,-10.24040703988225,-0.02614192293034981,0.04660538750014895,0.9985712481948705,0.026581518951784296,0.0,0.0,0.0,1.0
1544681558560622000,0.41413849007963605,0.9100306027395825,-0.01826507903066761,4.329711849171806,-0.9098311992141545,0.4132991890951203,-0.03729569988407952,-10.34474286810547,-0.026391285892969144,0.032063723594670426,0.9991373367351248,0.060475164667836236,0.0,0.0,0.0,1.0
1544681558566517000,0.41382773639570525,0.9101781831935087,-0.01795214271811661,4.328838938519405,-0.9099704615404562,0.4129991352256549,-0.03722194818514482,-10.346839984178551,-0.026464385756049286,0.03173939415654122,0.9991457587084727,0.06105485414892512,0.0,0.0,0.0,1.0
1544681558661487000,0.4034459271342691,0.9149832720776084,-0.006082408808809274,4.301649144813654,-0.9144533456748238,0.4029639704302088,-0.03735126663487927,-10.481786330427765,-0.03172479255844652,0.020631295482126853,0.9992836870397943,0.08681750062942635,0.0,0.0,0.0,1.0
1544681558667403000,0.40327433225176124,0.9150612035749301,-0.005727709743076765,4.301501215005465,-0.9145193054590426,0.4028008126192347,-0.03749593705968075,-10.486083897026555,-0.03200395115604361,0.020359250116005628,0.9992803650853533,0.08733216897976373,0.0,0.0,0.0,1.0
1544681558762357000,0.3906202575127731,0.9205068548772388,0.009107389563746016,4.319616897654938,-0.9197127070807065,0.39066740536588174,-0.03882672815179147,-10.655979867313992,-0.03929822966670319,0.006790324638919883,0.9992044538713563,0.09852997872363364,0.0,0.0,0.0,1.0
1544681558768246000,0.39024417001138995,0.9206631691182444,0.009424266617243863,4.321180640494013,-0.919874895881075,0.3903054183401637,-0.03862455620575232,-10.663104208407526,-0.03923854864676719,0.006403861605279549,0.9992093508652923,0.09867290831340103,0.0,0.0,0.0,1.0
1544681558863211000,0.37909564921764255,0.925184062855769,0.017914758774362813,4.386742029400675,-0.9247744859219592,0.3794729169753614,-0.028150585606389004,-10.872100245844804,-0.03284263893210452,-0.0058953473096657995,0.9994431479319215,0.09470667787679456,0.0,0.0,0.0,1.0
1544681558869091000,0.37866257183523633,0.9253584052142818,0.018068718560233014,4.390971489401451,-0.9249622792047866,0.37904277998374075,-0.02777324234732261,-10.882847558728649,-0.03254902055996391,-0.006196195726343034,0.9994509334725282,0.09411815160438344,0.0,0.0,0.0,1.0
1544681558964043000,0.3675527034346784,0.9298040081396137,0.019222815750325865,4.505875907328327,-0.9295744107750241,0.3679321727967858,-0.0227449126905638,-11.133761117983656,-0.028221003350760717,-0.00950908347574309,0.9995564777946866,0.07342914154009579,0.0,0.0,0.0,1.0
1544681558969951000,0.3671225769489597,0.9299734378465523,0.019246256628855908,4.5136346193664325,-0.9297420604459888,0.3675035488533759,-0.022821976641447337,-11.148844936179312,-0.028296899688949252,-0.009515591418308515,0.9995542701564311,0.07180900851325842,0.0,0.0,0.0,1.0
1544681559064933000,0.357041523001603,0.9338194202389635,0.022419661845385085,4.679745193030141,-0.9337211755128557,0.35747135459265805,-0.019467846428855684,-11.442963672917065,-0.026193839954873507,-0.013982883474353244,0.9995590836554655,0.03423414047971063,0.0,0.0,0.0,1.0
1544681559070810000,0.3609133557195903,0.9325888076857585,-0.004434573540053233,4.593184992427675,-0.9321023861837697,0.36056174019132464,-0.03435655950061229,-11.260512716065831,-0.030441605308254016,0.01653321775873629,0.9993998005687162,-0.054998327856980035,0.0,0.0,0.0,1.0
1544681559138830059,0.37173236861181064,0.9281679827935865,-0.017867340124861884,5.284486394962267,-0.9283306985490778,0.37157392852865656,-0.011615927391495386,-12.73474028889111,-0.004142494132689888,0.020904816542189824,0.9997728884040102,-0.04559867097283335,0.0,0.0,0.0,1.0
1544681559165791000,0.37524872665832876,0.9266584767991964,-0.02219145145070116,5.155449113815397,-0.9269133394614057,0.37525245726810125,-0.004153846741629162,-11.888222535158992,0.004478199392766632,0.022128278072195664,0.9997451100354283,-0.002209474972229627,0.0,0.0,0.0,1.0
1544681559171669000,0.35950915720776144,0.9331122570790212,0.007394698956447541,4.663395160957524,-0.9329660229903902,0.35958394357185164,-0.01654652443286793,-11.354286894257363,-0.018098779772654124,-0.0009503758230306998,0.9998357519895639,-0.003448030694071803,0.0,0.0,0.0,1.0
1544681559266669000,0.39870001164228863,0.9164914200022869,-0.032890390369044724,5.3372290168716985,-0.9170321264889545,0.39879388997179493,-0.003938566783774348,-12.014853385765349,0.009506824053527816,0.031731851243722,0.9994512043682008,-0.02211376153645721,0.0,0.0,0.0,1.0
1544681559272527000,0.36036650018831407,0.9327638520430072,0.009358518254330527,4.825217324681803,-0.9327422525632941,0.360443506803036,-0.008506978704729003,-11.58163015577188,-0.011308219363943299,-0.005663455254199634,0.9999200215264209,0.09464583867803462,0.0,0.0,0.0,1.0
1544681559367491000,0.39275501102846655,0.919535427561146,-0.014074756550998782,5.256967815379807,-0.919600083771079,0.392542534205934,-0.015685814209249745,-12.270469991434625,-0.008898721270685521,0.019103829436100415,0.9997779035668966,-0.06376333364008749,0.0,0.0,0.0,1.0
1544681559373406000,0.3682605437877398,0.9296528167938104,0.011393512034995395,5.182206309014759,-0.9294355567706599,0.3684237028026824,-0.02033521633947802,-11.94903037524591,-0.023102331041969126,-0.0031008773746018306,0.9997282965185744,0.07681041039456403,0.0,0.0,0.0,1.0
1544681559468372000,0.3918021860960346,0.9199882535159383,-0.010614158613007869,5.374356947652787,-0.9200350785508674,0.3918345297767686,0.001074946749758046,-12.524155077125142,0.005147932232037468,0.009344231766778672,0.9999430904438591,0.015622919897590551,0.0,0.0,0.0,1.0
1544681559474245000,0.3799251452362626,0.9249189420119367,0.013484610662421691,5.491704765643242,-0.9245335388958233,0.3801574965998133,-0.026795768989282605,-12.253838529059848,-0.029910190136014602,-0.0022865883913917493,0.999549974758417,0.034263721951553,0.0,0.0,0.0,1.0
1544681559569192000,0.3850178752341007,0.9229080432213542,-0.001406949731023362,5.439752415445151,-0.9228827780498556,0.3850179573925036,0.006967816320695221,-12.586753308791822,0.0069723546376525,-0.0013842841584721754,0.9999747346949145,0.02311802650200992,0.0,0.0,0.0,1.0
1544681559575102000,0.38502253658189667,0.922906066335635,-0.001427951304318835,5.439666080601737,-0.9228806995944145,0.3850227509010503,0.006978223607464765,-12.587400941875792,0.006990038638915843,-0.0013689446554656713,0.9999746323534168,0.023003278632401244,0.0,0.0,0.0,1.0
1544681559670049000,0.3809236093032264,0.924606464363301,0.0002998883129790687,5.415509602384123,-0.9246003065976443,0.3809222207146965,-0.0035404527005926173,-12.82669299896886,-0.0033877595758855837,0.0010713651951517749,0.9999936876109102,-0.008523397396286148,0.0,0.0,0.0,1.0
1544681559675985000,0.38091402197126023,0.924610430289294,0.0002450834973325003,5.415483052269378,-0.9246050860789433,0.38091269749791257,-0.0033093325323791537,-12.829268763030917,-0.0031531987928159655,0.0010339657168004141,0.9999944941109763,-0.008528764992271167,0.0,0.0,0.0,1.0
1544681559770914000,0.38637362985342644,0.9222965589770499,-0.009191052876462978,5.417061790169505,-0.9223272369847852,0.38640516623706395,0.0018749456821395998,-13.008025885005456,0.005280726265530763,0.007752728835543024,0.9999560035950112,-0.00739883764567721,0.0,0.0,0.0,1.0
1544681559776831000,0.3864202440640555,0.92227453393832,-0.009438168589693931,5.417184743827676,-0.922306416424782,0.3864541780189138,0.0020106002583507674,-13.01138207962891,0.005501745100539377,0.007927946807025764,0.9999534381461341,-0.007333745516330709,0.0,0.0,0.0,1.0
1544681559871795000,0.3867570801389197,0.9220247884493071,-0.0170073645055142,5.425268574407532,-0.921994595475093,0.38698429501005555,0.013004665712126658,-13.136660194347654,0.018572207115224237,0.010651051618354135,0.9997707878420371,-0.0033805234928140156,0.0,0.0,0.0,1.0
1544681559877675000,0.3867760483547967,0.922014387409272,-0.017139364905030503,5.425587349814231,-0.921979830268453,0.3870090138177123,0.013312242560767592,-13.139704498576137,0.018907167879066315,0.010653292173654,0.9997644854507732,-0.0032363680029752033,0.0,0.0,0.0,1.0
1544681559972640000,0.3874897820613166,0.9215392294077964,-0.024841848976247576,5.4375927071222145,-0.9214851217583433,0.38796829397589894,0.01859497909193408,-13.209643986721398,0.02677385246975781,0.015686029832811938,0.9995184386953566,0.002136451704207349,0.0,0.0,0.0,1.0
1544681559978545000,0.38750215401365334,0.9215269028744537,-0.025104738863199704,5.438159144693686,-0.9214708525384078,0.387991305660366,0.018820591226277935,-13.211410148868524,0.027084101552812205,0.015840265483032738,0.9995076475107615,0.002381061764933087,0.0,0.0,0.0,1.0
1544681560073489000,0.3872017843033683,0.9215812266273278,-0.0276192136086349,5.455660919119678,-0.9212919731666007,0.38790250243951047,0.027436267602381346,-13.229138820074425,0.035998311225280084,0.014821988032542458,0.9992419277931082,0.00939586333611245,0.0,0.0,0.0,1.0
1544681560079394000,0.3872073074522035,0.921572800789911,-0.027822183592381314,5.456766814383092,-0.9212707210443609,0.38792186040879356,0.02787272436245797,-13.228804660749496,0.036479577876145884,0.014839240587436322,0.9992242177493267,0.00978177363843728,0.0,0.0,0.0,1.0
1544681560139275355,0.3867538655520133,0.9216831885070588,-0.03035700090636427,5.471974827707901,-0.9211834235262739,0.38765754797060936,0.033804226390068456,-13.215484074271867,0.04292490769931424,0.014890450794559577,0.9989673301835926,0.014456958527507014,0.0,0.0,0.0,1.0
1544681560174364000,0.386295763677327,0.9218279728581965,-0.03176116214959162,5.481776555989554,-0.9212297517213082,0.3873027153097822,0.03650138705800007,-13.201177164662575,0.04594918398012073,0.015158996332596809,0.9988287527508132,0.01710670683850153,0.0,0.0,0.0,1.0
1544681560180279000,0.38623249269740345,0.9218481221961708,-0.03194528428627202,5.483692554141302,-0.921224479355249,0.3872572525789892,0.03711170922524209,-13.198025089184801,0.04658240248633513,0.015095029922149101,0.9988003903935182,0.017607658694412835,0.0,0.0,0.0,1.0
1544681560275227000,0.38566928714959237,0.9219269455660912,-0.0361926510316844,5.521022087994764,-0.9209918839329924,0.38702682313622233,0.04454422412197371,-13.11954887265747,0.05507404723705432,0.016153798694447313,0.9983515934322253,0.026866255136172697,0.0,0.0,0.0,1.0
1544681560281108000,0.38926529569811513,0.92033295329276,-0.03820712824172106,5.5209786428400145,-0.9201980865411363,0.3903996490445199,0.028698354516325582,-13.22594773984119,0.041328090823218304,0.023986852843415996,0.9988576574265091,-0.041524430100256055,0.0,0.0,0.0,1.0
1544681560376085000,0.38286537823246913,0.9231450609719516,-0.03488980587498931,5.35890381294256,-0.9222138077952065,0.38414872900655306,0.0441751821106307,-13.216893473853789,0.05418297576512867,0.01526271292193463,0.998414370254902,0.026456576411766967,0.0,0.0,0.0,1.0
1544681560381964000,0.3854214145851243,0.9218513338574897,-0.04050248689104261,5.444703586786527,-0.9218963297047026,0.38657492259656123,0.025826081709430196,-13.21547558317307,0.0394650536070228,0.027385169063124742,0.9988456147269096,-0.03429422608020527,0.0,0.0,0.0,1.0
1544681560476961000,0.3824370960175144,0.9235050158926554,-0.029670746717846915,5.37389404831474,-0.9226215844010339,0.3834188775175154,0.041944920556933565,-13.154513372411886,0.05011266892721152,0.011333577736702502,0.9986792630412793,-0.00024807662586483805,0.0,0.0,0.0,1.0
1544681560482849000,0.3857679395620792,0.9217830697850243,-0.03871781326106548,5.4878958169386385,-0.9216625971784402,0.3869253234903467,0.02875501702627852,-13.194600681055721,0.041486790287079016,0.024591996656962815,0.9988363629404476,-0.0637693141143853,0.0,0.0,0.0,1.0
1544681560577806000,0.3835843198241948,0.9230719834562876,-0.028305175199645923,5.354655573816533,-0.92218700050591,0.3844940074846635,0.04165926435125046,-13.241908140219662,0.04933767001910701,0.010122824035604897,0.9987308560120813,0.009362630865497216,0.0,0.0,0.0,1.0
1544681560583705000,0.3890351643196033,0.9206260632689557,-0.03315558101921086,5.435177859741138,-0.920212122685036,0.39004205761305705,0.03281527931435703,-13.151769856200282,0.043142672452335926,0.01774387000828826,0.9989113398549428,-0.009111799063145026,0.0,0.0,0.0,1.0
1544681560678659000,0.3858790547740883,0.9219375798431065,-0.03359246879423173,5.439018883997586,-0.9211455417969762,0.38704436328286196,0.04107982081893667,-13.176425615112924,0.05087480628176268,0.015091710439860333,0.9985910045467989,-0.03899058716517205,0.0,0.0,0.0,1.0
1544681560684553000,0.38594956482033316,0.9219832539564601,-0.031461291118559234,5.460231312457548,-0.9212276124146023,0.386989214592012,0.0397370597093833,-13.182508878439894,0.048812083953539975,0.013646509198554311,0.9987147506905123,-0.01874956074682069,0.0,0.0,0.0,1.0
1544681560779519000,0.3864286720871247,0.9217375423752068,-0.03275338707816712,5.456761334346927,-0.9209463132139502,0.3875470072176383,0.040806928018116126,-13.203457623524002,0.05030675468168578,0.01439514406891206,0.9986300667717848,-0.023332852235882252,0.0,0.0,0.0,1.0
1544681560785412000,0.38643403234481116,0.9217346689135499,-0.032771004997596616,5.4567524640253735,-0.9209434682092827,0.387553312142117,0.040811255926948606,-13.203559109455309,0.05031766099881526,0.014409384806282614,0.9986293119176449,-0.02335583621987021,0.0,0.0,0.0,1.0
1544681560880381000,0.3857217558308421,0.9219225883054495,-0.0357416878581917,5.457051989385015,-0.9209849992324304,0.3870530718633526,0.04445841596342844,-13.216009800031939,0.054821147996059284,0.015768980097770852,0.998371664761707,-0.026359827042894055,0.0,0.0,0.0,1.0
1544681560886282000,0.3856947379801195,0.921934468399989,-0.03572681164710418,5.457083487545668,-0.9209926862780067,0.38702641312972896,0.04453119538433111,-13.216164805997838,0.05488206370820858,0.015728684495313023,0.9983689536274512,-0.02640375023179373,0.0,0.0,0.0,1.0
1544681560981239000,0.3857418546847956,0.9219085302656567,-0.03588709193768852,5.460400536449859,-0.9208850003440547,0.38710586686266296,0.04604198064622203,-13.221900222439572,0.056338598541798346,0.015287565663550155,0.9982946722538479,-0.028920541266858512,0.0,0.0,0.0,1.0
1544681560987146000,0.38578576973136935,0.9218861011633367,-0.0359910593706819,5.460519502297064,-0.9208599311987424,0.387156730202945,0.04611565212821576,-13.221950871576892,0.05644755960557781,0.015351962102907435,0.9982875288583752,-0.02898360960212222,0.0,0.0,0.0,1.0
1544681561082063000,0.38527397424426313,0.9219018191307501,-0.0407553757612759,5.466013724373129,-0.9208299978222587,0.3869613528346676,0.04830141326106612,-13.21996035146174,0.06029991609183219,0.018919495124795502,0.9980009883880564,-0.031220750955829123,0.0,0.0,0.0,1.0
1544681561087974000,0.38526516726570637,0.9219021866970528,-0.04083024681419944,5.466239958752978,-0.9208309754438968,0.38695733364362944,0.048314972859953016,-13.219750870909417,0.06034124256903237,0.018983679901205537,0.9979972717110164,-0.03128603533860605,0.0,0.0,0.0,1.0
1544681561138172453,0.384977708558535,0.9220135956421519,-0.0410255208869252,5.469643301201452,-0.9208278037781547,0.38671846184189856,0.05024924934496038,-13.215847986846812,0.06219581740051925,0.01843259942755204,0.9978937416259421,-0.032160247972780685,0.0,0.0,0.0,1.0
1544681561182922000,0.384814604009733,0.9220904964045812,-0.04082691491140367,5.473186556357965,-0.9208188426054851,0.3865669091011418,0.051562427121659794,-13.210858599370033,0.06332755832587335,0.017752217561269212,0.9978348957258079,-0.03281505038145409,0.0,0.0,0.0,1.0
1544681561188856000,0.3847875531006367,0.9220994742307774,-0.04087907291196589,5.473598092398434,-0.9208196135240015,0.38654577503800286,0.05170689653979917,-13.210244595767675,0.0634805350350434,0.017746081922038016,0.9978252844301353,-0.03287495645308974,0.0,0.0,0.0,1.0
1544681561283786000,0.3850333574749234,0.921986701237155,-0.04110761940822682,5.484709697107711,-0.9205507264574546,0.3868488649764802,0.0541693242071175,-13.192122696072008,0.0658458324439248,0.016984652137565646,0.9976852449252358,-0.03387864601856946,0.0,0.0,0.0,1.0
1544681561289715000,0.38500413785609794,0.922002324692736,-0.04103080665630508,5.485414253856259,-0.920559490551867,0.3868160730725434,0.05425449260312629,-13.190875344602324,0.06589414381089692,0.016883094322972792,0.9976837790289599,-0.03391306520704002,0.0,0.0,0.0,1.0
1544681561384639000,0.3851977258574541,0.9219743815377182,-0.03982401012433257,5.499668851310898,-0.920320480426538,0.38697359380734875,0.05711086589505866,-13.163283326147907,0.0680655955803141,0.014651876465610598,0.9975732540592336,-0.03439907466440289,0.0,0.0,0.0,1.0
1544681561390573000,0.38520209901005537,0.9219753211884875,-0.039759904899580735,5.500653576643024,-0.920303591261309,0.38697719804301656,0.057358069234539844,-13.161232251651999,0.06826890089776207,0.014496734602982663,0.9975616280992667,-0.0344118475682922,0.0,0.0,0.0,1.0
1544681561485527000,0.38528643182964967,0.9218830485589025,-0.04106105487828323,5.517322361524305,-0.9201310616585784,0.3871726975377077,0.05878887354273031,-13.124334413892136,0.07009418534388537,0.015130996699412858,0.9974256153317135,-0.03425786260450053,0.0,0.0,0.0,1.0
1544681561491427000,0.38407721006643614,0.9219841706983596,-0.04929387070651274,5.5480620863110595,-0.9214035524975913,0.3861622629855894,0.04352240906325144,-13.138560993891733,0.05916240489032173,0.028703582136953194,0.9978356148284652,-0.10443786801502429,0.0,0.0,0.0,1.0
1544681561586400000,0.3879682155629316,0.9206097895618209,-0.044252447117073754,5.523166005446862,-0.9189013459975829,0.39007610367290013,0.05882983653890014,-13.11907481364389,0.07142114558545294,0.017839526515709764,0.9972867046426288,0.015098528162063952,0.0,0.0,0.0,1.0
1544681561592265000,0.3871451873944856,0.9203052369294111,-0.056186072629966985,5.543063094092466,-0.9202908313801331,0.389430519086305,0.03753207270903033,-13.340726906938094,0.056421534496643895,0.03717716617037526,0.9977146229060584,-0.11371656021606551,0.0,0.0,0.0,1.0
1544681561687241000,0.389022526661206,0.9201771300271411,-0.043994580633778604,5.36081803107947,-0.9187273308035422,0.3910403148567618,0.05502330225747828,-13.157617383220535,0.06783483901892685,0.01901371956604509,0.9975153698482709,-0.001978480141519062,0.0,0.0,0.0,1.0
1544681561693121000,0.3908799995111597,0.9187054520614719,-0.05650768385515361,5.529997624151415,-0.9186736268027215,0.39319661760917685,0.03788386619439302,-13.329403476146124,0.0570227445787302,0.037104073269889605,0.9976831633076141,-0.09559103891736755,0.0,0.0,0.0,1.0
1544681561788116000,0.39087313709731436,0.9187887569944261,-0.055185240022451516,5.514545173794077,-0.9179048667032803,0.3935441719029694,0.05073105994982898,-13.303956619683625,0.06832895709821593,0.030825391835935308,0.9971865165755222,0.006559020842538688,0.0,0.0,0.0,1.0
1544681561793982000,0.3910168852768842,0.9189469424325343,-0.05140342811769187,5.490022673493142,-0.918248967409268,0.3933026395138922,0.046172151814874024,-13.284440813683315,0.06264686169455917,0.0291470538011831,0.9976100540664812,-0.12195305681500852,0.0,0.0,0.0,1.0
1544681561888984000,0.3912690754188198,0.9190233372932227,-0.04800641760563201,5.416315285084672,-0.9181012440373754,0.39339725210426485,0.048256685897741715,-13.285455377868812,0.06323461328987942,0.025193402851522696,0.9976806483714287,-0.003614317445736591,0.0,0.0,0.0,1.0
1544681561894840000,0.39126889794565717,0.9190234578491789,-0.04800555617135905,5.416304668092323,-0.9181012995958981,0.39339703770773543,0.048257376670319006,-13.285451050357336,0.06323490476561078,0.02519235292120383,0.9976806564094404,-0.0035934358333958635,0.0,0.0,0.0,1.0
1544681561989841000,0.3901234950886009,0.9195067780561595,-0.04807227567561803,5.417672147980011,-0.9186788386106729,0.39222020990568285,0.046824122314063917,-13.26021656818906,0.06191001590044781,0.02589579213543011,0.9977457380920642,0.015688863935064395,0.0,0.0,0.0,1.0
1544681561995711000,0.3901253963754245,0.919505838257863,-0.04807482202372651,5.418014556224716,-0.9186793362146317,0.3922216915515732,0.04680194321460585,-13.259834688547034,0.06189064804282885,0.025906718937654793,0.9977466560198127,0.015459308655058065,0.0,0.0,0.0,1.0
