1544581167556220000,0.9920870605979631,0.050290750251542955,0.11503957855117546,5.718101338324039e-07,-0.05546200598184339,0.9975686091353321,0.04219995213586314,-6.739563622350036e-06,-0.11263760511731949,-0.048246352265597196,0.9924641350731515,7.59201016656946e-07,0.0,0.0,0.0,1.0
1544581167620790000,0.9907514518450088,0.05185716116261424,0.12538897680086117,0.44938380204100536,-0.05774821763632935,0.9973694213137944,0.0438107382728418,0.041229056412722814,-0.12278723071573555,-0.05064654247171239,0.9911398608212777,-0.04372454739831324,0.0,0.0,0.0,1.0
1544581167657073000,0.9923377228123071,0.05037703236229657,0.11281843153516782,0.44601091369049123,-0.05545452008825902,0.9975636233507323,0.04232745644539563,0.013256372556299629,-0.1104112316998057,-0.04825942371935384,0.9927136485093794,0.09388377752148117,0.0,0.0,0.0,1.0
1544581167721662000,0.9910663890542181,0.051105619998999145,0.12318939926614218,0.6907727500652544,-0.05680939116980961,0.9974482571530379,0.0432396505221753,-0.0017273921047721997,-0.12066526244926769,-0.049851679077862775,0.9914407216425826,0.002014091242393946,0.0,0.0,0.0,1.0
1544581167757950000,0.9926715423308007,0.0512983658191519,0.10941520328945027,0.823979561185419,-0.0563681111871056,0.9974508349497043,0.04375463288995724,0.0018178877016614009,-0.10689174471298225,-0.04960150725957145,0.9930326507168807,0.139863063397441,0.0,0.0,0.0,1.0
1544581167822535000,0.9905615588345404,0.0522052107455358,0.12673757978713823,1.0621986867723872,-0.05800266166315841,0.9974117844799717,0.04249027442213394,-0.004628826544444852,-0.12419134188531944,-0.049440349427297366,0.9910258132103492,0.004468577650187861,0.0,0.0,0.0,1.0
1544581167858800000,0.9930494414270589,0.05139488290280506,0.10588377067716018,1.2390672579086266,-0.05620747633056282,0.9974936396886229,0.04297858054069039,0.002073291731650068,-0.1034095086824991,-0.048631314933387675,0.9934492783841006,0.1708871527845329,0.0,0.0,0.0,1.0
1544581167923360000,0.9900182050269467,0.0538449601849159,0.1302485085438822,1.4212625149207465,-0.059728466165811914,0.9973436087586917,0.04169216230501422,-0.0068870971489321895,-0.12765760472725587,-0.04905554332461314,0.9906044062209838,0.007766836518599821,0.0,0.0,0.0,1.0
1544581167959650000,0.9936940522712444,0.05258592924323047,0.09902954370481125,1.7563336651278194,-0.05710674900842343,0.9974250903348651,0.04338212060484629,-0.01621172524351138,-0.0964932624510446,-0.04876381051671879,0.9941383913145286,0.12628075105868014,0.0,0.0,0.0,1.0
1544581168024224000,0.989205098706556,0.05456043663550803,0.13600158619329367,1.7689707525001044,-0.06065395850372599,0.9973136428266564,0.041068176848407925,-0.008562184672764686,-0.13339553969596324,-0.04887388449843674,0.9898570469533761,0.01283543760950327,0.0,0.0,0.0,1.0
1544581168060531000,0.9941359986812142,0.0513091239968232,0.09518923216826726,2.219183237836051,-0.05570799621807604,0.9974707933478406,0.04414335256181684,-0.07772259830613933,-0.09268352217882349,-0.04918729726981001,0.9944799517857627,0.15942792935547578,0.0,0.0,0.0,1.0
1544581168125079000,0.988403503350748,0.05540112253706475,0.14138327406592371,2.1051463093994953,-0.061696544891295904,0.9972714590735609,0.040536073635342125,-0.010463808706076536,-0.13875176003367745,-0.04878885670854261,0.9891246617836539,0.018864183620897354,0.0,0.0,0.0,1.0
1544581168161366000,0.9945330440860087,0.05159033644031797,0.09078800254985389,2.627743378683513,-0.05578731658844064,0.9974588359102344,0.04431304517252322,-0.08766398848381385,-0.08827117042884752,-0.04913560674883104,0.9948838588601895,0.15988097107665744,0.0,0.0,0.0,1.0
1544581168225965000,0.987980452887676,0.05498527937617938,0.14446883319175427,2.43168836891089,-0.06136491530561135,0.9973104556649655,0.040077452400019774,-0.012612162757409855,-0.14187660794295323,-0.04846105728586835,0.988697402669462,0.025910152090915645,0.0,0.0,0.0,1.0
1544581168262243000,0.9948789191188089,0.05134156055970088,0.08706308317699411,3.0582661598324843,-0.05539482952818984,0.9974591580152129,0.04479554613039925,-0.11204388025746617,-0.08454199639547469,-0.04938898916633668,0.9951951459862491,0.16562137272582614,0.0,0.0,0.0,1.0
1544581168326786000,0.9877715731773734,0.05497629244575068,0.14589354506495422,2.751991869177145,-0.06130390905979024,0.9973478022181674,0.03923253935937176,-0.014982620889243585,-0.14334974697113842,-0.04769663174182202,0.9885220692345689,0.03422976309858967,0.0,0.0,0.0,1.0
1544581168363106000,0.9952866503905782,0.05109727054648448,0.08242300951188969,3.3871976632098035,-0.05494034836276478,0.9974727784770019,0.04505124103893923,-0.14862036908835696,-0.07991271285643939,-0.04936724764527517,0.995578642390371,0.1409263879843235,0.0,0.0,0.0,1.0
1544581168427640000,0.9880427962149209,0.05413406815652079,0.14436389961699864,3.069277975141633,-0.06043375121455522,0.9973858996395687,0.03961223187733512,-0.018442406306818676,-0.14184214663469677,-0.04786303234221273,0.9887314779924167,0.04222244283299223,0.0,0.0,0.0,1.0
1544581168463980000,0.9955876694221203,0.051248867618884815,0.07860500023799818,3.805516384731276,-0.05479747524081542,0.9975420005922574,0.04367142958076312,-0.14604935449087542,-0.07617367788065581,-0.04778609235099024,0.9959488240747885,0.14191288044731162,0.0,0.0,0.0,1.0
1544581168528510000,0.9879168557159708,0.05478287616521091,0.14497973193291938,3.3869682216894272,-0.061098048545106795,0.997351153450656,0.03946777387472122,-0.023738303944468953,-0.14243354470156813,-0.047848857768117446,0.9886471423890489,0.04938642920520017,0.0,0.0,0.0,1.0
1544581168564822000,0.9958832174074548,0.05219141104848533,0.07411257584880249,4.182453056262218,-0.055713552360300525,0.9973736807559056,0.046278947900821585,-0.1826228552697709,-0.07150256897183843,-0.050217502408811295,0.9961754790609169,0.14195858192556796,0.0,0.0,0.0,1.0
1544581168629349000,0.987861055318245,0.054269694266106436,0.14555183155764512,3.706802341518876,-0.06067060917579455,0.9973599961852573,0.03990131816844953,-0.029738912314202746,-0.14300214182927437,-0.04824767656172849,0.9885456737746788,0.05698680200004782,0.0,0.0,0.0,1.0
1544581168665694000,0.9961233342515006,0.05243567967442845,0.07063145515107425,4.497055643838146,-0.05580071620101898,0.997356569470907,0.04654195316783564,-0.19778146316815484,-0.06800428685848353,-0.050302811355871654,0.9964160998993163,0.14942709804908155,0.0,0.0,0.0,1.0
1544581168730207000,0.9878429336801754,0.05496956068114205,0.14541212389848363,4.029797151944394,-0.061390070038438854,0.9973104875346214,0.040038116265968406,-0.036590176002086215,-0.14282015851700058,-0.04847823070176822,0.9885607029764029,0.06562275925732014,0.0,0.0,0.0,1.0
1544581168766553000,0.9964134831822441,0.0518746313697877,0.0668520242990104,4.920684502854018,-0.05504473786389382,0.9974013198714846,0.04648315772524661,-0.23634505576328502,-0.06426700060001356,-0.04999629725153228,0.9966795487492512,0.19932586261822327,0.0,0.0,0.0,1.0
1544581168831072000,0.9879948392525377,0.05589963857805254,0.14401884604868886,4.35592835774349,-0.062391921326496264,0.9972108281830093,0.04096110725733624,-0.04358106801778378,-0.14132744165073194,-0.04945497509252037,0.9887268377439029,0.07432480415660461,0.0,0.0,0.0,1.0
1544581168867370000,0.9966582045762664,0.05247893305069263,0.06259700341610447,5.322535358372248,-0.05544252309353128,0.9973745258602003,0.04658521007961111,-0.2539613635737713,-0.059987914481486826,-0.04990006764523664,0.9969510686915187,0.1637160381304428,0.0,0.0,0.0,1.0
1544581168931940000,0.9886116623376574,0.0559246949016651,0.13971188063342962,4.6860803108175535,-0.062228813423700936,0.9972126002009857,0.0411655776136808,-0.05248949300111313,-0.13702027539693615,-0.04939087466876286,0.9893361337935674,0.08220206731401607,0.0,0.0,0.0,1.0
1544581168968241000,0.9968744899492816,0.05273873043675857,0.05882072424134713,5.666555078599565,-0.0556154229595663,0.9972789340409346,0.04839062354638363,-0.29295072967834646,-0.05610860912004746,-0.051510717623599385,0.9970950155088096,0.13707796762580107,0.0,0.0,0.0,1.0
1544581169032812000,0.9890495304517337,0.05696131993136313,0.13614857452386045,4.988246780573015,-0.06326447288246916,0.9970947165063544,0.042423257607300646,-0.06155866990674299,-0.13333653956851274,-0.05057207081768537,0.9897796890566622,0.08862739348125404,0.0,0.0,0.0,1.0
1544581169069104000,0.9970516558590752,0.053117536362381,0.05537619415839227,6.000192241267163,-0.055811638355715364,0.9972725809392807,0.04829555187336006,-0.30371690786653055,-0.052659819338160656,-0.051243796087845746,0.9972968548981694,0.14518113674504676,0.0,0.0,0.0,1.0
1544581169133662000,0.989330623605533,0.05745318676599225,0.13388072500072873,5.294959970935887,-0.06371223768065326,0.997043996544999,0.04294205075795728,-0.07178563830611759,-0.1310178154527567,-0.05101372642737482,0.9900666299547619,0.094288225832053,0.0,0.0,0.0,1.0
1544581169169940000,0.9971283959748435,0.05344417622869164,0.05365335001536956,6.34014742921028,-0.05601179813001795,0.9972971750222192,0.047550217275473726,-0.3120515509640464,-0.05096705220902396,-0.05041889249020849,0.9974268368502935,0.16416852695269477,0.0,0.0,0.0,1.0
1544581169234549000,0.989834667827191,0.05755399505694448,0.13005717212216758,5.6064591900167144,-0.06363127016778013,0.9970439768476946,0.04306239297313167,-0.0839830101171894,-0.12719430735793458,-0.05090035250096695,0.9905709274408436,0.09991356784819069,0.0,0.0,0.0,1.0
1544581169270792000,0.9972517619133016,0.0551566579081908,0.04946378927271951,6.743052643592126,-0.05748086286470866,0.9972460050775925,0.046865293780300146,-0.3047192358525489,-0.04674263327141315,-0.04957971808294283,0.9976757879139222,0.14722624938151171,0.0,0.0,0.0,1.0
1544581169335379000,0.9902759083574393,0.05697592973767079,0.12691480905464628,5.922578561463088,-0.06296466658028799,0.9970593020200086,0.043682937376108455,-0.09621181172767833,-0.12405271496135212,-0.05124930912607358,0.9909512764131321,0.10525889300139386,0.0,0.0,0.0,1.0
1544581169371663000,0.9974789759506147,0.05436642345345089,0.04560684748359383,7.120109597371806,-0.05659867445748643,0.9971853858307193,0.049172109323207605,-0.381866407551789,-0.04280517008688617,-0.051629432366801016,0.9977485249938034,0.160836881043851,0.0,0.0,0.0,1.0
1544581169436256000,0.990895821217024,0.05815319118283919,0.12142354734520437,6.24260387420781,-0.06411957942093033,0.996889815107347,0.04581894881075476,-0.10837950637862746,-0.11838137957264996,-0.053187431696705416,0.9915427101643094,0.10990472959872825,0.0,0.0,0.0,1.0
1544581169472518000,0.9976323407952612,0.05300506825162341,0.043819805328222945,7.43303083144679,-0.05512694623800618,0.9972899025886778,0.048722376718863245,-0.41304637412216,-0.04111851648387429,-0.05102267078763706,0.9978506675188706,0.1817494049555887,0.0,0.0,0.0,1.0
1544581169537116000,0.991593043479643,0.05852271327875831,0.11540506121168505,6.566693738018904,-0.06432955146689645,0.9968095461672827,0.04724867699572946,-0.12161012464512493,-0.11227174591520517,-0.05427541524733927,0.9921941515494238,0.11387359692121067,0.0,0.0,0.0,1.0
1544581169573405000,0.9977349530097094,0.0532578728436392,0.04109212239447321,7.740230562965267,-0.055259020339611,0.9972588582180592,0.04920579616997962,-0.4274732063934659,-0.03835888702527879,-0.05136505315665388,0.9979429979214218,0.17528634479663474,0.0,0.0,0.0,1.0
1544581169637953000,0.9919352772401047,0.06171531770115659,0.11070512782900575,6.89364141046027,-0.06744452957254422,0.9965301909303185,0.048773086790988913,-0.13566884684926103,-0.10731095562583201,-0.05584620063557113,0.9926558117883776,0.11702284405943941,0.0,0.0,0.0,1.0
1544581169674252000,0.9978233585175865,0.05322862727557933,0.038926320594736885,8.076612771570256,-0.055172116714008713,0.9971895659997706,0.05068537262842876,-0.46152020326805065,-0.03611900793187176,-0.05272269624691393,0.9979557778611592,0.19002872165705767,0.0,0.0,0.0,1.0
1544581169738813000,0.9922306799005522,0.06442234096729979,0.10643326476427445,7.225241936905462,-0.06993615642986048,0.9963517945265687,0.04890844065705722,-0.15049277905770952,-0.10289417810501807,-0.05597198877992282,0.9931162694187006,0.11960995311786031,0.0,0.0,0.0,1.0
1544581169775112000,0.9978598062129542,0.054694700704594694,0.03583708776505348,8.423614697582444,-0.05643644554200428,0.9971763294306334,0.049540848174297776,-0.44947815032803,-0.03302627377149501,-0.05145733901086673,0.9981289533435471,0.21787125868314067,0.0,0.0,0.0,1.0
1544581169839660000,0.9924613314620819,0.06590101377850104,0.10333228892982926,7.561949431775998,-0.07119759066586281,0.9962857112153053,0.04843226932105907,-0.16565251978850412,-0.09975674732010908,-0.05542416450590101,0.9934670368728565,0.1216350380890129,0.0,0.0,0.0,1.0
1544581169875999000,0.9979552305378983,0.05501096411189772,0.03254461045287551,8.730278534991413,-0.05665296180354074,0.9970445732411797,0.051889891975188514,-0.4986542105674218,-0.02959391425507078,-0.05362753768158386,0.9981223809940704,0.18553929352165172,0.0,0.0,0.0,1.0
1544581169940519000,0.992591281154699,0.06774060564963755,0.10086505302580012,7.904038077002786,-0.07292409828303423,0.9961517574702984,0.04861843249678286,-0.18037059448525342,-0.09718345777591747,-0.05561372523989169,0.9937114717560905,0.12394793896751184,0.0,0.0,0.0,1.0
1544581169976852000,0.9979829116997444,0.056288709684072936,0.029354541682690232,9.091192766057478,-0.05778480291880793,0.9969271688694022,0.052887961973153486,-0.49146098676697353,-0.026287344995894527,-0.0544775286897393,0.9981689107365154,0.19859406204066357,0.0,0.0,0.0,1.0
1544581170041362000,0.9928196638460761,0.06719157281395811,0.09896669956783323,8.251203972743902,-0.07220758768099206,0.9962338469242985,0.04800194291595039,-0.19571430756163719,-0.09536864978521542,-0.0548034194663151,0.9939322944008527,0.1264740336566829,0.0,0.0,0.0,1.0
1544581170077713000,0.9980176228860965,0.05720340443319354,0.026241092394109666,9.528399832367173,-0.058551170852223756,0.9968311955679459,0.05384540773745521,-0.5162044677418363,-0.02307779886855389,-0.05527511251758424,0.9982044265257223,0.23442339999847805,0.0,0.0,0.0,1.0
1544581170142253000,0.9929075186127474,0.06742460085704143,0.09792130861844081,8.568389172476225,-0.0723979215133851,0.9962127486048791,0.04815288649346681,-0.21025049173860974,-0.09430376685382766,-0.05490066225811516,0.994028529188573,0.12846734542037444,0.0,0.0,0.0,1.0
1544581170178565000,0.9980747536487652,0.057353774229723105,0.023607852730817384,9.827648681685043,-0.05857200535210258,0.9967872000997627,0.054631473587211966,-0.5550840044351831,-0.020398684221961418,-0.055909053818526844,0.9982274647509595,0.2297422202153027,0.0,0.0,0.0,1.0
1544581170243112000,0.9929755359929769,0.06782959405453381,0.09694705302307606,8.88961904230159,-0.0727513800078507,0.9961864306967463,0.04816463435580156,-0.22616748334891698,-0.09331035112148742,-0.05487933551048085,0.994123451542872,0.13020639560489933,0.0,0.0,0.0,1.0
1544581170279399000,0.9981315372399961,0.05709228858153459,0.02176935808528365,10.110488788168913,-0.058219538045013015,0.9967740401991634,0.05524489274910996,-0.5896078612186284,-0.018545073651722897,-0.05640907169558945,0.9982354916920616,0.19330953274028714,0.0,0.0,0.0,1.0
1544581170343974000,0.9929800114197386,0.06850533595285406,0.09642466420393857,9.21507143196269,-0.07332786077640588,0.9961814175516511,0.047387848218066235,-0.24379119988699907,-0.09281013821136029,-0.0541258004168903,0.9942115851137625,0.13182231501399697,0.0,0.0,0.0,1.0
1544581170380272000,0.9982354045108267,0.056293849168872,0.018896553306283214,10.463467675594934,-0.05723161398995905,0.9969303675307637,0.05342644153491205,-0.6082667662269768,-0.015830967791302136,-0.05441364572174283,0.9983929765468377,0.21081936842512627,0.0,0.0,0.0,1.0
1544581170444842000,0.9929581569035041,0.06738195859015031,0.09743598049671696,9.544956852401038,-0.0721847840896727,0.9963004882943489,0.04663361416797566,-0.26170435620047333,-0.09393325068754228,-0.053338622788703265,0.9941486487111865,0.13361847462873938,0.0,0.0,0.0,1.0
1544581170481096000,0.9983213088185344,0.055162525793488765,0.01765389778303074,10.794508541213649,-0.056002911758954166,0.9971116521844761,0.05130328403194993,-0.6337356976394828,-0.01477288845723096,-0.052205831341209916,0.9985270717114293,0.23126234850632316,0.0,0.0,0.0,1.0
1544581170545700000,0.9929896536982491,0.06793622844168722,0.09672753751310191,9.878991502208194,-0.07268686662167531,0.9962719076182135,0.04646402384091572,-0.28033691829361496,-0.09321033777941402,-0.05316911656107602,0.9942257681106251,0.1354377186519487,0.0,0.0,0.0,1.0
1544581170581973000,0.9982605725472667,0.05736084639943125,0.013622136320934767,11.174531930655352,-0.058007329727343376,0.9969034963449525,0.05309019375659619,-0.6544224516165821,-0.010534656876639775,-0.05378803096926438,0.9984968045662148,0.24321165345672474,0.0,0.0,0.0,1.0
1544581170646534000,0.9927684663564783,0.06885284525444549,0.09833645259299499,10.218318105713518,-0.07369981057474814,0.9961941944107029,0.04653455644630797,-0.29915031387131463,-0.09475816655810333,-0.05344541816447656,0.9940646242311284,0.13764318656586377,0.0,0.0,0.0,1.0
1544581170682850000,0.9982297117119044,0.05854130793707559,0.010505137818525363,11.530842150375248,-0.05902528618606326,0.9967960421825628,0.05397838344956609,-0.6743442793263521,-0.007311514632622395,-0.05450289491569751,0.9984868432781601,0.26105811531965456,0.0,0.0,0.0,1.0
1544581170747391000,0.9924888998612181,0.06909239578076454,0.10095555704141815,10.562189975483982,-0.07407766436896245,0.9961681603301229,0.046491891617117476,-0.31828233150786656,-0.0973564753568464,-0.05362123823423568,0.9938040448279115,0.1397739052114286,0.0,0.0,0.0,1.0
1544581170783680000,0.998283796021606,0.057889033140456576,0.008849996765816475,11.882126014442903,-0.058287925793936005,0.9968000620821206,0.05470058445502436,-0.7093318202617918,-0.0056551133792737025,-0.055122555049124757,0.9984635815178858,0.28462770807035553,0.0,0.0,0.0,1.0
1544581170848248000,0.9922682766658144,0.06845248693126016,0.1035274077507102,10.911066622104702,-0.07359794351751513,0.9961929462885492,0.04672211976068901,-0.33795988908747965,-0.09993502805647704,-0.05398028156526407,0.993528620307178,0.1416774228137399,0.0,0.0,0.0,1.0
1544581170884535000,0.9982591488774416,0.05859385465134108,0.006740317469296562,12.180204191020332,-0.05888050708851003,0.9966855958214863,0.056132957938878826,-0.7271475562792917,-0.0034289309542917894,-0.05643211212656807,0.9984005504573007,0.3183456975852752,0.0,0.0,0.0,1.0
1544581170949107000,0.9922319200885923,0.06897731061558789,0.10352751990436379,11.265230744269493,-0.07416270309765334,0.9961333312735928,0.04709861776125106,-0.3589343888514404,-0.09987847729394482,-0.05441063265586857,0.9935108317615023,0.14372268086875123,0.0,0.0,0.0,1.0
1544581170985379000,0.9982714038567443,0.05869709554939065,0.002975771488612983,12.570084196781655,-0.05877146247555064,0.9966760254656993,0.05641644671883389,-0.766476328839527,0.00034560146364700264,-0.056493815908998365,0.9984028892805087,0.3176749226439267,0.0,0.0,0.0,1.0
1544581171049965000,0.9922099092748442,0.07042981462151295,0.10275766224075991,11.625060110870836,-0.07564085808703454,0.9959923898176021,0.04772441736973777,-0.3801859215007278,-0.09898462771897422,-0.055125317575530956,0.993560890352239,0.1459267399993549,0.0,0.0,0.0,1.0
1544581171086278000,0.9982167758561897,0.05969175551811913,-0.00040338869646046755,12.873860566420808,-0.05956912144024315,0.9965558358407669,0.05768869752861258,-0.7971490500734716,0.003845538988606019,-0.05756179614010749,0.9983345388470787,0.32975080575815446,0.0,0.0,0.0,1.0
1544581171150837000,0.9921311269515994,0.06954770944135576,0.10411024466982888,11.990647416448464,-0.07479207960946359,0.9960747140647627,0.04734246327020179,-0.40262424511409645,-0.10040902231095872,-0.054756553144436566,0.993438346414259,0.14818594881973823,0.0,0.0,0.0,1.0
1544581171187127000,0.9980964022690886,0.061541888728687565,-0.004020909003266776,13.257503705364394,-0.061219762964090804,0.9965423206977639,0.05617422612671778,-0.7614980082916224,0.007464073963140051,-0.05582113390124704,0.9984128848376562,0.3135782655055348,0.0,0.0,0.0,1.0
1544581171251693000,0.9921306512742947,0.07069337496202029,0.10334029968276925,12.362052735638935,-0.07600302534043529,0.9959334562855967,0.0483744849081157,-0.42580038558516325,-0.09950030623644601,-0.05584798463242503,0.9934690189791278,0.15053573358554703,0.0,0.0,0.0,1.0
1544581171288002000,0.9981478184531016,0.06046278562082039,-0.006721909869240916,13.608897494586012,-0.059996198077739586,0.9966414205235077,0.05573450558765383,-0.8038902574469704,0.010069197263739496,-0.05522798612890312,0.9984229969379752,0.35250614031138944,0.0,0.0,0.0,1.0
1544581171352505000,0.9923063285713151,0.07065192874486151,0.10166835909932129,12.701679283216789,-0.07587348387146028,0.9959402331787897,0.04843827392654194,-0.4472870684207899,-0.09783335179030123,-0.05577953836673869,0.9936384042382155,0.15265447893576992,0.0,0.0,0.0,1.0
1544581171388851000,0.9981535428909001,0.06020131578369723,-0.008081237050147894,13.933019035405877,-0.059634382179103995,0.9965355298720492,0.0579713564163166,-0.861214969254997,0.011543191779818275,-0.05738239521440897,0.9982855380315725,0.40387618351342847,0.0,0.0,0.0,1.0
1544581171453394000,0.992496108352569,0.07132205229048044,0.09932089287797476,13.045526735737248,-0.07647773465198679,0.9958614532757953,0.04910317690255896,-0.4694179570291868,-0.0954077093714366,-0.056330548874457535,0.9938431658244651,0.1542460352146651,0.0,0.0,0.0,1.0
1544581171489707000,0.9980974467147428,0.06070545530035276,-0.010785849910407663,14.246036173850564,-0.05999270373836178,0.9965544582263318,0.05727204629993612,-0.8584472277572124,0.014225412460596866,-0.056516010881853256,0.9983003446630299,0.3989631596549346,0.0,0.0,0.0,1.0
1544581171554216000,0.9927817193679741,0.07277184604542936,0.0953347581520492,13.393127873846458,-0.07774193260037211,0.9957441435219683,0.04949537915062015,-0.49175801502970556,-0.09132715699247716,-0.05654961595665178,0.9942140068067973,0.1561417848775157,0.0,0.0,0.0,1.0
1544581171590553000,0.9979191201905908,0.06255757127097712,-0.01561985386344881,14.676622423660374,-0.06157150654184889,0.9964640241652319,0.05716990577740509,-0.8772959379407863,0.01914103289286953,-0.05608920414043094,0.9982422662052961,0.4073220680742845,0.0,0.0,0.0,1.0
1544581171655085000,0.9929628437001957,0.07451329838444219,0.09204650669468871,13.742856064365796,-0.07931288150919331,0.9956135291604659,0.04963030706484535,-0.5138130791203491,-0.08794462949795741,-0.05658152451563358,0.994517105547187,0.1584137362956936,0.0,0.0,0.0,1.0
1544581171691410000,0.9978761296252311,0.062388539183263016,-0.01873232774521801,15.02498269435538,-0.06122295593204786,0.9964715305855574,0.0574128765993804,-0.9074196545596279,0.022248136801051425,-0.05614409061559044,0.9981747650075262,0.4364367328346683,0.0,0.0,0.0,1.0
1544581171755955000,0.9931304211689211,0.07562942932343686,0.0892869305612766,14.09154553136547,-0.0803438293497276,0.9954902188709832,0.050439004923037836,-0.5347871057118403,-0.0850695928887924,-0.05726616411473399,0.9947279783002586,0.16090639024896822,0.0,0.0,0.0,1.0
1544581171792249000,0.9978099091734193,0.06267255108762322,-0.021155058390470063,15.353200706585044,-0.061365217916642546,0.9964500351225919,0.05763364932246376,-0.9313235639246554,0.024692006507732137,-0.05620924162760975,0.9981136337964063,0.5383567337858565,0.0,0.0,0.0,1.0
1544581171856815000,0.9932723491253369,0.07644584872487176,0.08698317467054607,14.43792810606144,-0.08104513670364256,0.995423717355802,0.05062912938462519,-0.5552030689326123,-0.08271472831195523,-0.05733807756012859,0.9949224183734064,0.16328159112142882,0.0,0.0,0.0,1.0
1544581171893092000,0.9977008774623166,0.06332286291928269,-0.024148998791493504,15.6413058630542,-0.06181138750764773,0.9963484426186021,0.05889934860306286,-0.9523038185198713,0.0277904927143292,-0.05727124866101199,0.9979717894767876,0.5461440674212603,0.0,0.0,0.0,1.0
1544581171957688000,0.9933720535864453,0.07933000689634456,0.0831788023433549,14.781301530188644,-0.08378338959195161,0.9951529962971455,0.05148647967473113,-0.575494663599857,-0.07869121159273298,-0.05811423204894965,0.9952037124385289,0.16519121510053106,0.0,0.0,0.0,1.0
1544581171993972000,0.9976344632759921,0.06299540794127809,-0.027514655410102902,15.979986559125196,-0.06128713401608787,0.9963719913793843,0.05904864095618324,-0.9860621523517891,0.03113462522849403,-0.05722266485397318,0.9978758448518975,0.5540709760794558,0.0,0.0,0.0,1.0
1544581172058554000,0.993733841694155,0.08053214222167675,0.07750887653013004,15.121659674313332,-0.08461508790173441,0.9951120227828413,0.05091511575577068,-0.5963470058194634,-0.07302971156424662,-0.05715449398104622,0.9956907276090371,0.1667843290047543,0.0,0.0,0.0,1.0
1544581172094815000,0.9975434029192046,0.0636959558458467,-0.029154493671786085,16.326816653313156,-0.06186786937577201,0.9962905541656943,0.05981219289673701,-1.0011508149733777,0.03285614145447725,-0.05786153203206805,0.9977838027747401,0.5937445441380137,0.0,0.0,0.0,1.0
1544581172159420000,0.9941639704044278,0.07924327517851436,0.07320179839789631,15.458132487808536,-0.08303509165019964,0.9952767612932931,0.050292563905355275,-0.6161631470419378,-0.06887070134931811,-0.05607737305289522,0.9960482692757107,0.16820417350431008,0.0,0.0,0.0,1.0
1544581172195697000,0.997434838906086,0.06432506671574766,-0.03140108164390054,16.649116424988843,-0.06241038074098563,0.9963312229400766,0.05855799322465148,-0.9929237005958976,0.035052624896824,-0.05644802907761921,0.9977900247552542,0.6309738240260347,0.0,0.0,0.0,1.0
1544581172260258000,0.9943375010745751,0.07971217607670952,0.07027732879020636,15.79050836291695,-0.08338821856311576,0.9952101245512005,0.0510216914229015,-0.6350835434901836,-0.06587365908799338,-0.05659308240323555,0.9962218046511834,0.16956936937384565,0.0,0.0,0.0,1.0
1544581172296542000,0.997306363652145,0.06454954771097715,-0.03483350268413235,16.9748935193935,-0.06239834043529006,0.9962663962974344,0.05966334485631916,-1.035349347411802,0.03855469011493643,-0.05732908074294147,0.9976106015732334,0.6405173805493037,0.0,0.0,0.0,1.0
1544581172361111000,0.9943050835858088,0.08067665494647927,0.06963245006506663,16.118403305246,-0.08434634192288391,0.9951061604367164,0.0514725564269672,-0.6535164913247047,-0.0651390463519784,-0.05705266696260715,0.9962438947530923,0.17161840420662738,0.0,0.0,0.0,1.0
1544581172397414000,0.9972834533683478,0.06372337280998928,-0.036946520748532705,17.254369069544413,-0.06136914954098832,0.9962068995561173,0.06168987567991578,-1.0993026731933362,0.04073746583083406,-0.059254915699094524,0.9974113062539303,0.7107822364476395,0.0,0.0,0.0,1.0
1544581172461996000,0.9940971718149525,0.08208869291006284,0.07093842037872508,16.409151066073793,-0.08582326522604408,0.9949886311863269,0.05130293320949791,-0.6706716999658523,-0.06637153106152828,-0.057088267676253204,0.9961605039140397,0.17359609494953904,0.0,0.0,0.0,1.0
1544581172498296000,0.9971673902188466,0.0642529554540215,-0.0390992787601225,17.512960981891563,-0.06172881471375403,0.996124131618929,0.06265993808225453,-1.114219021921693,0.04297382131220371,-0.060068894794731056,0.997268759442489,0.6982432154713715,0.0,0.0,0.0,1.0
1544581172562842000,0.993827075430853,0.08344956898845247,0.07310207641511046,16.69444738870971,-0.08723409465793057,0.9949221557527966,0.05020076415172739,-0.6873266319443098,-0.06854164332557508,-0.056267872074992224,0.9960602239334656,0.17609268506901685,0.0,0.0,0.0,1.0
1544581172599151000,0.9971700338621518,0.0643324742230994,-0.038900595467036406,17.79500616934438,-0.06192203174348967,0.9962588759102264,0.06028195546638378,-1.1019587002814073,0.04263315085838665,-0.05770255566634012,0.9974230945378466,0.7591465416235248,0.0,0.0,0.0,1.0
1544581172663717000,0.9937954956429114,0.08351360111516093,0.07345741125739143,16.972798931667594,-0.08725223488046618,0.9949682730818692,0.04924614775641259,-0.7037338069305413,-0.06897507048364439,-0.055349923118829004,0.9960817364365826,0.17884658579486787,0.0,0.0,0.0,1.0
1544581172699976000,0.9970591805286318,0.06485739794304789,-0.04082289131884477,18.072084701489782,-0.06232568403467376,0.9962203675269885,0.06050197049685247,-1.1154556885315188,0.04459259617002602,-0.057779730498239035,0.9973329449639006,0.782723371219956,0.0,0.0,0.0,1.0
1544581172764562000,0.9936775145761501,0.08435930282283935,0.07408444541879514,17.24426027898715,-0.08805663665296265,0.9949515021892438,0.04814080423857628,-0.7195004077128035,-0.06964930557539047,-0.05436006179736444,0.996089332296181,0.18163147445855873,0.0,0.0,0.0,1.0
1544581172800821000,0.9969033997081567,0.06537539355999576,-0.043699766214432986,18.353796832964118,-0.06274079673109097,0.9962748150252217,0.05916151935176485,-1.1130705516039716,0.04740468411315794,-0.05623656162441835,0.9972914544208179,0.7583241215380901,0.0,0.0,0.0,1.0
1544581172865365000,0.9935830979574052,0.08494305490583395,0.07468135561590744,17.509228735597237,-0.08859579428415092,0.994956529277129,0.04703498787038833,-0.7345573248097462,-0.07030940682814499,-0.053349622979657875,0.9960975881104245,0.1846777968302223,0.0,0.0,0.0,1.0
1544581172901677000,0.9967420599031802,0.06570662346356029,-0.04677505374648373,18.634508885258008,-0.06284404246046778,0.9962034991046316,0.06024296389550588,-1.1522333520556738,0.05055583395806467,-0.05710716246414468,0.9970871976151798,0.7646542116776542,0.0,0.0,0.0,1.0
1544581172966235000,0.9934585734173526,0.0853403840065947,0.0758754358219286,17.76627145973205,-0.08902157720094947,0.9949422622525311,0.046530136218032606,-0.7476201559560025,-0.07152077807334067,-0.052980313715759175,0.9960310560732352,0.1874047317273218,0.0,0.0,0.0,1.0
1544581173002535000,0.9966917749658143,0.06589290448923459,-0.04757762975884118,18.866331245115287,-0.0628681956218528,0.9960633279879068,0.062493492596514405,-1.1868635310399076,0.05150820997422793,-0.05929563032492994,0.9969106943601399,0.8169357936042816,0.0,0.0,0.0,1.0
1544581173067112000,0.9932291410833358,0.08507822059253375,0.07910480190017946,18.01635971687259,-0.08892887769113508,0.994952186747118,0.04649516963859117,-0.7594507496889275,-0.0747497693337822,-0.05321505865762436,0.9957814165350817,0.19026514487907564,0.0,0.0,0.0,1.0
1544581173103401000,0.9965424088542766,0.06692870106098991,-0.049231862946744184,19.157385737091026,-0.06372625438181842,0.9959150297421786,0.06397044658355208,-1.194855833563848,0.05331221114699765,-0.060611900712021695,0.996736678182703,0.8949558238588039,0.0,0.0,0.0,1.0
1544581173167979000,0.9929862489871141,0.08561923703094629,0.08153315627853301,18.25969202158083,-0.08957531860889884,0.9949097609081974,0.04616091361430696,-0.77131338942662,-0.07716587081485791,-0.05314051091052757,0.9956010820009958,0.1935672848494344,0.0,0.0,0.0,1.0
1544581173204260000,0.9965815302031771,0.06615447531064003,-0.04948574597063688,19.353653992684603,-0.06291750861691844,0.9959429773167452,0.0643348509199951,-1.2176077612001386,0.05354101948353607,-0.061001404326719806,0.9967006510998307,0.9261287945534691,0.0,0.0,0.0,1.0
1544581173268846000,0.9929362328414354,0.08529549540969049,0.08247615396873967,18.49751651533151,-0.08924367169629245,0.9949734095801231,0.045425557681424304,-0.7843661962082547,-0.07818698467663385,-0.05246515692647376,0.9955572322754018,0.1965026325949776,0.0,0.0,0.0,1.0
1544581173305094000,0.9964667222854964,0.06642045285882146,-0.0514042295889329,19.58675267651373,-0.0631379636120337,0.9960116496974293,0.06304277292385968,-1.2063812626938946,0.055386541041376455,-0.05957446692193652,0.9966861160678597,0.945214147913958,0.0,0.0,0.0,1.0
1544581173369680000,0.9928344149726553,0.0856071149778135,0.08337413454471983,18.730848218515174,-0.08953970200734476,0.9949830973880219,0.04462373445346204,-0.7974030909669935,-0.07913574546525444,-0.05176927445225255,0.9955186969677408,0.2003512858728011,0.0,0.0,0.0,1.0
1544581173405966000,0.9963615662600838,0.06575250510602694,-0.05422395551818124,19.81450592753567,-0.06244708235275468,0.9962096802763003,0.06055274419397366,-1.2277622565312536,0.057999924011881275,-0.05694629923071776,0.9966910894648036,0.9052102730837265,0.0,0.0,0.0,1.0
1544581173470550000,0.9928466661151034,0.08615356338417895,0.08266233181041212,18.958967111041922,-0.09005284160710716,0.9949352985644141,0.04465688512450441,-0.8098089359393952,-0.07839632199670937,-0.05178141738834648,0.9955765673772378,0.2042719714184983,0.0,0.0,0.0,1.0
1544581173506824000,0.9962687071424257,0.06589053878439388,-0.05574136764973962,20.007085756744765,-0.06245244042495101,0.9961622002839112,0.061323432800895375,-1.2359498316114335,0.05956807747215792,-0.05761343267173283,0.9965602523290034,0.9107688973349952,0.0,0.0,0.0,1.0
1544581173571405000,0.9927939452814482,0.08672383548633679,0.08269920538333371,19.181841763988295,-0.09061819443919841,0.9948885440122793,0.04455477336610239,-0.8220011698390784,-0.07841253119926488,-0.051727761904647736,0.9955780801118828,0.20817637017539867,0.0,0.0,0.0,1.0
1544581173607686000,0.9962159230744992,0.06615441769388834,-0.05636867598595213,20.209672094297087,-0.06262402404868353,0.9960939398309518,0.0622502581842322,-1.2542022842749974,0.06026662612737282,-0.05848466509809392,0.9964674995821907,0.941006926837387,0.0,0.0,0.0,1.0
1544581173672266000,0.9928931207004954,0.08768994440081128,0.0804594588386716,19.378042969761403,-0.09146960006249064,0.9948107473326616,0.04455209597580949,-0.8328838250427304,-0.07613516355822246,-0.051595064128387234,0.9957617115693655,0.21111712182717246,0.0,0.0,0.0,1.0
1544581173708549000,0.9962122093741368,0.06564417272882424,-0.057026980286980805,20.38387370352465,-0.06198741082276793,0.9960430161151598,0.06368572012394944,-1.2907881005282884,0.06098192185715959,-0.059909537095231516,0.9963393260188214,0.9989089767006649,0.0,0.0,0.0,1.0
1544581173773121000,0.9929667654131833,0.0886722427391051,0.07844893977931361,19.57225577271822,-0.0922977772680772,0.9947651198059362,0.043857459215651054,-0.8443543020707409,-0.0741493297087273,-0.0507896621872735,0.9959529542697546,0.2135796666413015,0.0,0.0,0.0,1.0
1544581173809409000,0.9960624072025388,0.0658676950545776,-0.05933909087679578,20.608530347400322,-0.062046517151225625,0.9960135443835499,0.06408782344503988,-1.3126193175128251,0.0633238554360838,-0.06015368777321234,0.9961785096959229,0.9806896654691609,0.0,0.0,0.0,1.0
1544581173873992000,0.9930460254283222,0.08927603276571479,0.07674230485611072,19.765639750865237,-0.09273234176772567,0.9947744631367338,0.04271393544610773,-0.8569038078548848,-0.07252795441267418,-0.04953339746711906,0.9961356023976257,0.21666443053450204,0.0,0.0,0.0,1.0
1544581173910245000,0.9957213934103369,0.06771502346133797,-0.0628775182605835,20.83180246986841,-0.06350735907959838,0.9957522522990022,0.06666533870161336,-1.3414029119921191,0.06712467540118483,-0.06238691881393361,0.995792222460683,1.0149214228405097,0.0,0.0,0.0,1.0
1544581173974852000,0.9930920914892584,0.08987180572803213,0.07543975315888839,19.957833164930715,-0.09316016608866098,0.9947959257588402,0.04125832701339156,-0.8704161907837037,-0.07133919873270392,-0.04800129819904643,0.9962964388651534,0.2198143199095371,0.0,0.0,0.0,1.0
1544581174011135000,0.9956527559987405,0.0676277656003946,-0.0640474417288761,20.988348976618422,-0.06337427548106578,0.9957874481786397,0.06626506815150712,-1.3566072170673065,0.06825899705801132,-0.06191803751550899,0.9957443778153403,1.086112752200524,0.0,0.0,0.0,1.0
1544581174075675000,0.9930597415551083,0.09122797889366288,0.07422806456778121,20.15045789627465,-0.09434520454827935,0.9947506166378772,0.03962566185319117,-0.8850795201380205,-0.07022344395744658,-0.04635371145375037,0.9964537125994465,0.22162181600689423,0.0,0.0,0.0,1.0
1544581174111995000,0.9954120957880882,0.06821835402499594,-0.06708960972377255,21.188218732024897,-0.06361150143341987,0.9956169194914826,0.06856038584837068,-1.417123297441289,0.07147262723696213,-0.0639781665602552,0.9953885963579405,1.050739534562453,0.0,0.0,0.0,1.0
1544581174176541000,0.9929380312009382,0.09279428081686522,0.0739140557843075,20.344601150628133,-0.09573790028017871,0.9947066018228368,0.037323327022193806,-0.900565810881217,-0.0700594079674353,-0.044136127353267496,0.9965659444399606,0.2221243484939339,0.0,0.0,0.0,1.0
1544581174212880000,0.9954457955793415,0.06723898128181244,-0.06757653039037376,21.40710978620512,-0.06293265721028227,0.9959666045588036,0.06395313330919344,-1.3828572919307396,0.07160411105425481,-0.059409107044243924,0.9956622968056651,1.070442094933782,0.0,0.0,0.0,1.0
1544581174277398000,0.9929533303985675,0.09305849894227275,0.07337437853232766,20.54203629874664,-0.09581629247193721,0.9947835418099723,0.034999186289640535,-0.9160382450480401,-0.06973465241418,-0.041783019500938524,0.9966901512175483,0.22320194224363715,0.0,0.0,0.0,1.0
1544581174313709000,0.9952619049752461,0.06841036298969001,-0.06909242173107862,21.565283388401827,-0.06396451438703409,0.9958571149992628,0.06463085489591881,-1.3837361492618976,0.07322760001718745,-0.05990516456003821,0.9955144850049917,1.1026521040705826,0.0,0.0,0.0,1.0
1544581174378265000,0.9932322799555827,0.0927164168006617,0.06995215586299887,20.742423181691844,-0.0952134388329457,0.9949016930062338,0.03324187598395459,-0.9333628369254561,-0.06651345066856959,-0.03967728958703816,0.9969963257561123,0.22504390615057351,0.0,0.0,0.0,1.0
1544581174414565000,0.9951235584711997,0.0687318647762029,-0.07074626590857219,21.79339970986331,-0.06400549956647132,0.9956954000537912,0.06703705197104981,-1.422226284014075,0.07504931312721655,-0.0621819996149091,0.9952391669960649,1.1318503459518976,0.0,0.0,0.0,1.0
1544581174479101000,0.9935934642354536,0.09199215595517193,0.06564656176304333,20.944965962845835,-0.09423167585615276,0.995040076148613,0.03186907785771697,-0.9527164748641739,-0.06238925463515902,-0.03785089299976438,0.9973338913348884,0.22652161749274116,0.0,0.0,0.0,1.0
1544581174515400000,0.9950767619348212,0.06866263934416261,-0.07146803352276428,21.935947594942164,-0.06394083493355199,0.9957433155451133,0.06638387737415558,-1.4237756858333765,0.07572190888585478,-0.06148732800764813,0.9952313806392752,1.1634862473308463,0.0,0.0,0.0,1.0
1544581174579980000,0.993940792452409,0.09082195443247905,0.061911821909404474,21.149811426597232,-0.09293855940685201,0.9951508697705211,0.03220513267093403,-0.9731980190220633,-0.05868667033029029,-0.037763990626496706,0.997561905716887,0.2271366710821019,0.0,0.0,0.0,1.0
1544581174616256000,0.9949356141983197,0.06843494973278318,-0.07361916363888547,22.15035519710412,-0.06366329056243569,0.9958314560058982,0.06531995609258764,-1.42288609817069,0.07778244682819095,-0.060302312428679984,0.9951449754086938,1.1576163928160597,0.0,0.0,0.0,1.0
1544581174680813000,0.9942293435140453,0.08963241089303095,0.058941016390402154,21.356548501088945,-0.09168246532620725,0.9952398801617964,0.03304400834099537,-0.9952425936052608,-0.055698635955825845,-0.03825718041144487,0.9977144130960668,0.2263885295331125,0.0,0.0,0.0,1.0
1544581174717119000,0.994710017157338,0.06872759980835723,-0.07634460551626451,22.384233139528316,-0.06370161876566759,0.9957558356204804,0.06642604605420187,-1.4520970065420786,0.08058588917102782,-0.06121137845485681,0.9948663636962344,1.1574588692350902,0.0,0.0,0.0,1.0
1544581174781668000,0.9944649929889079,0.08878415925954034,0.05618496937925865,21.567313430877384,-0.09084823152389795,0.9952385153382111,0.03531142048079661,-1.0194656030091556,-0.05278235072968894,-0.04022027662719375,0.9977957470341725,0.22418034509654683,0.0,0.0,0.0,1.0
1544581174817987000,0.994565199785864,0.06929546037385187,-0.0777058720206139,22.601880334233993,-0.06421491341458074,0.9957459327040215,0.06607936439281148,-1.434946364106694,0.08195430598855619,-0.06073036040545111,0.9947840544836626,1.2279948819898756,0.0,0.0,0.0,1.0
