1544581167556220000,0.9849094298309867,0.018353212701275084,0.1720946675918282,-1.4347545704323506e-05,-0.021836466804239105,0.9995927917961341,0.018368976746497578,3.8305649148723506e-06,-0.17168745949401015,-0.02184971791002707,0.9849091359509987,-2.4152788078538336e-05,0.0,0.0,0.0,1.0
1544581167620790000,0.985380344124515,0.01746232911151525,0.16947166274943004,0.26461361676154477,-0.020999156067086314,0.9995970366672311,0.01909973116459663,-0.0002272951983045149,-0.169069846091861,-0.02237926156267983,0.9853499661513071,0.0002508114510282887,0.0,0.0,0.0,1.0
1544581167657073000,0.9856846613860623,0.017945104577458987,0.16764164616807875,0.4223982689040725,-0.02143445064306486,0.9995891663029132,0.019027951426263286,-0.0005109953274838948,-0.16723131475255854,-0.022348866448978665,0.9856643523708155,0.0007820724909390963,0.0,0.0,0.0,1.0
1544581167721662000,0.9862789158241383,0.0184510330156103,0.16405322179530651,0.6859690108466507,-0.021905375189856083,0.9995742819026346,0.019271987355277787,-0.0014565072400700171,-0.16362779329488877,-0.02260120216907065,0.9862632158414704,0.0022372219731361218,0.0,0.0,0.0,1.0
1544581167757950000,0.9866968566635405,0.018908699347583095,0.16146756373733973,0.8013307305014603,-0.02225874040818977,0.9995723726349071,0.018963658414564946,-0.002181964949561888,-0.16103993767301877,-0.022305446734064517,0.9866958019168125,0.003046150595633272,0.0,0.0,0.0,1.0
1544581167822535000,0.9877054757164921,0.01920781266016063,0.15514171963876847,1.06341119582546,-0.022348227456334233,0.9995786319647444,0.01852337034803878,-0.0038543534954883986,-0.1547205544496983,-0.021762776759936313,0.9877185487670416,0.005159074311008376,0.0,0.0,0.0,1.0
1544581167858800000,0.9882242990532113,0.0194820273539852,0.15176687837259314,1.1798868481517162,-0.022484045174150254,0.9995835346239689,0.018089362101973604,-0.004569135797111525,-0.15135125527523616,-0.021288680532811775,0.9882507726320188,0.006260113707065434,0.0,0.0,0.0,1.0
1544581167923360000,0.9889534772358792,0.019861271745777797,0.14688958352348241,1.4393519361038576,-0.02273690863875806,0.9995807998332773,0.017923660067583187,-0.005687522537363209,-0.1464720207022985,-0.02106548098918886,0.9889904916944733,0.009213237925622557,0.0,0.0,0.0,1.0
1544581167959650000,0.9893027374897498,0.019557761584942202,0.14455997909890128,1.5566338793075354,-0.022390875999212453,0.999587290794129,0.01799713185033414,-0.0061119572797259086,-0.14414833425078516,-0.02104143637295176,0.9893323585570644,0.010853395869327412,0.0,0.0,0.0,1.0
1544581168024224000,0.9899281286279563,0.02059463799508901,0.14006484582863502,1.813835634342709,-0.023307442498924365,0.9995706636003413,0.017755325784934245,-0.00714940692962507,-0.13963904638498287,-0.020841049767731244,0.9899831247901498,0.014950996892417828,0.0,0.0,0.0,1.0
1544581168060531000,0.9902938506055131,0.0209028631178321,0.13740873249681118,1.9316729890657427,-0.023572806850261804,0.9995630754352247,0.017832021861644936,-0.007734306710390524,-0.13697595493408055,-0.020898051104136704,0.990353906050733,0.016977686111390902,0.0,0.0,0.0,1.0
1544581168125079000,0.9909307610077578,0.021777776507724854,0.13259696579850652,2.1853661956076595,-0.024318345743040207,0.9995498426599803,0.01757071708081455,-0.008935124248919022,-0.13215462515142196,-0.020635902907109552,0.9910142857508621,0.021488662683134565,0.0,0.0,0.0,1.0
1544581168161366000,0.9913616384278896,0.021473273475954076,0.12938701781787657,2.303239587810833,-0.023980430099239145,0.999553052262643,0.01785034130454827,-0.009563513879495333,-0.1289458833225482,-0.020798899938704565,0.9914334899202812,0.023689312302930234,0.0,0.0,0.0,1.0
1544581168225965000,0.992036104804468,0.021530318249613378,0.12410000870446493,2.5157476314031486,-0.023912562720814618,0.9995566685820743,0.017738535374291584,-0.01065829129882853,-0.12366307495975154,-0.0205648167794476,0.9921111491170359,0.027951660197674453,0.0,0.0,0.0,1.0
1544581168262243000,0.9924661150519233,0.021507465956515103,0.12061691167441417,2.6350516991486295,-0.02376623413025766,0.9995675079539664,0.017319444505026062,-0.01124024320709512,-0.12019224845642074,-0.020055571565683317,0.992548032822677,0.03053302144454508,0.0,0.0,0.0,1.0
1544581168326786000,0.9930521929952294,0.022148911036897527,0.11557148319219174,2.847445790246963,-0.024257649512781903,0.9995633630045874,0.016871567178941914,-0.012380632612244565,-0.11514733356651675,-0.0195578393192631,0.9931558701904165,0.035239135550460286,0.0,0.0,0.0,1.0
1544581168363106000,0.9934668011033817,0.02197494509031672,0.11198578880238122,2.9683763784096437,-0.024061953299395852,0.9995604431839121,0.017318857508367952,-0.013010848620652604,-0.11155598374283457,-0.019900306787962507,0.9935588761019201,0.037822557220449284,0.0,0.0,0.0,1.0
1544581168427640000,0.9941605485135848,0.021372330973761323,0.10577347138065306,3.1818826784509895,-0.02330069233132306,0.9995834612627834,0.017028849250548886,-0.014639566676934382,-0.10536546643016825,-0.019394005224937422,0.9942444322425399,0.042089702221081965,0.0,0.0,0.0,1.0
1544581168463980000,0.9944253745221922,0.02131615330305092,0.1032656579641009,3.3055384938608627,-0.023152239870954196,0.9995938882971455,0.01661421884866014,-0.015861443763678994,-0.10286956933591042,-0.018912432084589256,0.9945150434343818,0.044382541761514675,0.0,0.0,0.0,1.0
1544581168528510000,0.994830992244482,0.021889567196302015,0.09915716674967544,3.5213960281436503,-0.023665569170014573,0.9995792623218207,0.016770187000305282,-0.01826021103953869,-0.0987483554583253,-0.01903011256205617,0.9949304584292052,0.04833153453854528,0.0,0.0,0.0,1.0
1544581168564822000,0.9950518362310012,0.021558687074269813,0.09699003157515695,3.6479388462704327,-0.023328138033405454,0.9995808068565603,0.017146677225636984,-0.019638664068819433,-0.09657971417026762,-0.01932442950307999,0.9951376413517736,0.05077127716698525,0.0,0.0,0.0,1.0
1544581168629349000,0.9953824587749807,0.021220276174391664,0.0936133571781164,3.8666950676013347,-0.022924609344477837,0.999589771590093,0.01716830856162377,-0.022100372235069644,-0.09321063807033103,-0.019235082831810028,0.9954605911531483,0.05539995504553293,0.0,0.0,0.0,1.0
1544581168665694000,0.9955746242160699,0.02122474187047858,0.09154604278483526,3.9963505795033023,-0.02287021078096916,0.9995945283740781,0.01696267382930877,-0.023688470275484173,-0.0911488950885603,-0.018981284917966662,0.9956563612748107,0.058417104688889776,0.0,0.0,0.0,1.0
1544581168730207000,0.9959788670986964,0.021901920993961335,0.08687003021509773,4.217917992727235,-0.023471212928411648,0.9995785199747353,0.01708462960642988,-0.02625250727630031,-0.08645923002471718,-0.019054875016488945,0.9960731465518178,0.06405620228853022,0.0,0.0,0.0,1.0
1544581168766553000,0.9962163818420302,0.02216998812724311,0.08403220915825638,4.35032968763595,-0.023710707377323927,0.9995677527850998,0.017381310301878686,-0.02774968178551194,-0.0836105430268578,-0.019308009182232674,0.996311436186584,0.06757660250270768,0.0,0.0,0.0,1.0
1544581168831072000,0.9964722130169982,0.022889601450278425,0.08074153101382568,4.574503697048161,-0.024392597841728477,0.9995461451945881,0.01767780521365214,-0.03015829279558219,-0.08030024816612312,-0.01958493737767698,0.9965782961575925,0.07355193457531083,0.0,0.0,0.0,1.0
1544581168867370000,0.9966934074098752,0.0226987240408552,0.07801935370543221,4.7098260378541275,-0.024140052432058422,0.999553989848303,0.017580649786431146,-0.03187070518089792,-0.07758549796368999,-0.019405909029282204,0.9967968204205276,0.07712692005618962,0.0,0.0,0.0,1.0
1544581168931940000,0.9969654607328496,0.023008368268294357,0.07436723132781398,4.936897933031184,-0.0243693394540489,0.9995507979288939,0.017445275987575573,-0.03527301024622507,-0.0739324380790156,-0.019204617917050325,0.9970783205196821,0.0829394194445298,0.0,0.0,0.0,1.0
1544581168968241000,0.9970521408162737,0.023355748992183598,0.073085822720251,5.037947906857985,-0.024718759973122093,0.9995359505971275,0.01780074069487651,-0.036742790405846396,-0.07263615765631516,-0.019554857527202034,0.9971667845190282,0.0854773363666459,0.0,0.0,0.0,1.0
1544581169032812000,0.9972444752371293,0.02409942011328151,0.07016177420240767,5.268215316261416,-0.0254271146728923,0.9995129520100214,0.0180920038587561,-0.040272703832732015,-0.06969159524962627,-0.019826162372411457,0.9973715480387155,0.09139983664780761,0.0,0.0,0.0,1.0
1544581169069104000,0.9972937931286295,0.02414899511103588,0.06944001888133158,5.372442807702013,-0.025453828331915708,0.9995145152641915,0.01796764868956817,-0.04198440554161889,-0.06897240615174989,-0.019686538835192464,0.997424306590895,0.09406068604957235,0.0,0.0,0.0,1.0
1544581169133662000,0.9974313148591093,0.024025057854746155,0.06748013584385812,5.6060469776897035,-0.025284578963752916,0.9995205025876394,0.017873303376163975,-0.045958926150152846,-0.06701837214566853,-0.0195335993105918,0.9975605125970631,0.1000314733577976,0.0,0.0,0.0,1.0
1544581169169940000,0.997538901767295,0.023753426011912045,0.06596903981111023,5.7131783117092905,-0.024985091327159575,0.9995274054457451,0.017908405129119127,-0.04803583341023176,-0.06551247722592032,-0.01951257326935099,0.9976609518329029,0.10291711187217051,0.0,0.0,0.0,1.0
1544581169234549000,0.9977268845371426,0.022373240437674725,0.0635649430435485,5.95019797484103,-0.023526722573193264,0.9995707941205515,0.017456255789060744,-0.05319053277137214,-0.06314710758835794,-0.018912050484469343,0.9978250233130533,0.10950636991400504,0.0,0.0,0.0,1.0
1544581169270792000,0.9978027304259106,0.021255314761782943,0.06275287044414357,6.0608027026635085,-0.02239905651856638,0.9995945454179045,0.017579164879043083,-0.05551325608065746,-0.06235377632252956,-0.01894614380669709,0.9978742657335027,0.11268222046306167,0.0,0.0,0.0,1.0
1544581169335379000,0.9979131398911658,0.02099042967007048,0.06106363152337882,6.300314601282779,-0.022121971929837666,0.9995947746753091,0.017913815890193897,-0.060152403301169784,-0.06066286830090324,-0.019227280204909828,0.9979731099109971,0.11970251732133563,0.0,0.0,0.0,1.0
1544581169371663000,0.9979993459060782,0.021248175736197528,0.05954679335553313,6.413732636378345,-0.022396899950226347,0.9995744318100458,0.018690482718272425,-0.06219966868530628,-0.05912431347307544,-0.019986753100645325,0.9980505223969518,0.12305168691862006,0.0,0.0,0.0,1.0
1544581169436256000,0.9981423414417513,0.02208491610513061,0.05678135875278263,6.618854027575626,-0.02323350612351001,0.9995369674098873,0.019648281712577174,-0.06600828276410443,-0.0563211364799379,-0.02093101196018282,0.9981932790416541,0.12910131991398988,0.0,0.0,0.0,1.0
1544581169472518000,0.9982388745166906,0.02214575107076959,0.05503376339272978,6.735468855906456,-0.02327672741942305,0.9995290817806395,0.019995215312369287,-0.0682714426123105,-0.054565037929954444,-0.02124100713849603,0.9982842662545787,0.13255590537898662,0.0,0.0,0.0,1.0
1544581169537116000,0.9983789791976155,0.022357278376981246,0.05234086357623202,6.943110552120603,-0.023452066486010392,0.999516873892989,0.02039655315788047,-0.07245357973682733,-0.0518595649216938,-0.021590991333439474,0.9984209606270144,0.1386254430146403,0.0,0.0,0.0,1.0
1544581169573405000,0.9984208173174121,0.02325664466069939,0.05113707095992176,7.0623322389008125,-0.024351864588038404,0.9994849650802191,0.02089955190135229,-0.07492014368563747,-0.050624680130544684,-0.022111830718360783,0.9984729383934056,0.14204102868110244,0.0,0.0,0.0,1.0
1544581169637953000,0.9984764048568334,0.025340895794814383,0.04901742490681145,7.272507493732376,-0.02642551314527594,0.9994172434964169,0.021607074235792178,-0.07940089556391304,-0.04844131706701913,-0.022869464408650977,0.9985641824131659,0.14811620799001105,0.0,0.0,0.0,1.0
1544581169674252000,0.9985108247698008,0.02631065304372587,0.0477899817320308,7.3948847936628965,-0.027371719913036524,0.9993900764642724,0.02168557155662889,-0.0820477570667229,-0.047190271948119214,-0.022961371935232316,0.9986219773429357,0.1516349133708739,0.0,0.0,0.0,1.0
1544581169738813000,0.9986067360760867,0.027230106992175304,0.04520075150553419,7.608486433373144,-0.028218245637690688,0.9993733557071885,0.02136882111115549,-0.08669537322168945,-0.044590551427420085,-0.02261453461259605,0.9987493507120052,0.15781179732082548,0.0,0.0,0.0,1.0
1544581169775112000,0.9986712042503497,0.027161729830993107,0.04379573305411822,7.734323517554723,-0.028109045121900687,0.9993808455342365,0.02116145461934028,-0.0894440937186998,-0.04319383501721522,-0.02236439160495061,0.9988163628038162,0.16138385948233194,0.0,0.0,0.0,1.0
1544581169839660000,0.9986709379169914,0.028257006362674874,0.04310335661428212,7.9513916518002254,-0.02917697431592196,0.9993564598021484,0.02086553190046224,-0.09413188973970574,-0.042486020403967366,-0.022095425842036373,0.9988527069729007,0.1676556715284837,0.0,0.0,0.0,1.0
1544581169875999000,0.998677609506941,0.028893407552580363,0.04252297343207358,8.080786841702176,-0.02980909653860804,0.9993337317316674,0.021059686294164413,-0.09677854578798499,-0.04188615562517409,-0.0222994085853676,0.9988735086804981,0.17151040484839938,0.0,0.0,0.0,1.0
1544581169940519000,0.998692032294821,0.029454051278385643,0.041793342701137375,8.30165230959819,-0.030351827872537616,0.9993184032101352,0.021011795504871842,-0.10116889331217688,-0.041145973990664005,-0.022252817098806433,0.9989053113060944,0.17836828959891443,0.0,0.0,0.0,1.0
1544581169976852000,0.9987387807016329,0.02873579895053793,0.04117161378052596,8.434437959252604,-0.02961394598582683,0.9993433018381287,0.020880116724211004,-0.10390095828058876,-0.04054456962118435,-0.022073036264692064,0.9989338911781345,0.18257291220119073,0.0,0.0,0.0,1.0
1544581170041362000,0.9988210013631657,0.027793256052692294,0.03980128331947284,8.658936336292019,-0.0286270787656924,0.9993792063052485,0.020535149525520303,-0.1087283145322208,-0.039205836264902934,-0.021650333084784538,0.9989965793135046,0.18973064727719172,0.0,0.0,0.0,1.0
1544581170077713000,0.9988542339095715,0.02746478591114581,0.03919062305930035,8.757990202758375,-0.028297840862917232,0.9993818049465596,0.020862409838069088,-0.11081705550163759,-0.03859341399019087,-0.021947516410962705,0.9990139413041106,0.19284247711798552,0.0,0.0,0.0,1.0
1544581170142253000,0.9988621200852628,0.027491496331874393,0.03897027955011325,8.98593580971486,-0.02832061650353986,0.9993806736735632,0.02088568334127164,-0.1160197630018144,-0.03837196554307505,-0.021965580283866384,0.9990220746025338,0.19999088049818084,0.0,0.0,0.0,1.0
1544581170178565000,0.9988746179023571,0.02748471326572406,0.038653437714220196,9.088097391879954,-0.028303744354107357,0.9993828584003447,0.02080385519774516,-0.11846547648630672,-0.03805779507490564,-0.021874479931014348,0.9990360911207306,0.20317055074292395,0.0,0.0,0.0,1.0
1544581170243112000,0.9988061447709071,0.02781618356673244,0.040156507563037916,9.319151912103488,-0.02867923254759796,0.99936640087034,0.021078387792860837,-0.12434931930356073,-0.03954474413065978,-0.02220488106807309,0.9989710488639754,0.21029916006746258,0.0,0.0,0.0,1.0
1544581170279399000,0.9987808727261244,0.027993714773954376,0.04065858100816391,9.424458220784475,-0.028861408635325027,0.999364630095911,0.020913039110764232,-0.12730440463893267,-0.0400473141175252,-0.022061007375413763,0.9989542154601266,0.21353694756577313,0.0,0.0,0.0,1.0
1544581170343974000,0.9987194480064757,0.028333526565034618,0.0419127122247322,9.658997829732913,-0.029202692759936883,0.9993679123232913,0.020272606003061685,-0.1340351226460626,-0.04131182529510837,-0.021470609934864868,0.9989155850219825,0.2207948959402958,0.0,0.0,0.0,1.0
1544581170380272000,0.9987035778107768,0.027765116897743712,0.04266452802521341,9.767720173900365,-0.028636894612743442,0.9993905828939375,0.019959736718034766,-0.1371297452044342,-0.042084343108788495,-0.021155640065222858,0.9988900574930821,0.22423955332267415,0.0,0.0,0.0,1.0
1544581170444842000,0.9986412463833705,0.027057542512217925,0.044537067876921375,10.00619914905685,-0.027941705820060052,0.9994222358596964,0.0193508538589548,-0.14377244749468227,-0.04398774940525245,-0.020569002464993935,0.9988203011752682,0.23182701264539463,0.0,0.0,0.0,1.0
1544581170481096000,0.9986403567361118,0.027185391378417762,0.04447912312055549,10.118178185289526,-0.02806280292987824,0.9994213251726544,0.01922222364492101,-0.14693990021122022,-0.043930820498712664,-0.020444297144651173,0.9988253669809221,0.23542397245596977,0.0,0.0,0.0,1.0
1544581170545700000,0.9986255429322579,0.027654959579658737,0.044522221574245874,10.36021078960646,-0.028535795499782506,0.9994069809968726,0.019271603719189703,-0.1539892646160496,-0.04396286362890257,-0.02051559273728969,0.9988224952794089,0.24316867737609388,0.0,0.0,0.0,1.0
1544581170581973000,0.9986024623207509,0.028003682071293383,0.0448209330267296,10.476127414646102,-0.028889838483177787,0.9993972871496353,0.0192468093554439,-0.15721106819590314,-0.04425493734435255,-0.020514780729971854,0.9988096136362781,0.24693080215922636,0.0,0.0,0.0,1.0
1544581170646534000,0.9985474175774568,0.02840456152706895,0.04578466701695296,10.68472366055695,-0.029322606166315046,0.9993796596944863,0.019505910810505407,-0.1630251537313706,-0.04520220809887028,-0.020820102626720214,0.9987608741383472,0.253934308105123,0.0,0.0,0.0,1.0
1544581170682850000,0.998524730351435,0.02833569111910664,0.046319018614384436,10.804136858683748,-0.029269944076486597,0.9993790173082245,0.019617597656330615,-0.16636524273992764,-0.045734377117836345,-0.020944411494451212,0.998734047871002,0.25791136250130536,0.0,0.0,0.0,1.0
1544581170747391000,0.9984589781666321,0.02865542760151126,0.04752405062096929,11.016693745803472,-0.02961745601321354,0.9993678717751215,0.01966375251497774,-0.1722335123494513,-0.04693053609064523,-0.02104099172186233,0.9986765249316714,0.26494140004595657,0.0,0.0,0.0,1.0
1544581170783680000,0.9984404133790782,0.02842936355752824,0.048046979292464376,11.13968407075443,-0.02941356088497711,0.9993691660250695,0.01990257356276079,-0.17558693504163428,-0.04745085212598796,-0.02128476652606854,0.9986467720602953,0.2689863810995932,0.0,0.0,0.0,1.0
1544581170848248000,0.9984087815329687,0.0283349272697371,0.048754864931363315,11.356241059684015,-0.02934110858334653,0.9993684089055973,0.020047010465283604,-0.18180393148844357,-0.04815604120935539,-0.02144563307793985,0.9986095736156972,0.27605159073680036,0.0,0.0,0.0,1.0
1544581170884535000,0.998431821482037,0.028568515138459264,0.04814288934875386,11.482825895567638,-0.029568419716679423,0.9993588950904658,0.02018681151194489,-0.1855429056948685,-0.04753531747575716,-0.02157866414642325,0.9986364477857467,0.28019701245485107,0.0,0.0,0.0,1.0
1544581170949107000,0.9984135770146131,0.02932092621542082,0.04806883105253475,11.703369119877529,-0.030326477833227384,0.99933338250761,0.02032474718485802,-0.19211994778332833,-0.04744084711636314,-0.021750261878135536,0.9986372174784547,0.28756933858655237,0.0,0.0,0.0,1.0
1544581170985379000,0.9984190882101817,0.029956717603933106,0.04755964011584761,11.833850858378025,-0.030953439352270507,0.9993134245223543,0.020360848746306972,-0.1959160316042216,-0.04691704263714906,-0.02180079447641489,0.9986608615893494,0.2919869059662474,0.0,0.0,0.0,1.0
1544581171049965000,0.9983821523224439,0.03169407857565228,0.04720766153126431,12.058531972543411,-0.03269610056725938,0.9992528810867796,0.02060690776084915,-0.20226028201206914,-0.04651927484071286,-0.02211707537195785,0.9986725149143142,0.299568126272357,0.0,0.0,0.0,1.0
1544581171086278000,0.9983671300689453,0.031978824148282785,0.04733316389164701,12.193048336862486,-0.03296699763496182,0.9992513684063765,0.02024548850783969,-0.20623881242642128,-0.046650301872943375,-0.021772862560486845,0.9986739667134028,0.3041780500154701,0.0,0.0,0.0,1.0
1544581171150837000,0.9983182284084199,0.030272103807370613,0.049440009694116625,12.421875933660754,-0.03127702167812715,0.9993169839263802,0.019680283311666925,-0.21322952411467222,-0.04881047779344743,-0.02119352182524872,0.998583182258852,0.3119585102098043,0.0,0.0,0.0,1.0
1544581171187127000,0.998317233746985,0.03002233847095429,0.04961209526417721,12.560201756040861,-0.03103364415042365,0.9993233720661736,0.01974109857723341,-0.21754568281983203,-0.04898585239139177,-0.021247523032735572,0.998573446988484,0.3167183586850349,0.0,0.0,0.0,1.0
1544581171251693000,0.9983013919645232,0.03004136200437238,0.04991840713224896,12.793320360497997,-0.03107998606353477,0.9993135289152334,0.020161978902671115,-0.22459875673550958,-0.04927844628221645,-0.02167919500128,0.998549772037481,0.32479084775809,0.0,0.0,0.0,1.0
1544581171288002000,0.998326246210975,0.02956811665792168,0.049703446596852406,12.897020863555936,-0.030595318099755985,0.999331053674051,0.020034262479193973,-0.22775764651667244,-0.0490778222487243,-0.021521422815744016,0.9985630654712327,0.32837742142464127,0.0,0.0,0.0,1.0
1544581171352505000,0.9983575638911696,0.03002333697956422,0.04879317429621967,13.13448009766794,-0.03103392730557099,0.9993164567580478,0.020087673049189975,-0.23523470081977596,-0.04815672307458602,-0.021568924153748465,0.9986068853826136,0.33663376138743556,0.0,0.0,0.0,1.0
1544581171388851000,0.9983819563457783,0.03041779733770802,0.0480440094944259,13.241667714918366,-0.03141996332861496,0.9993012480379108,0.02024355636496625,-0.23868642031608112,-0.04739467425362119,-0.021720342423525503,0.9986400610717546,0.34025380989430054,0.0,0.0,0.0,1.0
1544581171453394000,0.9984141256387312,0.030466540508776833,0.04733945114253938,13.482758550592736,-0.03145944969932708,0.9992973845470003,0.02037253695885829,-0.24636324769658097,-0.046685508990107594,-0.02182950175683355,0.9986710850442093,0.3482489551777837,0.0,0.0,0.0,1.0
1544581171489707000,0.9984645025215022,0.030715965673691326,0.04609952990243244,13.593345886276277,-0.031677470431773304,0.9992925128404173,0.02027342221048813,-0.24989771062816465,-0.04544419733625825,-0.021702608917206292,0.9987311058010795,0.35196856083747374,0.0,0.0,0.0,1.0
1544581171554216000,0.9985113945853442,0.03107304007614408,0.044827012655982226,13.837784911070411,-0.032007168170241886,0.999282009159609,0.020273316345748305,-0.2576399652598788,-0.04416487370020641,-0.021677923109912504,0.9987890325692823,0.3604516121265836,0.0,0.0,0.0,1.0
1544581171590553000,0.9985355496420713,0.03125825040026007,0.044155156923337095,13.951654091427079,-0.03217696702173788,0.999277004618967,0.02025119337287651,-0.2611192144155078,-0.0434902160754794,-0.021642315533654942,0.9988194087441677,0.364471863749036,0.0,0.0,0.0,1.0
1544581171655085000,0.9985569751372119,0.031878912137196944,0.04321692221542686,14.197836054168793,-0.03277251359429331,0.9992601271520098,0.020128602456726475,-0.2687092646310204,-0.04254326923894442,-0.021515883553736705,0.9988629220255206,0.3732915322483819,0.0,0.0,0.0,1.0
1544581171691410000,0.998574159157385,0.03188726511670385,0.042811808960839914,14.313652707495015,-0.032775479689876014,0.9992584332947558,0.02020770695574114,-0.272158530552436,-0.04213569263962504,-0.02158207155691088,0.9988787702184355,0.37746585030350116,0.0,0.0,0.0,1.0
1544581171755955000,0.9986711218625043,0.0323118189767127,0.04014893164589873,14.522236254571245,-0.03316984172315985,0.9992313533029104,0.02089172507224544,-0.2778702973095077,-0.039443021663552805,-0.022195696223590616,0.9989752745244465,0.3850790659187148,0.0,0.0,0.0,1.0
1544581171792249000,0.9987297582650263,0.03233092030004527,0.03864688277780235,14.639697797643866,-0.033158205844467666,0.9992303026421493,0.02096033556162717,-0.28108007679159835,-0.03793946943573407,-0.022215172163011034,0.9990330739193286,0.3893422243328532,0.0,0.0,0.0,1.0
1544581171856815000,0.9987894466462577,0.03264448778091416,0.03679644936114717,14.848313259467954,-0.033433565404832076,0.9992195183631407,0.02103689203406193,-0.28681919988031634,-0.03608099184316592,-0.022241662250239186,0.9991013314413896,0.3968172698551715,0.0,0.0,0.0,1.0
1544581171893092000,0.9988323088470574,0.03337115380948894,0.034934007738627336,14.966982406205446,-0.03413351848044044,0.9991868807632507,0.021458803013009533,-0.2900530098818588,-0.034189497209003765,-0.022626166357320718,0.9991592139777171,0.40097895570079495,0.0,0.0,0.0,1.0
1544581171957688000,0.9988491700830417,0.03494124799447194,0.03285490241976863,15.175461875799328,-0.03567069254401374,0.9991239577481522,0.02188421227957867,-0.29587244853654254,-0.032061458448645275,-0.023030984396157285,0.9992205145211368,0.40815505653456585,0.0,0.0,0.0,1.0
1544581171993972000,0.998905526643899,0.035273750412337664,0.03071663022086123,15.295556458073804,-0.0359494144156107,0.9991173476722901,0.021729362242441215,-0.2993633057847679,-0.029923042015338363,-0.0228098249036825,0.9992919110272082,0.4121708478216966,0.0,0.0,0.0,1.0
1544581172058554000,0.9989772224410732,0.035880934350712886,0.027514861330572005,15.503705915257457,-0.03647224730110657,0.9991076747556517,0.0212985779140151,-0.3055955831064243,-0.026726096249316815,-0.022280323033391763,0.999394468157991,0.4191827873009356,0.0,0.0,0.0,1.0
1544581172094815000,0.9990407528196238,0.03534353630027983,0.025853600279114753,15.624551297086034,-0.03588908413146435,0.9991361462003832,0.020950775547792046,-0.3091419039086422,-0.025090792052187637,-0.021858540610939444,0.9994461748171104,0.4232834065026155,0.0,0.0,0.0,1.0
1544581172159420000,0.9991629212800521,0.033788776320140226,0.023060254419764833,15.83158804750873,-0.03426532702498367,0.9992005890175484,0.020592966538371678,-0.3147444540960787,-0.02234600865899157,-0.02136589576327422,0.9995219629379035,0.4300692722647803,0.0,0.0,0.0,1.0
1544581172195697000,0.9992074232124898,0.03340142705608494,0.02165340776133439,15.953347686960498,-0.03385497208896505,0.9992075993013342,0.020928792686635604,-0.31796472860930025,-0.020937198043601387,-0.021645280526752405,0.9995464549329365,0.43403420497221984,0.0,0.0,0.0,1.0
1544581172260258000,0.9992394329486521,0.03336917378430008,0.02017557635889163,16.159153841389017,-0.033799102757919024,0.9992004149025142,0.021357703795137833,-0.3235158244174445,-0.0194467553391295,-0.02202337620789307,0.9995683041229249,0.4409359036286875,0.0,0.0,0.0,1.0
1544581172296542000,0.9992454954456551,0.03336524363396807,0.01987964659687039,16.28119239784801,-0.0337925149132529,0.9991963096763241,0.021559236188994493,-0.32670721330475294,-0.019144340349254524,-0.022214752901196542,0.9995699070030715,0.4451542486734213,0.0,0.0,0.0,1.0
1544581172361111000,0.9992226161518014,0.03462108942488268,0.018855862159689884,16.48545894692726,-0.03503750841804723,0.9991389336755646,0.022220805959967317,-0.33217232683794967,-0.01807031750153415,-0.02286419429346965,0.9995752559185821,0.4524360706010771,0.0,0.0,0.0,1.0
1544581172397414000,0.9992039854142012,0.03523944696766169,0.018696975953179863,16.574000771920517,-0.03565567303584404,0.9991127042794857,0.022416001599216057,-0.3347574065042086,-0.01789045870684762,-0.023064811396333335,0.9995738821930626,0.4556169073808839,0.0,0.0,0.0,1.0
1544581172461996000,0.9991210786399419,0.03684562621469628,0.019986746764036393,16.77656854504793,-0.03728968220995266,0.9990552153674044,0.02231941414702795,-0.3406176919458763,-0.019145490801846958,-0.02304509657243173,0.9995510860911111,0.46280620473707795,0.0,0.0,0.0,1.0
1544581172498296000,0.9990813404430542,0.03755065145527202,0.02065003035827597,16.865819998548453,-0.038003328772054326,0.9990357574417819,0.021984138713393057,-0.3431154265504431,-0.01980459998980527,-0.02274871266712118,0.999545033448335,0.466024257113966,0.0,0.0,0.0,1.0
1544581172562842000,0.9990311510865325,0.03826317372794744,0.021741405083054888,17.06555784442148,-0.038721639524295505,0.9990278162694806,0.021072658882597045,-0.34887172275523554,-0.020913961635021103,-0.021894105510312376,0.9995415220753094,0.4735670840255429,0.0,0.0,0.0,1.0
1544581172599151000,0.9990372584374704,0.03818320495758636,0.021600905372579672,17.154748744058608,-0.03863051399637787,0.9990394654988312,0.02068404612703169,-0.35152863752106633,-0.02079037378509238,-0.02149858681347367,0.9995526855163258,0.4769750551027655,0.0,0.0,0.0,1.0
1544581172663717000,0.9990492952096218,0.03802000975703715,0.021330368005126398,17.35037323051011,-0.03844684686053982,0.9990610633463106,0.019970770436288327,-0.35725737016393755,-0.020551051253927685,-0.020771869521338925,0.9995730007002699,0.48433773818837783,0.0,0.0,0.0,1.0
1544581172699976000,0.9990494606280116,0.038202105100263006,0.020994627522094002,17.438919330402225,-0.038611047309603776,0.99906537589908,0.019430947102184837,-0.35982370257270035,-0.020232702353826886,-0.020223101778432194,0.9995907482114477,0.487623222211689,0.0,0.0,0.0,1.0
1544581172764562000,0.9990359095059285,0.03789125233549008,0.02216990108490082,17.63106397475725,-0.03830909147565662,0.999090273148861,0.018736051068539494,-0.3654378364999462,-0.02143980009178929,-0.01956729658847546,0.9995786391656432,0.494922633247451,0.0,0.0,0.0,1.0
1544581172800821000,0.9990444519577031,0.037539266077166844,0.022382728049165045,17.71958226249225,-0.03795381309751493,0.9991102095000683,0.01839286122632576,-0.3680774093749997,-0.02167235759888913,-0.01922479584077914,0.9995802699838505,0.4983528409174469,0.0,0.0,0.0,1.0
1544581172865365000,0.9990090249772348,0.03767472174756266,0.023697750004658343,17.907367255695824,-0.03810180568319947,0.9991146671277288,0.01783632063871835,-0.3733706734880904,-0.023004791190517477,-0.01872157235627376,0.9995600443749164,0.5055968316406778,0.0,0.0,0.0,1.0
1544581172901677000,0.99899696369392,0.03761018830572186,0.024301034256617303,17.994974449243884,-0.038044149918713195,0.9991201886111497,0.017649118011523416,-0.37558707733440355,-0.023615867278074368,-0.01855592749582601,0.9995488824302066,0.5089983074840924,0.0,0.0,0.0,1.0
1544581172966235000,0.9989664463112294,0.03794599042589496,0.025022808693648618,18.15028940073354,-0.038398077746505825,0.9991032430488878,0.01784088996007648,-0.37924115404707126,-0.02432337907640284,-0.018783278196101816,0.9995276692971083,0.5148854237540562,0.0,0.0,0.0,1.0
1544581173002535000,0.9989458662625323,0.03786770695602285,0.025945963980855472,18.237333370246017,-0.0383431101576433,0.9991011113118314,0.0180769266996426,-0.3811988356947189,-0.025238109684402033,-0.01905272015640284,0.9994998907824851,0.5182311588835556,0.0,0.0,0.0,1.0
1544581173067112000,0.9989253457210354,0.03789414602218353,0.026686838954115513,18.389883219160936,-0.038389847029301635,0.9990950013632586,0.01831387168297473,-0.38442711652995243,-0.02596869887345806,-0.01931869426755019,0.999476070114043,0.5243221737335335,0.0,0.0,0.0,1.0
1544581173103401000,0.9989091380461997,0.03814561123241925,0.026934109814664278,18.47637707735927,-0.038647278105921196,0.9990842785931817,0.018357346293685163,-0.38630393559936566,-0.026209193478755742,-0.01937825099558329,0.999468639610841,0.5278859412330069,0.0,0.0,0.0,1.0
1544581173167979000,0.9988790455872036,0.0385910895885236,0.027411313196766318,18.62611130901489,-0.03909923930539589,0.9990686555414753,0.018250232883099154,-0.3899446472464518,-0.026681487449917652,-0.019301536698369696,0.9994576273702337,0.5339651988170885,0.0,0.0,0.0,1.0
1544581173204260000,0.998884007763007,0.038479240516600455,0.02738771776877516,18.712152394401798,-0.038984657880039846,0.9990746740731531,0.018165684011317552,-0.3922956093345276,-0.026663373479226694,-0.019213112056311973,0.9994598145197333,0.537282804821792,0.0,0.0,0.0,1.0
1544581173268846000,0.9989106914064619,0.037884413601982476,0.027243380845663533,18.859941999981753,-0.03837252142004104,0.9991081002075327,0.017622533857643775,-0.3967451438632855,-0.026551463118564416,-0.018648734695127154,0.999473483640527,0.5429973100566743,0.0,0.0,0.0,1.0
1544581173305094000,0.9989241491129242,0.0376628314298393,0.027056523200764123,18.945763366675205,-0.038138260282363806,0.9991231252900403,0.017275810061996678,-0.3993795296620226,-0.02638214209765116,-0.018289112590582975,0.9994846126574377,0.5464611246189973,0.0,0.0,0.0,1.0
1544581173369680000,0.9988942767701634,0.037356946317273765,0.02854264174291808,19.09153282152366,-0.03784546628254498,0.99914285685903,0.016771173764278186,-0.40375656480803473,-0.027891656775334315,-0.01783283907355164,0.9994518724445411,0.5525343182769085,0.0,0.0,0.0,1.0
1544581173405966000,0.998895127049635,0.03723444525673633,0.028672656711929485,19.17698713702474,-0.03772575293849134,0.9991470859228784,0.016788932576102516,-0.4062405828445747,-0.028023074808467687,-0.017852080501838025,0.9994478528167619,0.5560060453564204,0.0,0.0,0.0,1.0
1544581173470550000,0.9988774672045316,0.03694451909510141,0.02964638291417883,19.32025031188044,-0.03746081788050343,0.9991525847647044,0.017052843801937098,-0.41043666770664394,-0.028991251004160622,-0.018144279176677023,0.9994149751221296,0.5618575124587756,0.0,0.0,0.0,1.0
1544581173506824000,0.9988617350741844,0.036747391618716256,0.030411567105530644,19.405105024428902,-0.03727684017401409,0.9991598656494688,0.017029388185640933,-0.4130405128857598,-0.029760231706667084,-0.01814365135679517,0.9993923836632975,0.5653723188514549,0.0,0.0,0.0,1.0
1544581173571405000,0.9988303038494754,0.03655474051517606,0.03165083028666744,19.546010468175247,-0.037123725581832655,0.9991560352127654,0.017579712649311845,-0.4171779035320741,-0.030981496266192902,-0.018734146465097898,0.9993443744002009,0.5710600444798674,0.0,0.0,0.0,1.0
1544581173607686000,0.998834692559528,0.03649343519517529,0.03158300377059592,19.607190802085746,-0.037074608370626566,0.9991500951622633,0.01801556969423158,-0.41895806641840116,-0.030898711197760557,-0.01916550351278527,0.999338757940179,0.5734766317435926,0.0,0.0,0.0,1.0
1544581173672266000,0.9988492478886024,0.03700134369270936,0.03051361265584365,19.74607942965352,-0.03757374513491538,0.999124375830905,0.018403676182790124,-0.42336919115837157,-0.029805933451468158,-0.019529008818641364,0.999364910403424,0.5787162288562114,0.0,0.0,0.0,1.0
1544581173708549000,0.9988578870803877,0.03714870944759987,0.030048207994559584,19.807866985422116,-0.03771061744276634,0.9991201208335377,0.018354658200658847,-0.4254215642541705,-0.029339917337849547,-0.019466831584916213,0.9993799136057577,0.5809228961949695,0.0,0.0,0.0,1.0
1544581173773121000,0.9988506994614081,0.03766370140949521,0.02964330922139332,19.94633063057902,-0.03822483271660208,0.99909611948712,0.018595864851258838,-0.4301057702093446,-0.028916126110642794,-0.01970760314992384,0.9993875464647499,0.5859390968021537,0.0,0.0,0.0,1.0
1544581173809409000,0.9988570800799681,0.03768187314349304,0.02940425157220453,20.009304452859816,-0.03824047422715472,0.9990941041560596,0.018671828284434804,-0.4323666069230821,-0.028674024918140112,-0.019774920404360668,0.9993931923012062,0.5883331332429113,0.0,0.0,0.0,1.0
1544581173873992000,0.9988541688112359,0.03832392613138339,0.028664021600188674,20.147905739251144,-0.038864177683788505,0.9990726017267963,0.018534081358718136,-0.43773607008699983,-0.027927139871150163,-0.01962684805884377,0.9994172610546056,0.5938367038567943,0.0,0.0,0.0,1.0
1544581173910245000,0.998851238470046,0.03861842968649917,0.02836935486412085,20.211599395200558,-0.03914452314971434,0.9990672690558577,0.018229048484611425,-0.44032430057833843,-0.027638916661819158,-0.01931861252320558,0.999431279026197,0.5964241883259974,0.0,0.0,0.0,1.0
1544581173974852000,0.9988736390193049,0.03908877758103577,0.026898340832776695,20.35024810972616,-0.03957914640366283,0.9990552704606667,0.017945967087969812,-0.4460691429688077,-0.02617144325965578,-0.018990366820717027,0.9994770740370773,0.6018828439996273,0.0,0.0,0.0,1.0
1544581174011135000,0.9988787965008797,0.039489320915637394,0.026110217053451727,20.415480256498913,-0.039959969272565454,0.9990435028300071,0.01775613440158748,-0.4488458946862597,-0.02538406501512693,-0.018779589632721444,0.9995013638092426,0.6042725119907343,0.0,0.0,0.0,1.0
1544581174075675000,0.9988398975998092,0.04100281855928832,0.0252512936896722,20.533558545223233,-0.04144417548807828,0.9989925841456458,0.01721037884882433,-0.45405740692623053,-0.024520181094792436,-0.018236932093989286,0.9995329784588778,0.6080791362682367,0.0,0.0,0.0,1.0
1544581174111995000,0.9988065449600203,0.04192444048836873,0.02505647690254728,20.600301478301795,-0.0423484399763708,0.9989643654812366,0.01663749170515724,-0.4570139454492311,-0.024333010019280003,-0.017678738314955863,0.9995475810760558,0.6100500763671732,0.0,0.0,0.0,1.0
1544581174176541000,0.9987859998135707,0.04267777079574268,0.02459948081396976,20.72026623178861,-0.043057226389439936,0.9989583758438211,0.015107567213981968,-0.462223192941403,-0.02392910010968603,-0.016148412039037375,0.999583226628256,0.6134817417040621,0.0,0.0,0.0,1.0
1544581174212880000,0.9987915282049297,0.04266201245844027,0.02440155484922989,20.789322408298833,-0.04301481640477961,0.9989746408276078,0.014120642797557694,-0.4650513628880048,-0.02377411945219421,-0.015153206800839283,0.9996025067835331,0.6156070651697533,0.0,0.0,0.0,1.0
1544581174277398000,0.9988079540823389,0.042735200419623795,0.023587571026962816,20.91173868102595,-0.04305022871593953,0.9989881541402545,0.013013289167407167,-0.4698299381231483,-0.023007578520191214,-0.014013227056743925,0.9996370745416009,0.6198102456844189,0.0,0.0,0.0,1.0
1544581174313709000,0.9988467915014085,0.04252853297675392,0.022280282542869567,20.982947848475025,-0.04281418694332032,0.9990047956208096,0.01250454809296047,-0.47272633788679347,-0.021726309022182613,-0.013444039923768922,0.9996735593616553,0.6224489060114834,0.0,0.0,0.0,1.0
1544581174378265000,0.9988962738977598,0.04259586673138089,0.01979459852027618,21.10775273562592,-0.04282925851292642,0.9990159873217652,0.011520056022138335,-0.4783599670637211,-0.019284413613315784,-0.012355129012791824,0.9997376966878181,0.6270968411387956,0.0,0.0,0.0,1.0
1544581174414565000,0.9989359288282231,0.04243896827075632,0.018053921131247284,21.180990605414895,-0.042640385531231645,0.9990307887185604,0.010921571046271455,-0.4818653535944463,-0.017572922860113367,-0.011679775874757332,0.9997773628251779,0.629786976291723,0.0,0.0,0.0,1.0
1544581174479101000,0.9989992886661857,0.042146657251014,0.01496931952439134,21.307688676436115,-0.04229865023875296,0.9990551023090756,0.009986327562395638,-0.4880171337177568,-0.014534284723970585,-0.010609516142095047,0.9998380832588792,0.6343545091525432,0.0,0.0,0.0,1.0
1544581174515400000,0.9990382512858035,0.04183167001187526,0.013140922792002603,21.382719114342336,-0.04196241334644328,0.9990707703956194,0.009836239487067373,-0.4916855180306005,-0.012717245533134832,-0.010378204330339778,0.9998652731948081,0.6369462829927848,0.0,0.0,0.0,1.0
1544581174579980000,0.9991043062529708,0.04102137930313831,0.010384202754303727,21.51154456145237,-0.04111993070203203,0.9991094160055134,0.009461825837720213,-0.49791839748009586,-0.009986817602947099,-0.009880348637134611,0.9999013162232411,0.6411678489694485,0.0,0.0,0.0,1.0
1544581174616256000,0.9991398268153594,0.04051036800534501,0.008860956802115854,21.58836094378909,-0.04059239417804853,0.9991326771317749,0.009281757505329703,-0.5017173968712973,-0.00847726407936998,-0.009633461037723336,0.9999176628213762,0.6434698938967568,0.0,0.0,0.0,1.0
1544581174680813000,0.9991819978865962,0.03991851096845036,0.0064689706611674265,21.7188825137603,-0.03997808999903037,0.9991567312367067,0.009358351586187563,-0.5087137374713617,-0.006089944119839582,-0.009609313526105225,0.9999352847430529,0.6470525014903145,0.0,0.0,0.0,1.0
1544581174717119000,0.999200699767339,0.03964249084821702,0.0051414495828622005,21.798075567993735,-0.03969217008301811,0.9991624140974676,0.009949969297597106,-0.5131358283865817,-0.004742701610353211,-0.01014609157613869,0.9999372798366722,0.6489977527533398,0.0,0.0,0.0,1.0
1544581174781668000,0.9992502328732327,0.03868117909397243,0.0016548373623256854,21.93176837869037,-0.03869651754133855,0.9991953764831858,0.010544152161186959,-0.5209163635687604,-0.0012456456031277317,-0.010600282945536067,0.9999430395620055,0.6520155055353706,0.0,0.0,0.0,1.0
