1559194803104782469,0.9945002771949113,-0.10356850308496003,0.015580880205747254,4.808587455543376e-07,0.10360515273676416,0.9946172801124769,-0.0015615466859544205,1.6707202323830547e-07,-0.015335285639237067,0.003167218085524195,0.9998773913555422,2.1155939754392924e-06,0.0,0.0,0.0,1.0
1559194803151577000,0.9945014376982608,-0.10355984368011888,0.015564356492888873,6.527517521616376e-05,0.10359742492097841,0.994617982024432,-0.0016258485133504288,-0.00030503174199371895,-0.015312216228575851,0.003229335937222014,0.9998775462143222,0.00047305742168061765,0.0,0.0,0.0,1.0
1559194803169225000,0.9945018800632172,-0.10355621650996222,0.015560224062210663,8.14467790231382e-05,0.1035936999558124,0.9946183789581222,-0.0016203605092440971,-0.0003685471294055429,-0.015308686429261668,0.003223392755569301,0.9998776194409771,0.0005738483563429375,0.0,0.0,0.0,1.0
1559194803252452000,0.9944977266633764,-0.1035860863164929,0.015626720161660605,0.0002473242142504782,0.10362162199109942,0.994615689767355,-0.0014795690395450537,-0.0008630770627925497,-0.01538931828615,0.0030906941358213973,0.9998768006571829,0.0014913652286283794,0.0,0.0,0.0,1.0
1559194803270105000,0.9944984005955083,-0.1035831609930675,0.015603203890889247,0.0002647620887236908,0.10361930432087016,0.9946158643415313,-0.001523867517429934,-0.0009059556715935047,-0.015361347110043898,0.0031322769411542255,0.9998771013760284,0.0015992518467605108,0.0,0.0,0.0,1.0
1559194803353271000,0.9945042046721441,-0.10352279392580693,0.01563387435080334,0.000396424120470895,0.10356192797737891,0.9946215332802413,-0.0017124861640666438,-0.0012112845229857688,-0.015372506725643267,0.0033221488601324605,0.9998763170332234,0.0025430283246835592,0.0,0.0,0.0,1.0
1559194803370953000,0.9945068935066275,-0.1034975303866906,0.015630098261217484,0.0004125485542476675,0.10353756120854418,0.9946239661116012,-0.0017718508439665246,-0.0012466725349062648,-0.015362688136722126,0.0033804201340066255,0.9998762726322338,0.0026627825924255212,0.0,0.0,0.0,1.0
1559194803454120000,0.9945143317211829,-0.103458461883672,0.015413976314975658,0.0005586342296394084,0.10350248014446775,0.9946270127844523,-0.002083757044475057,-0.0014055276215359824,-0.015115574918533846,0.0036677110220434553,0.999879026328056,0.0034888441267428958,0.0,0.0,0.0,1.0
1559194803471797000,0.9945178433554137,-0.10343579121785994,0.015339372308847863,0.0005902421117357521,0.10348067851151577,0.99462911884429,-0.0021598893082609085,-0.0014200718341360035,-0.015033576503631014,0.0037353771111984014,0.9998800120691229,0.0036117316591975286,0.0,0.0,0.0,1.0
1559194803554986000,0.9945186294008547,-0.10345314233415884,0.015170468543585676,0.0007990216700565113,0.10350134798742466,0.9946263558011104,-0.002425553666365844,-0.0014246157383144811,-0.014838016694616303,0.003982422251674324,0.9998819798224069,0.0043900395188554014,0.0,0.0,0.0,1.0
1559194803572656000,0.9945174513219358,-0.10346890221592633,0.015140187923210932,0.0008305800461458082,0.10351805808199889,0.9946244380887822,-0.002497760498001519,-0.0014078913781208318,-0.014800360368955844,0.00405134925729243,0.999882261019838,0.004517150457060046,0.0,0.0,0.0,1.0
1559194803655859000,0.9945178661526558,-0.10349583938066396,0.014927328430024757,0.0009900240036039472,0.10354894660908817,0.9946203394109481,-0.0028277351708697342,-0.001266161111393391,-0.014554365644514511,0.0043579422827951875,0.9998845827292984,0.0052933100698607845,0.0,0.0,0.0,1.0
1559194803673512000,0.9945184432989148,-0.10349997048205924,0.014860082385892882,0.001011740399577014,0.10355389613625654,0.9946196031150227,-0.0029044266757219618,-0.0012367007086031031,-0.014479521169708949,0.004427325324179793,0.9998853645579423,0.005423729578141241,0.0,0.0,0.0,1.0
1559194803756705000,0.9945034835147761,-0.10367006289056192,0.0146744450402806,0.0011219777503445028,0.103726022683246,0.9946010673818314,-0.0031030599795484294,-0.0010304207175783255,-0.014273524277066107,0.004608125778328448,0.9998875095137056,0.006141071926001161,0.0,0.0,0.0,1.0
1559194803774416000,0.9945056746099397,-0.10365132854902849,0.014658282936530523,0.001147989509600754,0.10370783043676704,0.9946028281912985,-0.003146436073073027,-0.0009781283330025567,-0.01425303738593306,0.00464932725074441,0.9998876110250535,0.006261726506466628,0.0,0.0,0.0,1.0
1559194803857550000,0.9945047520330605,-0.10366811676085848,0.014602046120862563,0.0012937408578415819,0.10372810968680928,0.99459984180789,-0.0034108556879461987,-0.0006649128687854106,-0.014169595776168912,0.004906754831838176,0.999887566835671,0.006927181193281236,0.0,0.0,0.0,1.0
1559194803875220000,0.9945059067085013,-0.10365256772840512,0.014633752943512135,0.0013166216108068808,0.10371388879343232,0.994601037834633,-0.003493538265830993,-0.0006016501147393768,-0.014192631653322102,0.004992067866095122,0.9998868178274835,0.007054738270677314,0.0,0.0,0.0,1.0
1559194803958438000,0.9945037231808106,-0.10365661439106631,0.014752995373416282,0.0013488663383085756,0.1037212788899465,0.994599574062029,-0.003685591006049666,-0.00030925084116852227,-0.014291287028821608,0.005195533525226333,0.9998843760887783,0.007710709669886688,0.0,0.0,0.0,1.0
1559194803976088000,0.9945052291670181,-0.10363639775563697,0.014793451919268496,0.0013362977072579583,0.10370163789890874,0.9946015268236185,-0.0037112177531594868,-0.000241810867844807,-0.014328972626672128,0.0052249306563015045,0.999883683556793,0.007822393963889767,0.0,0.0,0.0,1.0
1559194804059286000,0.9945171725357527,-0.10349790853498439,0.014959159748286986,0.0012320260841926739,0.10356846694615951,0.9946142045810001,-0.004019539790211934,0.0001373646193702111,-0.014462578812682435,0.0055467985889892995,0.9998800262228952,0.00834656342582781,0.0,0.0,0.0,1.0
1559194804076924000,0.994520588523482,-0.10346402806891823,0.014966425714207079,0.0012109015986775111,0.10353572163786684,0.9946173041384507,-0.004095442990399114,0.00023044882736553965,-0.014462134967939829,0.005622562059736049,0.999879609477089,0.008451479896095702,0.0,0.0,0.0,1.0
1559194804102429431,0.9945214179433959,-0.10345027959840566,0.015006295441167581,0.001187096395805891,0.10352225730384765,0.9946186882517949,-0.004099661326630285,0.0003462939814613657,-0.014501430776714461,0.005630686573486196,0.9998789946159157,0.008602942561261408,0.0,0.0,0.0,1.0
1559194804160158000,0.9945146325721453,-0.10349970500989732,0.015114782921277166,0.0011449144276899743,0.10357336859898722,0.994613062688318,-0.00417287033350984,0.0005836053848082441,-0.01460146968463772,0.005715469589300832,0.9998770576878042,0.00893979508368178,0.0,0.0,0.0,1.0
1559194804177803000,0.9945182780910443,-0.1034542677676045,0.015185816523776067,0.0011272864920464838,0.10352924364783508,0.9946173943119895,-0.004234931137408044,0.0006727139946560521,-0.014665955561511424,0.005783892521490567,0.9998757204446798,0.009045954266673149,0.0,0.0,0.0,1.0
1559194804261016000,0.9945219419661303,-0.10339337186261083,0.015359609460950014,0.0010062369342675964,0.10347337097178436,0.9946220163689165,-0.004506223914477103,0.0010256233579516217,-0.01481109204780343,0.006070849126094628,0.9998718799642473,0.009525558080022395,0.0,0.0,0.0,1.0
1559194804278661000,0.9945202485971606,-0.10340642227853927,0.015381383611090944,0.000989170177142405,0.10348721064336115,0.9946203752230165,-0.004550431240868934,0.00105981284887382,-0.014828093724269848,0.006117272494640538,0.9998713450308155,0.009570007242958874,0.0,0.0,0.0,1.0
1559194804361862000,0.9945168993206853,-0.10342568995368442,0.015468148666667651,0.0008328052269153668,0.10350802627891825,0.9946178955674642,-0.004618475158627159,0.0013641799573752356,-0.014907228495350693,0.006194229133023146,0.9998696945422602,0.009987890666147435,0.0,0.0,0.0,1.0
1559194804379508000,0.9945164717201826,-0.10342886673230589,0.015474398331034447,0.0008169128797599702,0.10351163159001628,0.994617398753611,-0.004644590635763806,0.0014027857804716206,-0.014910721069398298,0.006220902110783625,0.9998694768689157,0.010030652270724312,0.0,0.0,0.0,1.0
1559194804462735000,0.9945106704051064,-0.10346797589320104,0.015585391074692156,0.0007317698044103244,0.1035525008211987,0.9946128109891145,-0.0047154840692127,0.001693200151002036,-0.015013528035166101,0.006303505445018099,0.9998674211089399,0.01041213922163113,0.0,0.0,0.0,1.0
1559194804480378000,0.9945080221685847,-0.10348567839485975,0.015636758279272085,0.0007229706882746251,0.10357087573908133,0.9946107884092104,-0.004738489068215401,0.0017256816064926523,-0.01506212272452029,0.006331978140002896,0.9998665103461888,0.010456914135514701,0.0,0.0,0.0,1.0
1559194804563574000,0.9945084926071553,-0.10346169372912653,0.01576502657611813,0.0006382194134699188,0.10354744469654582,0.9946133085273884,-0.004721567220395378,0.0019058005673818097,-0.015191603900216979,0.006328066916628954,0.9998645762002152,0.010733189901861976,0.0,0.0,0.0,1.0
1559194804581255000,0.9945117327852023,-0.10342893397559141,0.015775581423339964,0.0006187489002605068,0.1035148177456569,0.9946166830273628,-0.004726134861073588,0.001926229650183221,-0.015201837377604933,0.0063332030059315815,0.9998643881447286,0.010767651732874192,0.0,0.0,0.0,1.0
1559194804664425000,0.994510798544732,-0.10341197888686925,0.015944723284540798,0.00047599523383131455,0.1034982048393307,0.994618636031222,-0.004678723589641876,0.0020466801635648365,-0.015375082860095635,0.006303291369914648,0.9998619281405563,0.010935878217258502,0.0,0.0,0.0,1.0
1559194804682071000,0.9945125947915358,-0.10339114816732428,0.01596775756472416,0.00045686392962776193,0.10347738613238142,0.9946208421371088,-0.004670219018015627,0.0020645526095979874,-0.01539900516960173,0.006296893449044718,0.9998616003091014,0.010953564242804869,0.0,0.0,0.0,1.0
1559194804765289000,0.9945129142315053,-0.10337882863354382,0.016027514377303133,0.00036990293084506495,0.10346325195451032,0.9946229671897958,-0.00452864588602578,0.002209459160151827,-0.015473167799636901,0.006162055575857513,0.9998612954551838,0.011043235757007124,0.0,0.0,0.0,1.0
1559194804782949000,0.9945133490530716,-0.10337370981875509,0.016033548376689303,0.0003614070995240975,0.10345755005909824,0.9946237417276719,-0.004488621994831968,0.0022389149718862575,-0.015483342372014647,0.006122786126519957,0.9998613791916556,0.011056359409287264,0.0,0.0,0.0,1.0
1559194804866166000,0.9945016292642874,-0.1034958046867953,0.015972720585743394,0.0003223418163906247,0.10357557130317496,0.9946125153556004,-0.004247979192849447,0.002434109521389225,-0.015447019774001732,0.005879005888303923,0.9998634041057143,0.011068020867630628,0.0,0.0,0.0,1.0
1559194804883831000,0.9945018383455402,-0.10349079277613613,0.01599216489118722,0.0003156215927470335,0.103570572683524,0.9946130636119842,-0.004241481626832423,0.0024656365335515595,-0.01546706182010556,0.005874478951423244,0.9998631208799047,0.01105550813598654,0.0,0.0,0.0,1.0
1559194804967021000,0.9944994210439115,-0.10350240302059942,0.016067174994036,0.0002659144078981727,0.1035813323971775,0.9946122942604592,-0.004158327159915376,0.0026275674476367306,-0.015550212929505352,0.005799713346787844,0.999862267616367,0.010899761142416801,0.0,0.0,0.0,1.0
1559194804987330000,0.9945024193488153,-0.1034645345571897,0.016125383660800487,0.0002591474296353983,0.10354306929478116,0.9946164722225386,-0.0041116887782708805,0.002657971128673873,-0.015613158244252617,0.005758756155394963,0.9998615234207118,0.010851866022775533,0.0,0.0,0.0,1.0
1559194805067850000,0.9944997935251307,-0.10344411469716343,0.016415718473204284,0.00030637063074106505,0.10352158653784732,0.9946194046206697,-0.003939679264351862,0.0027587585667756182,-0.015919855500547322,0.005617391435457897,0.9998574914028026,0.010651193798343174,0.0,0.0,0.0,1.0
1559194805088200000,0.9945010957667254,-0.10342263012018713,0.01647210058867248,0.0003358846109082495,0.10349959290551675,0.9946218962622049,-0.003888154339303569,0.0027670738517441874,-0.01598138877484336,0.005571629456173849,0.9998567658210018,0.010607261064897443,0.0,0.0,0.0,1.0
1559194805099066752,0.9945018268054117,-0.10341628162489376,0.016467822429710146,0.0003507719708847817,0.10349311924239522,0.9946225944645705,-0.0038818616726458157,0.0027677580429585594,-0.015977820570253053,0.005564824835232757,0.9998568607427659,0.010587922892735715,0.0,0.0,0.0,1.0
1559194805168700000,0.9945025588563371,-0.1033861237796957,0.016612339931627473,0.00046853070651388,0.10346286526988384,0.9946259577465775,-0.0038261843716005965,0.002775794289014185,-0.016127490143860425,0.005523910436376377,0.9998546846793039,0.010364968673996543,0.0,0.0,0.0,1.0
1559194805189035000,0.9945030690496846,-0.103377642099055,0.01663456536243091,0.0005024991017788358,0.10345319819406944,0.9946272712382511,-0.003745276033502565,0.0027776364820264097,-0.01615801454931551,0.00544558749706825,0.999854621503865,0.010287261658301334,0.0,0.0,0.0,1.0
1559194805269558000,0.9945116232629414,-0.10329507367161615,0.01663607375805186,0.0006602916569917969,0.10336679781345368,0.994637117538341,-0.0035084932389547845,0.0028439645719512954,-0.016184446382269742,0.005208854978838195,0.999855455315973,0.00990425568713715,0.0,0.0,0.0,1.0
1559194805289915000,0.9945161576354183,-0.10325505442991961,0.016613426400267077,0.000710750211874757,0.10332599111953082,0.9946415016188253,-0.0034673933462431713,0.0028805343704596236,-0.016166377493099324,0.005164977456415337,0.9998559752517494,0.009801423712496865,0.0,0.0,0.0,1.0
1559194805370427000,0.9945164888464166,-0.10324277005979712,0.016669848318849535,0.000979450746613033,0.10331099852444418,0.994643685666906,-0.0032827041952226826,0.0030964555340443436,-0.016241643896967094,0.0049868821252256005,0.9998556595880205,0.009363458424786659,0.0,0.0,0.0,1.0
1559194805390749000,0.9945153617563143,-0.10324635142714324,0.016714848120317614,0.0010224899216341717,0.1033136680546008,0.9946436362376984,-0.0032129246725745705,0.003130977271772057,-0.016293594563700126,0.00492217521332681,0.9998551349907481,0.009301732380234257,0.0,0.0,0.0,1.0
1559194805471298000,0.994511838742438,-0.10325126093400237,0.016893185509831845,0.0013257661134665078,0.10331365171512914,0.9946447128901584,-0.0028608545814659742,0.0033786693504155273,-0.01650733080834169,0.004590450434310293,0.9998532071231222,0.00883960355843624,0.0,0.0,0.0,1.0
1559194805491608000,0.994510912578231,-0.10325863690519382,0.01690262308919876,0.0013777442956055717,0.10332028869109469,0.9946441587251296,-0.0028134425115862297,0.0034185967427268122,-0.016521583084046696,0.004544383176896786,0.9998531821592299,0.008755023532660307,0.0,0.0,0.0,1.0
1559194805572153000,0.994510703893023,-0.1032624226033979,0.016891770785787755,0.0017742748274748746,0.1033205749175329,0.9946446977573782,-0.0026046154884529714,0.003683692417363098,-0.01653235134252877,0.004335585451754804,0.9998539313609159,0.00818790005856176,0.0,0.0,0.0,1.0
1559194805592456000,0.9945079156979143,-0.1032843447082816,0.016921872011406144,0.0018531873492358898,0.10334145182332446,0.9946427126676987,-0.0025334703649363835,0.003739073993080447,-0.016569548854360426,0.004268287153342474,0.9998536051720465,0.008088774906191842,0.0,0.0,0.0,1.0
1559194805673002000,0.9945166371456028,-0.10320724423068844,0.01687966761831787,0.0023718789596193575,0.10326054281022154,0.994651648692339,-0.002314746669632035,0.004187594167873835,-0.016550490601073664,0.0040450577144499995,0.999854848850047,0.007463872517831739,0.0,0.0,0.0,1.0
1559194805693315000,0.9945193031494411,-0.10318691497054756,0.016846846648752058,0.00247140216164694,0.10323973389562548,0.9946538570262806,-0.0022939154085670505,0.004283534434196992,-0.016520078943698193,0.004020607118609429,0.9998554504077525,0.007344727336389834,0.0,0.0,0.0,1.0
1559194805773885000,0.9945211003547972,-0.10318643486507341,0.016743375075480467,0.003054987282097118,0.10323533511273349,0.9946547824342765,-0.0020807125664253985,0.004886003206339119,-0.01643917678120909,0.0037978204879188316,0.9998576548820808,0.0066408050825922695,0.0,0.0,0.0,1.0
1559194805794183000,0.9945167423811222,-0.1032346052045784,0.016705251027462963,0.0031717525434343825,0.1032819075751212,0.9946501296779633,-0.0019917578296738663,0.0050085645512794,-0.016410261767559605,0.0037061867010169404,0.9998584737295861,0.006506126182270205,0.0,0.0,0.0,1.0
1559194805874721000,0.9945095855064501,-0.10331335566859227,0.016644364700574763,0.0038140644886483924,0.10335502952570555,0.9946431414438521,-0.001661038964172708,0.005733279766850278,-0.016383595683831916,0.003372197976833924,0.9998600932496892,0.0057507470624617125,0.0,0.0,0.0,1.0
1559194805895020000,0.9945094707023825,-0.10330813677242193,0.01668357155632692,0.003946727442231656,0.10334921202014682,0.9946438191753345,-0.001616586254560168,0.0058895070497271326,-0.016427204816379628,0.003331944314395477,0.9998595126761572,0.0055947926378802,0.0,0.0,0.0,1.0
1559194805975608000,0.9945044715158918,-0.10332532834488463,0.016874023151510004,0.0046831866731883495,0.1033641633725185,0.9946425318874196,-0.001443430247496358,0.0067854848742518676,-0.01663447820627939,0.0031796671212406665,0.999856581641489,0.0047425403219463055,0.0,0.0,0.0,1.0
1559194805995887000,0.9945057858969867,-0.10330762592906316,0.0169049176961427,0.004843715652955221,0.10334625689988153,0.994644418528875,-0.0014254382275118195,0.006996716277827869,-0.016667123392965725,0.0031646665317961323,0.9998560855860931,0.004562531766027602,0.0,0.0,0.0,1.0
1559194806076467000,0.9945141507225812,-0.1032121330267604,0.01699587033973282,0.005666941325857412,0.10325162840261025,0.9946541951023353,-0.0014606154625637733,0.008142987629824986,-0.01675426049540752,0.0032074540349808695,0.9998544929107765,0.0036622813741466376,0.0,0.0,0.0,1.0
1559194806096775000,0.9945176435303975,-0.10317896643147687,0.016992868883030095,0.005861069314048377,0.10321821788432403,0.9946576827972581,-0.0014469102154143006,0.008402139769725335,-0.016752796886726908,0.003192951380682219,0.9998545638531396,0.003463629761019592,0.0,0.0,0.0,1.0
1559194806099657080,0.9944944474655312,-0.10340300599849993,0.0169885935468647,-6.646024149237716e-05,0.10343179168903359,0.9946362090714136,-0.0008222360009019022,0.004071093796422593,-0.0168124486087753,0.0025748698062321627,0.999855345346144,-0.002086988948208422,0.0,0.0,0.0,1.0
1559194806177319000,0.9944958360694636,-0.10335587900445278,0.01719285653147206,-0.0001770255511365111,0.10339242496180473,0.994639858737565,-0.0012481470379513244,0.0029255975207363298,-0.016971697057524344,0.003018888160854247,0.9998514128675623,-0.00044362394355804076,0.0,0.0,0.0,1.0
1559194806197608000,0.9944921102394548,-0.10339161837551773,0.01719348484640517,-0.00020291674629498873,0.10342893054557382,0.9946360061856016,-0.0012928748409940182,0.002699787779968705,-0.01696758667787387,0.0030640575789108453,0.9998513452276211,-7.985506636847329e-05,0.0,0.0,0.0,1.0
1559194806278161000,0.9944967844893158,-0.10335513931131457,0.017142369099556506,-0.00028065748578217297,0.10339690928196107,0.9946389427134812,-0.0015661381619838405,0.0018710129497123186,-0.016888599448874532,0.003329987348823646,0.9998518322196095,0.0014662974702685815,0.0,0.0,0.0,1.0
1559194806298503000,0.9944965405270043,-0.103362298100592,0.01711333430932008,-0.00029421483307688607,0.10340465571896275,0.9946380727686736,-0.0016066656960857643,0.0016983803686288037,-0.016855505197441466,0.0033674219189994445,0.9998522652943059,0.0018224778780059642,0.0,0.0,0.0,1.0
1559194806378998000,0.9944961621964612,-0.10336383702975763,0.01712602029056697,-0.00037128715405485127,0.10340937950620298,0.9946372632048274,-0.001793007125266842,0.0011207361840525312,-0.01684884585511057,0.0035541298365268943,0.9998517312854222,0.0032931398368902173,0.0,0.0,0.0,1.0
1559194806399328000,0.9944966411689266,-0.10334905187761997,0.017187326136324624,-0.0004012740905073996,0.10339629942307818,0.9946384603578843,-0.0018810748273661456,0.0009981690934205874,-0.01690076830598373,0.0036478285170765145,0.999850517516383,0.0036462966674879406,0.0,0.0,0.0,1.0
1559194806479886000,0.9945020065268965,-0.10328449413760087,0.017264770045308065,-0.0005844213409258593,0.10333934491702708,0.9946434680218087,-0.0023132906579237827,0.0005636908645578755,-0.01693336369706735,0.004084702227610322,0.9998482766908253,0.005004750221461981,0.0,0.0,0.0,1.0
1559194806500204000,0.994499760096949,-0.10330313419005725,0.017282639660004314,-0.0006272065712872724,0.10335904500170212,0.9946412843125585,-0.002371361929542697,0.0004556975875767438,-0.016945057788117227,0.0041446360003998045,0.99984783192693,0.005334543737539702,0.0,0.0,0.0,1.0
1559194806580703000,0.9945041531728666,-0.10325350497017072,0.017326368150641407,-0.0007420973581652071,0.10331513024897547,0.994645015087199,-0.002697744208905545,0.00010107589216436577,-0.016955034165518617,0.004472993802179754,0.9998462477515703,0.0064560633892338055,0.0,0.0,0.0,1.0
1559194806601045000,0.994504100880403,-0.10325539258709927,0.017318118654944783,-0.000754366857238129,0.10331761788873924,0.9946446540887712,-0.0027353110285018366,5.4108937159043115e-05,-0.01694293852492025,0.004509544800771877,0.9998462886063192,0.006625624241097853,0.0,0.0,0.0,1.0
1559194806681576000,0.9945037781527489,-0.103248125124554,0.017379870487690043,-0.0008452276507764935,0.10331619528235197,0.9946438467825423,-0.0030629805747019786,-0.00020031131439321022,-0.01697053423682756,0.004841767847237703,0.9998442669995312,0.007733475432109746,0.0,0.0,0.0,1.0
1559194806701882000,0.9945007684949545,-0.10327530902589649,0.017390572404261166,-0.0008661933440276587,0.1033436883385189,0.9946409445488018,-0.003077906375277632,-0.000233655197374677,-0.016979503630359213,0.00485818615014351,0.9998440350793696,0.007913255516986375,0.0,0.0,0.0,1.0
1559194806782455000,0.9944898041530625,-0.10336231470597707,0.01750032383200174,-0.0010444779030443847,0.10343264182063507,0.9946314410323577,-0.0031599234003916376,-0.00036161294436867243,-0.017079755314598776,0.00495261633025468,0.999841864271485,0.008962839058896206,0.0,0.0,0.0,1.0
1559194806802775000,0.9944894750867747,-0.10335988145767008,0.017533363815588215,-0.0010803279114672377,0.10343046013185707,0.9946316515264123,-0.003165074841369234,-0.00037551629855192456,-0.01711209684830352,0.0049611175047091635,0.9998412691295342,0.00913502726938573,0.0,0.0,0.0,1.0
1559194806883310000,0.994500745648876,-0.10324223831149454,0.017587129733508143,-0.0012438939549616332,0.10331761692768829,0.9946425001530628,-0.0034302946883354567,-0.00048268434260747737,-0.01713875538696101,0.005228490958009107,0.999839450084906,0.010058154682501147,0.0,0.0,0.0,1.0
1559194806903636000,0.9945008091555426,-0.10324400644933261,0.017573153423841508,-0.001260838801319869,0.10331974571931564,0.9946421914092772,-0.0034556060316796905,-0.0005115664008653089,-0.01712222922004022,0.0052522567378660324,0.9998396086701571,0.01021975091908035,0.0,0.0,0.0,1.0
1559194806984165000,0.9944953456165323,-0.10327913731908968,0.017675614322576277,-0.001315820514665908,0.10335959364432613,0.9946371795661907,-0.003698030055244171,-0.0006556005196871816,-0.01719889382302137,0.005504617991685615,0.9998369353209706,0.011093716999615137,0.0,0.0,0.0,1.0
1559194807004476000,0.9944919283285496,-0.10331184421629665,0.017676745571191452,-0.0013290206860693914,0.10339228460791354,0.9946337876772039,-0.0036964705399232076,-0.0006789821248455002,-0.017199999212709826,0.0055037492242961785,0.9998369210884136,0.011264408365541139,0.0,0.0,0.0,1.0
1559194807084999000,0.9944835933987232,-0.10337167737376975,0.017795470707366035,-0.0014683936234788529,0.1034565215558958,0.9946262814994665,-0.003912582024355742,-0.0007135730469187045,-0.017295392690480048,0.005732056129882421,0.9998339926828876,0.0121027119044553,0.0,0.0,0.0,1.0
1559194807098751534,0.9944829451356211,-0.10337505254652306,0.017812084251482126,-0.0014903792947027143,0.10346066345991815,0.9946256974585272,-0.003951337946392277,-0.0007098420173072043,-0.017307886953983182,0.005772388252416561,0.9998335444377983,0.012194011821002326,0.0,0.0,0.0,1.0
1559194807105314000,0.9944816933604744,-0.10338550239528896,0.017821320527783024,-0.001504206412198394,0.10347161737750502,0.9946244545873556,-0.003977277220512144,-0.0007057292122043235,-0.01731432840636477,0.005799330244031599,0.9998332770019994,0.012247596508751414,0.0,0.0,0.0,1.0
1559194807185877000,0.9944814280220776,-0.10335674856054783,0.018001995616063,-0.0016436382820807587,0.10345139353570669,0.9946247534338437,-0.0044055683156768175,-0.0006232724049789794,-0.017449885234273998,0.0062435874027284444,0.9998282448109062,0.012958618042628323,0.0,0.0,0.0,1.0
1559194807206187000,0.9944833542249443,-0.1033228048557198,0.018090222946335822,-0.0016600108593172675,0.10341879887055568,0.9946279393432383,-0.004451327666668873,-0.0006046866819096925,-0.017533117511521788,0.006297640397113759,0.999826449698024,0.013099643013644503,0.0,0.0,0.0,1.0
1559194807286738000,0.9944738588605807,-0.10336671229189041,0.018359379970777797,-0.0016787084529832287,0.10346991012293037,0.9946211923132132,-0.004760409708288866,-0.0005530757415312452,-0.017768560495958142,0.006633746407848449,0.99982011965478,0.013728490523188554,0.0,0.0,0.0,1.0
1559194807307054000,0.9944682349165165,-0.10341584599155168,0.018387292891461807,-0.0016764099200700232,0.10352054497103438,0.9946155688265089,-0.004833944230036011,-0.000557926076375605,-0.017788381346395873,0.006710666566794946,0.9998192538870727,0.013863135389209025,0.0,0.0,0.0,1.0
1559194807387598000,0.9944583285433553,-0.10350579574694922,0.01841692258618011,-0.0016696075834550534,0.10361722055005221,0.9946036563724193,-0.0051998400065249575,-0.0006174900788111002,-0.017779324965710365,0.00707933453104707,0.9998168725453487,0.014411080595532361,0.0,0.0,0.0,1.0
1559194807407931000,0.9944594800678416,-0.10348192880058128,0.018488723993412223,-0.0016655257408351683,0.10359566394178166,0.994605368023005,-0.0053009727674942185,-0.0006422084507248109,-0.017840429245244004,0.007186954259749962,0.9998150162769162,0.014527033020184378,0.0,0.0,0.0,1.0
1559194807488456000,0.9944556632921697,-0.10348055764522819,0.018700479554391927,-0.00156464515412199,0.1036043932237547,0.9946018099262977,-0.005776624972164081,-0.0007321153833459615,-0.018001762437861047,0.007682049255509508,0.9998084429871399,0.014958153239302972,0.0,0.0,0.0,1.0
1559194807508817000,0.9944551528019776,-0.10347008486865433,0.018785382691577902,-0.001518635470766242,0.10359707433050067,0.9946017588379861,-0.00591502379913479,-0.0007566369493633353,-0.018071946650991568,0.007828336583022188,0.9998060421354671,0.015055966613908497,0.0,0.0,0.0,1.0
1559194807589315000,0.9944561428946448,-0.10341181174939132,0.019051956587597327,-0.001242691257142897,0.1035504089665005,0.994603389240017,-0.0064351313226182465,-0.0009068351430688682,-0.01828367200476079,0.008372293770369138,0.9997977855721848,0.015403773845327002,0.0,0.0,0.0,1.0
1559194807609628000,0.9944510171534725,-0.1034509050522426,0.01910719043440915,-0.001165294561405857,0.10359193478013326,0.9945983662722704,-0.006542236394234472,-0.0009714134033541607,-0.01832718011406735,0.008485284462017809,0.9997960364077598,0.015491111742986771,0.0,0.0,0.0,1.0
1559194807690177000,0.99444907786503,-0.10344810498544774,0.01922293183446221,-0.000777851866602172,0.10360079337041507,0.9945934614441581,-0.0071219425402189,-0.0013725456253308574,-0.018382250852741963,0.009073920180684035,0.9997898563328916,0.015803112914368943,0.0,0.0,0.0,1.0
1559194807710486000,0.9944505811190663,-0.10343793651076637,0.01919986985227044,-0.0007165814476165317,0.10359190797657533,0.9945938009563369,-0.007203311807804947,-0.0014450678832352867,-0.01835097582479375,0.009152288764152064,0.9997897165387599,0.015837992416126708,0.0,0.0,0.0,1.0
1559194807791011000,0.9944352882139108,-0.10354336517960258,0.019422386109803378,-0.00023278988618454505,0.103705226797609,0.9945796650575496,-0.0075176983756410935,-0.002048997175955533,-0.018538702483487518,0.009490067507353735,0.999783104042541,0.016007337512575746,0.0,0.0,0.0,1.0
1559194807811357000,0.9944382889457922,-0.10350720299859506,0.019461459502613424,-0.00014573152563285158,0.1036705339132823,0.9945828311441826,-0.007577096499007272,-0.002160442300806883,-0.018571749424844585,0.009552534775017585,0.9997818958166178,0.016024584892508693,0.0,0.0,0.0,1.0
1559194807891861000,0.9944335271835949,-0.10353667412289326,0.019547816368140028,0.0004958933108833665,0.10370935585828411,0.9945751956783541,-0.008034279608112142,-0.002967553832642821,-0.01860993069983009,0.010016848453049964,0.9997766416687364,0.01614772250412743,0.0,0.0,0.0,1.0
1559194807912185000,0.9944352618862718,-0.10351961273362392,0.0195499283031841,0.0006158494386133776,0.10369357655239254,0.9945762903208,-0.0081021548669086,-0.0031213562358583928,-0.018605163233688365,0.01008427048401739,0.9997760526187107,0.016170891550569343,0.0,0.0,0.0,1.0
1559194807992710000,0.9944295408832114,-0.10353725495019533,0.019746520103204622,0.0013819534313838301,0.10371977959121602,0.9945706462939302,-0.008452032419532959,-0.004142812983570426,-0.018764209025631813,0.010453055431284008,0.9997692924329055,0.016294948234191385,0.0,0.0,0.0,1.0
1559194808013055000,0.9944282277425587,-0.10354550882491687,0.0197693568681394,0.0015273245741255388,0.10372848583966465,0.9945696422061536,-0.008463334291618363,-0.0043397657658841605,-0.01878566193141033,0.010466823974362953,0.9997687455115228,0.016306372040139006,0.0,0.0,0.0,1.0
1559194808093605000,0.9944178815304608,-0.10362781860157891,0.019858300640981236,0.0024384541508846247,0.10381564052746252,0.9945587674232136,-0.008670116694128621,-0.005621829583024311,-0.018851781728580187,0.010683321276427606,0.9997652109231268,0.016297394240291013,0.0,0.0,0.0,1.0
1559194808098439068,0.9944420281114605,-0.10338018760826524,0.019939647329982796,-0.0014859068665056942,0.10357054341654139,0.9945835344957535,-0.008759877072978085,-0.0005259189312826042,-0.018926047182823272,0.010776350031959859,0.9997628093793168,0.014412580240186526,0.0,0.0,0.0,1.0
1559194808113911000,0.9944441515548567,-0.10335979523574067,0.019939462559558394,-0.001467300088021002,0.10355066697858539,0.9945853614022799,-0.008787391682742215,-0.0006494970863734446,-0.018923234570981277,0.01080331491356161,0.9997625716040018,0.014394507634032279,0.0,0.0,0.0,1.0
1559194808194436000,0.9944440163660111,-0.10336108290554817,0.019939529944970585,-0.0013191504072522899,0.1035540040851163,0.9945840515560077,-0.00889565221739964,-0.00138200583935708,-0.018912074232449606,0.01091104628464284,0.9997616128443835,0.01436623534846047,0.0,0.0,0.0,1.0
1559194808214751000,0.9944434895297672,-0.10336458869322099,0.019947629837611308,-0.00128282333139876,0.10355749988657267,0.994583734299695,-0.008890426520329222,-0.0015352521457913026,-0.018920632893738448,0.010906753446929991,0.9997614977484112,0.014375736481568813,0.0,0.0,0.0,1.0
1559194808295305000,0.9944264869081135,-0.10351307906738132,0.020025099190210508,-0.00108425202172516,0.10370420276131194,0.9945696868705675,-0.008750787839789788,-0.002247954734380432,-0.01901053563759772,0.010778702155937347,0.999761181040055,0.014484522624014704,0.0,0.0,0.0,1.0
1559194808315633000,0.9944289945333685,-0.1034816834914055,0.020062801726944142,-0.001042340012225975,0.10367334522778034,0.9945728410967832,-0.00875792452313861,-0.0023645313633806862,-0.01904763294038336,0.010789111847417815,0.9997603626594279,0.014506629953100562,0.0,0.0,0.0,1.0
1559194808396168000,0.9944329897133268,-0.10343899670016292,0.020084893115896726,-0.000811050168541661,0.1036338393549736,0.9945755845403123,-0.008912574086222657,-0.002865253800671521,-0.019054036589677942,0.010944432281238535,0.9997585523973681,0.014595126053317272,0.0,0.0,0.0,1.0
1559194808416468000,0.9944338911693519,-0.1034335325535481,0.02006839398847282,-0.0007592428108464643,0.10362907297724197,0.9945756663204257,-0.008958749754171895,-0.0029624437320805745,-0.01903290118872906,0.010988553443221074,0.9997584710146562,0.014606161845728105,0.0,0.0,0.0,1.0
1559194808497031000,0.9944342069224658,-0.10342209134413818,0.02011166637780186,-0.00047631793659757486,0.10361901501128006,0.9945762838854455,-0.009006401096388499,-0.0034232337641716504,-0.019071125571905365,0.011040224391816001,0.9997571733250027,0.01473348517106316,0.0,0.0,0.0,1.0
1559194808517344000,0.9944367263917248,-0.10339526608812552,0.020125013139741736,-0.0004056947728053599,0.10359299288519305,0.9945786811284544,-0.009040955141532237,-0.0035183629120321713,-0.019081117063667767,0.011075468177399416,0.9997565928646086,0.014771514979575493,0.0,0.0,0.0,1.0
1559194808597917000,0.9944393079855431,-0.10339401711037455,0.020003498669273187,-7.546939081072293e-05,0.10359092353022112,0.9945786444357522,-0.00906866001656001,-0.003950714690127591,-0.01895740740153773,0.01109041289220963,0.9997587806298536,0.014950880411857118,0.0,0.0,0.0,1.0
1559194808618183000,0.9944404078993496,-0.10339708391336531,0.019932841623466813,1.3879599887465907e-06,0.10359371648282595,0.9945781072933946,-0.009095625210114401,-0.004051186722303431,-0.01888430677175202,0.011109974387884239,0.9997599469006793,0.014983652605909278,0.0,0.0,0.0,1.0
1559194808698742000,0.9944416663244658,-0.10341886984680614,0.019756255653023448,0.0003756817076643642,0.1036138138032131,0.9945758819996193,-0.009110023810701053,-0.004493860057736071,-0.018706947024335514,0.011106408253250138,0.9997633209058743,0.015141802930203991,0.0,0.0,0.0,1.0
1559194808719090000,0.9944414288095028,-0.10343651903652731,0.019675649847470403,0.0004743143215683269,0.10363006337248118,0.9945744377462559,-0.009082827045135841,-0.004585205435690353,-0.018629402371780502,0.011071328344982537,0.9997651579525786,0.01517515501818388,0.0,0.0,0.0,1.0
1559194808799631000,0.9944410649039351,-0.10349857252434794,0.019365276092836652,0.0009195128181530686,0.10368775828652574,0.9945688886322999,-0.009031862832507662,-0.0048952778574316395,-0.018325316211309936,0.010989597359891008,0.9997716797027332,0.015331576844277293,0.0,0.0,0.0,1.0
1559194808819921000,0.9944419620018342,-0.10349689586643915,0.01932813379379275,0.0010276723149679654,0.10368576942919275,0.9945690481706722,-0.00903712558057907,-0.004944990858091685,-0.018287849185062863,0.0109909493172478,0.9997723508905851,0.01536093251729991,0.0,0.0,0.0,1.0
1559194808900440000,0.9944486811368264,-0.10344659574244416,0.019251556158499356,0.0014524266227536246,0.10363329815756096,0.9945751742039053,-0.008964506135657309,-0.005124313319415988,-0.018219772177789754,0.010909843563018171,0.999774482178466,0.015470063851061998,0.0,0.0,0.0,1.0
1559194808920800000,0.99444834606619,-0.10344938450489079,0.01925387887615437,0.0015078308018471025,0.10363577469201143,0.9945750830860158,-0.00894596604238277,-0.005147725145719663,-0.018223973502093312,0.010891691787968229,0.9997746035181067,0.015481105767926771,0.0,0.0,0.0,1.0
1559194809001323000,0.9944383271288997,-0.10356204676787753,0.019165489983900216,0.00187293013850085,0.10374593678112873,0.9945643635227771,-0.008860440843354543,-0.005291738102594487,-0.01814370795843636,0.010799503682139104,0.9997770634405141,0.015550695259470915,0.0,0.0,0.0,1.0
1559194809021613000,0.9944423831143477,-0.10352334423587192,0.019164129619619514,0.0019315274992778568,0.10370766312321655,0.9945681347235973,-0.008885156270141806,-0.0053116672525831046,-0.01814021155824296,0.01082324307426432,0.9997768701735283,0.01556054681605695,0.0,0.0,0.0,1.0
1559194809098397900,0.994451119978605,-0.10344668348386177,0.019124686912108356,0.0022535015196196184,0.10363382809152535,0.9945742041969371,-0.009065430002070524,-0.005409245046285298,-0.018083131598056627,0.010997091534400346,0.9997760070782801,0.015579073409713347,0.0,0.0,0.0,1.0
1559194809102169000,0.9944513632919016,-0.10344436221323196,0.019124590797647206,0.002263215932827214,0.1036315273850545,0.9945744328844253,-0.009066641300091518,-0.005411783836707335,-0.01808293612001256,0.010998244356328976,0.9997759979327163,0.01557862356166393,0.0,0.0,0.0,1.0
1559194809122482000,0.9944543190690602,-0.1034204676577038,0.01910010875227427,0.0023202337286820324,0.10360803979773879,0.9945765363878204,-0.009104249341624805,-0.005423864689125365,-0.018054954282884585,0.011032684907407223,0.9997761241845979,0.015573207737252546,0.0,0.0,0.0,1.0
1559194809203049000,0.9944514791244099,-0.10347010391408835,0.018978758212281628,0.002658855968187475,0.10365692320221571,0.9945711464686151,-0.009136568521917639,-0.0054364048952207445,-0.017930363619358562,0.011053153763226383,0.9997781403153213,0.015538317909858485,0.0,0.0,0.0,1.0
1559194809223341000,0.9944537866276589,-0.10345574334450539,0.018936088058019367,0.0027215048216640103,0.10364196630526999,0.9945727682819738,-0.009129699464239612,-0.005429638892779257,-0.017888797675710805,0.011041637603448463,0.999779012160563,0.015527617612057183,0.0,0.0,0.0,1.0
1559194809303886000,0.9944450344213298,-0.10356231019485419,0.018812799415935746,0.0030576777143205896,0.10374551733871494,0.9945628287484592,-0.009035889772674062,-0.005401017311745758,-0.017774733384266207,0.01093743932400992,0.999782191916896,0.015476663839901763,0.0,0.0,0.0,1.0
1559194809324219000,0.9944470208555446,-0.10355093449361691,0.01877036699237489,0.0031178202497696423,0.10373405073016938,0.9945638326767134,-0.009057011124873927,-0.0053925246888759356,-0.017730466170985185,0.010953843932797285,0.9997827983479468,0.015461202448995166,0.0,0.0,0.0,1.0
1559194809404728000,0.9944536151058229,-0.10350884790504694,0.018652769454665017,0.0034089478782562362,0.10369120188854801,0.9945680262529901,-0.00908712309466085,-0.005345170471958499,-0.017610850458378565,0.010970850495701255,0.9997847260213242,0.015380201580462648,0.0,0.0,0.0,1.0
1559194809425044000,0.9944542393457666,-0.10350841746729643,0.01862185169754496,0.0034612193479420577,0.10369067843220375,0.9945679527500724,-0.009101130083489744,-0.005335059076309423,-0.017578653347136878,0.010981569830545984,0.9997851749603787,0.015356046916688204,0.0,0.0,0.0,1.0
1559194809505586000,0.9944525589484322,-0.10353532131911132,0.018561929863650614,0.0036951583397027837,0.10371727337831918,0.9945649987227025,-0.009120883656538547,-0.005293464190384867,-0.01751671213103861,0.010995478846213075,0.9997861092459025,0.0152606341215953,0.0,0.0,0.0,1.0
1559194809525916000,0.9944524520835046,-0.10353529032432231,0.018567827082303118,0.0037412989877016996,0.10371753408371,0.9945648527525585,-0.009133826847115604,-0.0052766828672963255,-0.017521234793657664,0.011008965743289455,0.9997858815789344,0.015238123172483988,0.0,0.0,0.0,1.0
1559194809606469000,0.9944539495261071,-0.10352511222971558,0.01854436328788598,0.003930291509738867,0.10370813603646255,0.994565285414991,-0.00919323486271055,-0.005135099646357113,-0.017491849295339333,0.011065450068713211,0.9997857725648078,0.01515714944622134,0.0,0.0,0.0,1.0
1559194809626772000,0.9944526077615841,-0.10354123974906033,0.01852626749813741,0.003962669936194455,0.10372423391711477,0.9945635173296496,-0.009202896021355395,-0.0050815761078081305,-0.017472670502604853,0.011073466850983397,0.9997860191648029,0.015139263285482906,0.0,0.0,0.0,1.0
1559194809707312000,0.9944542821102248,-0.10356107412262816,0.01832442957372357,0.004051509360192753,0.10374234274993728,0.9945613571032644,-0.009232187046732397,-0.004751384701939419,-0.01726867433792508,0.011082007195399863,0.9997894688398818,0.01502829446028841,0.0,0.0,0.0,1.0
1559194809727661000,0.9944570998066,-0.10353914477989151,0.018295413154399042,0.004062870129360998,0.1037208712125547,0.9945631746202412,-0.009277530070801633,-0.00465381270029933,-0.01723535665862766,0.011123721839145806,0.9997895805084646,0.014986720404290634,0.0,0.0,0.0,1.0
1559194809808197000,0.9944680369604477,-0.10346001460111076,0.018147970761785936,0.004114167286911099,0.10364283813300917,0.9945697977963689,-0.009438189181338949,-0.004256193407889659,-0.017072948420454488,0.0112668846637338,0.9997907639812478,0.014830144968317662,0.0,0.0,0.0,1.0
