1559194816098152294,-0.15578571800006966,0.9876558687713535,-0.0163307975525846,4.941572481138194e-08,-0.9864791673797553,-0.15640930780271625,-0.04893854062413348,-4.8613516189960466e-06,-0.05088872559759665,0.008486065883314872,0.9986682754012378,-8.170947781688477e-06,0.0,0.0,0.0,1.0
1559194816162231000,-0.15450699872682966,0.9878451421183221,-0.01701653718179938,5.6670069433939885e-05,-0.986666524131494,-0.1551686310083397,-0.04911075349937303,-0.0003463005198868748,-0.051154252049128254,0.009201692465518852,0.9986483722277154,-7.811729472939733e-05,0.0,0.0,0.0,1.0
1559194816182542000,-0.15431309395126483,0.9878729735618839,-0.017159753529516274,7.179101592657696e-05,-0.9866950402853408,-0.1549824271557455,-0.04912580532898588,-0.0004846548730882363,-0.051189515640366084,0.009350688686929277,0.9986451812879222,-9.682000397618754e-05,0.0,0.0,0.0,1.0
1559194816263083000,-0.1531282309343943,0.9880456044414321,-0.017822133286191626,0.00016523846186186625,-0.9868746829554358,-0.15383296010373454,-0.04913024045669579,-0.001714828701005231,-0.0512845496471669,0.010064985329884693,0.9986333616687324,-0.0002640592302086938,0.0,0.0,0.0,1.0
1559194816283406000,-0.1528905259580215,0.9880809034947305,-0.017905731521311394,0.0001780476798967887,-0.9869124787052576,-0.15359953131408358,-0.049101357984674396,-0.002027167889096362,-0.05126642612982468,0.010164257431198193,0.9986332867588348,-0.00030235715608204015,0.0,0.0,0.0,1.0
1559194816363957000,-0.15170189839440218,0.9882558796126802,-0.018353485622631387,0.00016905926885377477,-0.9871055294199799,-0.15243265749106297,-0.04885651152829485,-0.00417727588567802,-0.05108040536288398,0.010705201594459231,0.9986371667661803,-0.0005681021966048235,0.0,0.0,0.0,1.0
1559194816384292000,-0.15150878448233307,0.988282757359665,-0.018500803503212444,0.00015187167312076134,-0.9871358097594873,-0.1522469403015621,-0.04882378784250633,-0.004676994586916787,-0.051068398400219914,0.010865572897503223,0.9986360488238147,-0.0006341027603145668,0.0,0.0,0.0,1.0
1559194816464778000,-0.15034174887863488,0.9884479804130543,-0.01918198533691211,-2.957828084925688e-05,-0.9873236954237398,-0.1511128601588728,-0.048547131217135074,-0.007701569861635574,-0.0508849584742111,0.011640168038179443,0.9986366844298883,-0.0012346823843487759,0.0,0.0,0.0,1.0
1559194816485146000,-0.1500928489956555,0.9884837500719437,-0.01928762619072913,-9.767712909046372e-05,-0.9873670457858396,-0.15086819665981657,-0.048426275231050864,-0.00848337626819842,-0.05077847552364908,0.011775528876485537,0.9986405175753577,-0.001501245479777021,0.0,0.0,0.0,1.0
1559194816565646000,-0.14901556061316376,0.9886347851355354,-0.01989030706548253,-0.0005646156036389283,-0.9875651884480144,-0.14981311719560833,-0.04765530906174494,-0.01365204633844512,-0.050093525138283586,0.01254159224938258,0.9986657835347502,-0.0034084626785764994,0.0,0.0,0.0,1.0
1559194816585973000,-0.14874692478568283,0.9886728179518782,-0.020010282603998838,-0.0007031279180354568,-0.9876153427872915,-0.1495481465658536,-0.04744772439072531,-0.015062295277677353,-0.04990277605446952,0.012704759022019873,0.9986732709150938,-0.0039080289067555795,0.0,0.0,0.0,1.0
1559194816666509000,-0.14748127953955736,0.9888526828027278,-0.020485211720232824,-0.001539724035353209,-0.987842115935188,-0.14829691371983578,-0.046647393987914954,-0.023509581162256522,-0.04916529436571343,0.01335653753857175,0.9987013451152031,-0.006212597212781095,0.0,0.0,0.0,1.0
1559194816686831000,-0.14722649509822294,0.9888875203572733,-0.020635678392823636,-0.001786269724489668,-0.9878839174946938,-0.14804848740222762,-0.04655116468197653,-0.02581582335288604,-0.04908894678467919,0.013532089991995377,0.9987027374769821,-0.006689238873790694,0.0,0.0,0.0,1.0
1559194816767346000,-0.14609733138983702,0.989038762145848,-0.02139852176612955,-0.003347922289643469,-0.9880606044644734,-0.14695389634195502,-0.046268717890343154,-0.038459945131452185,-0.048906151617831455,0.014383300140279833,0.9986998092575207,-0.008541621283077816,0.0,0.0,0.0,1.0
1559194816787703000,-0.14579710123251208,0.9890799329353996,-0.021542783866024488,-0.0038209247393880584,-0.9881032718771261,-0.14666127327830877,-0.04628601328805179,-0.04193370408371407,-0.04894005903054377,0.014538128658353187,0.9986959063885269,-0.008858984291093054,0.0,0.0,0.0,1.0
1559194816868222000,-0.144537595323202,0.9892501653561119,-0.02220346551983823,-0.006367778289450034,-0.9882673213897165,-0.14544067726845014,-0.04663379535158106,-0.05947913429324269,-0.04936177682564648,0.015202622753947499,0.9986652568553761,-0.009799841420642252,0.0,0.0,0.0,1.0
1559194816888528000,-0.14420319146572308,0.9892933073168355,-0.022454212727696394,-0.00710551053309368,-0.9883093895174351,-0.14512062261255151,-0.046739228536803214,-0.06426848043813876,-0.04949737531192928,0.01545176335135146,0.9986547215362076,-0.00993948506491357,0.0,0.0,0.0,1.0
1559194816969081000,-0.14296979047134942,0.9894529806114998,-0.023290302093236633,-0.010816237706190408,-0.9884695637286621,-0.14393445459285464,-0.04701908509451842,-0.08711815991331526,-0.04987545082148997,0.01629944600509259,0.998622434889823,-0.010589090632581257,0.0,0.0,0.0,1.0
1559194816989399000,-0.1427234127307253,0.9894841797221761,-0.023475211139118272,-0.011906327567300926,-0.9885002005340457,-0.14369881434796164,-0.04709569299996073,-0.09346539070192744,-0.04997380316377284,0.01648359288872432,0.998614495269736,-0.01081788559511969,0.0,0.0,0.0,1.0
1559194817069950000,-0.14153441514163853,0.9896374324004993,-0.02420251479212208,-0.017017986303780253,-0.988660051987388,-0.14254973967065615,-0.04723212174060462,-0.12225722997141696,-0.050192737869191976,0.01724308880614991,0.9985906893986229,-0.01208127424277243,0.0,0.0,0.0,1.0
1559194817090270000,-0.14135719197396399,0.9896610097747017,-0.02427406041340519,-0.01776334926659426,-0.9886862602591511,-0.14237586512587935,-0.04720796335826412,-0.12641189719776547,-0.05017592103802321,0.017326244872300084,0.9985900951775015,-0.012298205334832949,0.0,0.0,0.0,1.0
1559194817098687149,-0.14032720354997685,0.9897853061327405,-0.025165923538757892,0.0031489463950151544,-0.9888298123846221,-0.14139085501127857,-0.04716172450811148,-0.0788831615560687,-0.05023821337630256,0.018266742536498088,0.9985702018555632,-0.014706229615168499,0.0,0.0,0.0,1.0
1559194817170808000,-0.14010142242936588,0.9898227232996246,-0.02495131004543123,-0.0019156011658713822,-0.9888416866285131,-0.14116234011930678,-0.04759529932376081,-0.13650696841048193,-0.050633094107961234,0.018004726372704904,0.9985550158150004,-0.013250058064970784,0.0,0.0,0.0,1.0
1559194817191125000,-0.1400987480635624,0.9898244280856927,-0.024898641646761407,-0.0025899340841874998,-0.9888349159021623,-0.1411596665270693,-0.047743665954048005,-0.14567589141134485,-0.0507725307995137,0.017931818390726176,0.9985492476615337,-0.013068386329282452,0.0,0.0,0.0,1.0
1559194817271661000,-0.13984250714309754,0.9898656569912995,-0.0246992774209771,-0.00605384237670312,-0.9888365744352813,-0.14090613042655298,-0.04845298202705311,-0.20329097390062087,-0.05144222249311849,0.01764776239076326,0.9985200319610845,-0.01228437758883551,0.0,0.0,0.0,1.0
1559194817292009000,-0.1397830059124723,0.9898748512429758,-0.024667592804541207,-0.0065065876409469104,-0.9888405301149532,-0.14084668375113996,-0.04854500672863044,-0.21313336655691256,-0.05152782995673531,0.017606548582933226,0.9985163454781039,-0.012191430584874442,0.0,0.0,0.0,1.0
1559194817372529000,-0.13929216886566165,0.9899467577779912,-0.024558266582726803,-0.00839147512346513,-0.9888764432030752,-0.14036239255325225,-0.04921157216306259,-0.2713898791864259,-0.05216389336249328,0.01743030468967774,0.998486410877832,-0.011737166071057395,0.0,0.0,0.0,1.0
1559194817392864000,-0.13926030306360473,0.9899508804852559,-0.024572794246911302,-0.008597531945081376,-0.9888725031760183,-0.14033410597399526,-0.04937115719604069,-0.281939726660133,-0.052323421648719656,0.017423918243250854,0.9984781753348544,-0.011654694986334639,0.0,0.0,0.0,1.0
1559194817473402000,-0.13888510470637278,0.990002954870812,-0.024598313717938334,-0.008946185611116314,-0.9888734162265665,-0.13997779028482632,-0.05035459172090222,-0.3411423310044653,-0.05329441219397623,0.017331115776066587,0.9984284341177683,-0.0111557777818341,0.0,0.0,0.0,1.0
1559194817493716000,-0.13882845602950153,0.9900128428199666,-0.02452000913519122,-0.00887177333401442,-0.9888698572460803,-0.13992095734953516,-0.05058192487939885,-0.35245232313769304,-0.0535076183975749,0.017224887399181994,0.9984188690261727,-0.011051057245093348,0.0,0.0,0.0,1.0
1559194817574239000,-0.1385679507359967,0.990052218711722,-0.02440342707121982,-0.007697303599713539,-0.9888535830822143,-0.13967155402836753,-0.05157953296382953,-0.41263193640574813,-0.05447489563360936,0.016984146116143514,0.9983706849294085,-0.01066275461013479,0.0,0.0,0.0,1.0
1559194817594553000,-0.138577005502745,0.9900525779043614,-0.02433734847556646,-0.007279241502353734,-0.9888410544153826,-0.13968063950125775,-0.051794672034842656,-0.4246826248338241,-0.05467890496863857,0.01688821877666838,0.9983611598104081,-0.010617112590916866,0.0,0.0,0.0,1.0
1559194817675099000,-0.1384257760515232,0.9900817685741117,-0.02400824986740059,-0.0042357669998613744,-0.9888166412153898,-0.1395260762728168,-0.05266995438983835,-0.48606294548891926,-0.055497338495184574,0.01644887768433124,0.9983233343175345,-0.01077219174076842,0.0,0.0,0.0,1.0
1559194817695415000,-0.1383867868664103,0.9900886887507091,-0.023947559973667452,-0.003408311353500956,-0.9888135576401719,-0.139486436107978,-0.0528325881334969,-0.49893344826872765,-0.055649307702609105,0.016368339860732314,0.998316198407311,-0.010881541178838529,0.0,0.0,0.0,1.0
1559194817775960000,-0.13817556423994856,0.9901235327360228,-0.02372558469905098,0.001565928954073193,-0.9888129077787129,-0.13927239644488104,-0.05340630111426609,-0.5620377628455998,-0.056183154567713806,0.016080718604586344,0.998290971426661,-0.01174349717815747,0.0,0.0,0.0,1.0
1559194817796301000,-0.1381295152580354,0.990129875191403,-0.023729038497979176,0.0028517067147015183,-0.9888121941706799,-0.1392286499394841,-0.053533425963559415,-0.5759536474254231,-0.05630880636230281,0.016069016444299034,0.9982840803281224,-0.012003896432321925,0.0,0.0,0.0,1.0
1559194817876827000,-0.1376510101578909,0.9902013810805919,-0.023524972021290943,0.009887898498392948,-0.9888567028833851,-0.13874610782894695,-0.05396238249851898,-0.6414760904248653,-0.05669762398117166,0.015834849806950078,0.9982658147840582,-0.013543879469995981,0.0,0.0,0.0,1.0
1559194817897106000,-0.13765874217265542,0.9902017391953326,-0.02346457751552703,0.011682093367623896,-0.9888485204087101,-0.1387525095452403,-0.05409570020256103,-0.6564998804359474,-0.05682142543926341,0.015756166711410523,0.9982600206467285,-0.013957583548812722,0.0,0.0,0.0,1.0
1559194817977666000,-0.13758553113483488,0.9902208229521161,-0.023085567231033104,0.020633861444117756,-0.9888423059820118,-0.13866312369138706,-0.05443741386511693,-0.7249764260270345,-0.05710617762134362,0.015338185035398558,0.9982502815212735,-0.016178516866861697,0.0,0.0,0.0,1.0
1559194817997995000,-0.1375365504166791,0.9902265321788282,-0.023132493781895448,0.02293686735842621,-0.988846183165534,-0.1386175933796752,-0.054482922504077984,-0.7413632028758665,-0.05715700603109773,0.01538108496549768,0.9982467124347773,-0.016785361254247455,0.0,0.0,0.0,1.0
1559194818078520000,-0.13705810429879034,0.9902916801869308,-0.023183274112328046,0.03373859453233079,-0.9889114948455967,-0.13814302580286328,-0.054502841983470635,-0.8133172892248198,-0.05717631859666826,0.015456150056686805,0.9982444470254579,-0.019750530082211327,0.0,0.0,0.0,1.0
1559194818098866000,-0.13708979443123326,0.9902915637238321,-0.02300015391705956,0.03656136103293609,-0.9889010203188587,-0.13816620532631038,-0.054633979518665686,-0.8311630656489384,-0.05728141299863624,0.015255114654896913,0.9982415144651849,-0.02054056578626577,0.0,0.0,0.0,1.0
1559194818099145482,-0.1386767560567429,0.9901078869207609,-0.021333766354959822,0.003867750302362432,-0.988850924106215,-0.13961639058827982,-0.05177946864719388,-0.8336976113178685,-0.05424580374428604,0.013915305832433549,0.9984306470855775,-0.0013891089059955095,0.0,0.0,0.0,1.0
1559194818179386000,-0.13705284151072483,0.9903104707602796,-0.022398440490155682,0.0019977758109756168,-0.9891121501670913,-0.13804070240014432,-0.0510090077604333,-0.9495548264300699,-0.05360665094617828,0.015163640177397615,0.9984469895747654,-0.001697451333826012,0.0,0.0,0.0,1.0
1559194818199692000,-0.1369422011403462,0.9903176611511126,-0.02275441845060674,0.0015637446597701456,-0.9891442534495023,-0.1379436678003666,-0.05064770855242418,-0.9802137685147341,-0.05329614821604128,0.015571593559119136,0.9984573331191288,-0.0017890877710882462,0.0,0.0,0.0,1.0
1559194818280232000,-0.13629583393650674,0.9903776135208714,-0.023992254755545738,0.00018051463825008944,-0.9892993242978334,-0.13734027624871392,-0.049239165953316476,-1.093479012309197,-0.05206047056455989,0.017024428232097117,0.9984988113402898,-0.0021123485902351385,0.0,0.0,0.0,1.0
1559194818300538000,-0.13637484008402662,0.9903645666527948,-0.02408169659047173,6.5475463150768614e-06,-0.9892961406724208,-0.1374210819789465,-0.04907741108073462,-1.1116198874374645,-0.05191386175876413,0.017131005409924193,0.9985046217273803,-0.0021545857242079775,0.0,0.0,0.0,1.0
1559194818381111000,-0.1359577568866976,0.9903921183963169,-0.02527726569073033,-0.0007593119318808953,-0.9893919209131782,-0.1370500219158086,-0.04817591021048293,-1.235639953062041,-0.05117729158591729,0.018459233768992382,0.9985189740383484,-0.0023191440534890153,0.0,0.0,0.0,1.0
1559194818401420000,-0.1362296936334272,0.9903455009025194,-0.02563707110181146,-0.0007880164051259464,-0.9893651114244267,-0.13733517610504392,-0.04791373185557777,-1.2569143375370093,-0.05097202044920599,0.01883715069572005,0.9985224158149841,-0.0023294972738338005,0.0,0.0,0.0,1.0
1559194818481960000,-0.13637223478202043,0.990281402976566,-0.027301217909090524,-0.0003257072956934509,-0.9893755319919574,-0.1375456541653912,-0.047087681147426036,-1.3921809023593166,-0.050385218826404364,0.02058970468405724,0.9985175981347736,-0.002281185349231231,0.0,0.0,0.0,1.0
1559194818502291000,-0.13657662585567115,0.9902470196098135,-0.02752572294711804,-0.00013315755338247663,-0.9893467610253955,-0.13776067903738345,-0.04706359272006278,-1.4166732050355906,-0.05039654470736201,0.020804698148261584,0.9985125701845312,-0.002261447375922921,0.0,0.0,0.0,1.0
1559194818582820000,-0.1368897407804272,0.9901570239003136,-0.029159336239742407,0.0013915139067607314,-0.989302562959753,-0.138151229089142,-0.04684737796745617,-1.5637502320691508,-0.05041465848673359,0.022434480649974508,0.9984763674156941,-0.002080671309487533,0.0,0.0,0.0,1.0
1559194818603156000,-0.137023012749159,0.9901247818554342,-0.029624488736086634,0.0017368125373268043,-0.9892823802936352,-0.13830709585596535,-0.046813665488320604,-1.5919184584087671,-0.05044864733278242,0.02289243524877671,0.9984642559404301,-0.0020336143281865582,0.0,0.0,0.0,1.0
1559194818683681000,-0.13675235032728789,0.9900890567190397,-0.03197584158649159,0.0037341309908638315,-0.9892933184300632,-0.13816080460774469,-0.047014063638218216,-1.751614528163091,-0.05096591792169207,0.025204202731731132,0.9983823032160858,-0.0017720057954970533,0.0,0.0,0.0,1.0
1559194818706335000,-0.13659654045346867,0.9900961679919145,-0.03241856356890188,0.004145640754328146,-0.9893110810065312,-0.13802812387843957,-0.04703001186781484,-1.7887932797972175,-0.05103890803918702,0.025647907250400226,0.9983672744635832,-0.0017023678761101744,0.0,0.0,0.0,1.0
1559194818784526000,-0.13514155996775334,0.990204646286648,-0.03509297995062914,0.005871123973252532,-0.9894783200934918,-0.13671988736932877,-0.04733208703073686,-1.961146689756526,-0.05166636076258397,0.028327210770759798,0.9982625688141876,-0.0014114408078905504,0.0,0.0,0.0,1.0
1559194818807148000,-0.13515445042894253,0.9901861935810353,-0.03556088540451929,0.006234877901514996,-0.9894721706741298,-0.1367575524067302,-0.0473518248977729,-2.0027367747938807,-0.051750342903979486,0.02878669660143734,0.998245074171717,-0.001370262900034363,0.0,0.0,0.0,1.0
1559194818885393000,-0.13366383965682005,0.9903089787068708,-0.03771080297144918,0.0077850019354944325,-0.9896857888681257,-0.13536514571099859,-0.04688620947693296,-2.1883163111275334,-0.051536562561646966,0.031054855002008257,0.9981881479461343,-0.00113838744196824,0.0,0.0,0.0,1.0
1559194818908020000,-0.13347477507351074,0.9903137084991124,-0.03825236172854196,0.00812236267087019,-0.989715851393568,-0.13519921753154096,-0.04673013031403807,-2.2347253709184582,-0.05144917802437408,0.03162167512315661,0.9981748603040572,-0.001063035866092757,0.0,0.0,0.0,1.0
1559194818986267000,-0.13157537059509286,0.9905123271174127,-0.03966423680354093,0.009426593339848587,-0.9899874615719684,-0.13335827018597762,-0.04626443237841709,-2.4344255864715936,-0.05111504458627964,0.03317983727276505,0.9981414482003534,-0.000746961115302587,0.0,0.0,0.0,1.0
1559194819008867000,-0.13159307093083025,0.9904963512450059,-0.04000302305229547,0.00977677980637507,-0.9899881413612218,-0.13338976729797844,-0.04615896385695735,-2.4860020781595042,-0.05105627921372763,0.03352831863544974,0.9981328109036023,-0.0006508944396857021,0.0,0.0,0.0,1.0
1559194819087111000,-0.1313102836567784,0.9905138681823392,-0.04049551017630082,0.010873281682879911,-0.990098136988372,-0.13308126781469526,-0.04466604178779155,-2.700124383899836,-0.0496315276626844,0.034229418564969,0.998180874574632,-0.00016260184222444447,0.0,0.0,0.0,1.0
1559194819098452346,-0.13150494703503626,0.9904806195711561,-0.040676666029183524,0.010959439596966207,-0.9900864738937817,-0.133273924616223,-0.044349016110470214,-2.7251074945546248,-0.049347979876482616,0.03444130182392604,0.998187644489144,-8.77032731773813e-05,0.0,0.0,0.0,1.0
1559194819109723000,-0.1316841277728794,0.990448760402085,-0.04087228291482119,0.011042342150922774,-0.9900802058307366,-0.13344920569637353,-0.04396015833876671,-2.753839435762657,-0.04899465802369105,0.03467798317348033,0.9981968548178048,-2.4837796364840023e-06,0.0,0.0,0.0,1.0
1559194819187958000,-0.12907798785972316,0.9907707358365301,-0.041379005063245836,0.01160439672710777,-0.9905232846994801,-0.1307959022028465,-0.041905303185873564,-2.952921004196654,-0.04693075237242435,0.03557781579695865,0.9982643555215623,0.0007943922618981345,0.0,0.0,0.0,1.0
1559194819210581000,-0.1289652448412201,0.9908044704554696,-0.04092025108059749,0.011760086855958604,-0.9905338617364755,-0.13066698514969874,-0.04205719611806133,-3.015362820956431,-0.047017383768867924,0.035108977731389435,0.9982768780785146,0.0010581982820500014,0.0,0.0,0.0,1.0
1559194819288826000,-0.12812579396402576,0.9909811118906064,-0.03924559589490264,0.012028768934550899,-0.9906735343968309,-0.12973545258442587,-0.041649256756883204,-3.2261937507071083,-0.04636517191572425,0.03354322910472577,0.9983612185048328,0.0019334556039490981,0.0,0.0,0.0,1.0
1559194819311459000,-0.1278916785331537,0.991011067074698,-0.03925281515311014,0.012088527899580653,-0.9907196868762941,-0.12949042119225346,-0.041312623436370884,-3.294104949815022,-0.04602413060249088,0.03360499598161681,0.9983749213834258,0.002196819390819123,0.0,0.0,0.0,1.0
1559194819389666000,-0.12678461238922253,0.9911575968271804,-0.03914435225017287,0.01203395865315933,-0.9909742018076512,-0.12829596361112072,-0.03886228342218184,-3.5162387763949075,-0.043540709835815775,0.033863903686151185,0.9984775623989414,0.002938371149642685,0.0,0.0,0.0,1.0
1559194819412318000,-0.12719716801740671,0.9911071160852207,-0.03908407467993694,0.0119496200916864,-0.9909372092622257,-0.12869321816078785,-0.03849029616684596,-3.5572145051017263,-0.04317786178058625,0.033834007221359014,0.9984943325865211,0.003029372558863388,0.0,0.0,0.0,1.0
1559194819490517000,-0.12664555059964724,0.9911834112559469,-0.038940335955620575,0.011272050080536148,-0.9910677333255498,-0.12808911052880972,-0.037120448877846636,-3.7908136679974045,-0.041781006142344534,0.03389137080383138,0.998551812632059,0.003722466777826639,0.0,0.0,0.0,1.0
1559194819513176000,-0.12704796298775492,0.9911243390979901,-0.03913258933722865,0.011055798344275803,-0.9910285766338507,-0.12848808951138777,-0.036785474698550584,-3.83638280471524,-0.04148705094058092,0.034107994682882344,0.9985566930840565,0.0038865899802327047,0.0,0.0,0.0,1.0
1559194819591373000,-0.1253510446860103,0.9913218679900565,-0.039598859084912626,0.009986734755540202,-0.9912516839587838,-0.1268047700824499,-0.036614878577030385,-4.082731370723842,-0.0413184540490007,0.03466272247008443,0.998544581391317,0.004738937218205328,0.0,0.0,0.0,1.0
1559194819614013000,-0.12551539604112702,0.9913012394060378,-0.039594672731249066,0.009809357835676085,-0.9912304574231185,-0.12696911422548687,-0.036619998765089694,-4.133176730464221,-0.04132875068761557,0.034651071914889385,0.99854455963755,0.004963793958083117,0.0,0.0,0.0,1.0
1559194819692231000,-0.12227940585027583,0.991715941490128,-0.03933495009853313,0.00912252770358325,-0.9916276915349002,-0.12373366221714927,-0.03693916912297339,-4.391920940691071,-0.041500220313472995,0.03448872610988915,0.9985430684178093,0.006448803822605574,0.0,0.0,0.0,1.0
1559194819714883000,-0.12192709370364344,0.9917600802611816,-0.03931573503471234,0.009020204423207659,-0.9916587882436395,-0.12339125733831721,-0.03724842696851477,-4.447480780597159,-0.041792720899010184,0.03444620171812725,0.9985323368159159,0.006820645153284087,0.0,0.0,0.0,1.0
1559194819793098000,-0.11823419610381537,0.9922296274707745,-0.03874327349221554,0.00865709590526643,-0.9920680748229982,-0.11971200316335429,-0.03834020364584177,-4.719194802179003,-0.042680320859526125,0.0339028415892403,0.9985133887652714,0.009130458452900364,0.0,0.0,0.0,1.0
1559194819815729000,-0.11796335060236611,0.9922540241752299,-0.03894354147642761,0.008592896601537106,-0.9920959283791719,-0.11945275849511353,-0.03842795052272588,-4.779981429124529,-0.04278220200190954,0.03410263913498663,0.9985022249328727,0.009750853146732503,0.0,0.0,0.0,1.0
1559194819893951000,-0.11464271946344805,0.9926353504822948,-0.03914214923732803,0.007868345086601525,-0.9924677784617318,-0.11615819101901674,-0.038922787341430135,-5.064093025713123,-0.043182815902412776,0.03438510770786994,0.9984752920221203,0.012775827998008827,0.0,0.0,0.0,1.0
1559194819916627000,-0.11451833310053507,0.9926563768068082,-0.03897266950898668,0.007646218034137234,-0.9924803514254416,-0.11602874266417988,-0.03898824066564024,-5.130347969316763,-0.043223875558620596,0.03421474039871501,0.9984793678995787,0.013477617998701346,0.0,0.0,0.0,1.0
1559194819994841000,-0.1099611855433187,0.9931779718149264,-0.03880791124881389,0.006348831559988762,-0.9930117868850712,-0.1114584548525901,-0.03878922465314332,-5.427318172949512,-0.04285007329313193,0.03427140416529613,0.9984935363212512,0.016251721120962806,0.0,0.0,0.0,1.0
1559194820017487000,-0.10943035560825493,0.9932167260595192,-0.03931325917633693,0.005878370702986561,-0.9930644443486338,-0.110952925011933,-0.03889033044135504,-5.499120653229892,-0.04298844777370215,0.034784817189563,0.9984698342218937,0.016814202267682845,0.0,0.0,0.0,1.0
1559194820095677000,-0.10342070596785567,0.9938153674685994,-0.04043727192037304,0.0038288263955126994,-0.9936972152423127,-0.105005047241534,-0.039240087582466394,-5.808626076358689,-0.0432435197085865,0.03612416693925174,0.9984112592344707,0.018873880006822736,0.0,0.0,0.0,1.0
1559194820098067025,-0.09962108005657737,0.9942419885917997,-0.03947794991362776,0.018658001582485338,-0.9937480749807841,-0.10142458165115108,-0.04666709449785477,-5.828655873338796,-0.05040241938978358,0.0345821103738766,0.9981300885965462,-0.0037156105869474605,0.0,0.0,0.0,1.0
1559194820118322000,-0.097382696542369,0.9944624498133859,-0.03951007878120055,0.02039298338429897,-0.9939981833068912,-0.09917194478725298,-0.046179399624910314,-5.899571555081352,-0.04984197023332881,0.03477587207064402,0.9981514998861576,-0.0017681071787015263,0.0,0.0,0.0,1.0
1559194820196521000,-0.08661066008951102,0.9954389584442577,-0.0399984195971936,0.026225582497672578,-0.9951024408639927,-0.08836180723451771,-0.04430940316428538,-6.1998131134220555,-0.047641638777275584,0.03596485831563862,0.9982168117302748,0.005133736100892212,0.0,0.0,0.0,1.0
1559194820219183000,-0.08522671698876025,0.9955460758371816,-0.04030406426783987,0.0271131208599529,-0.9952169460496109,-0.08699754959072276,-0.04443710905195933,-6.278741915055359,-0.047745544368076105,0.036324058837056215,0.9981988407840368,0.006811524665321313,0.0,0.0,0.0,1.0
1559194820297399000,-0.07597271706493997,0.9962911418436047,-0.04039934338253356,0.03064998290085989,-0.9959809918153232,-0.07775182814737701,-0.04445803821926349,-6.599457065952821,-0.04743427246554236,0.03685938013192994,0.9981940572313377,0.012345800020831065,0.0,0.0,0.0,1.0
1559194820320032000,-0.07415458262398562,0.9964037618408467,-0.04099562495279534,0.031838851001486826,-0.996130684755731,-0.07595332343807588,-0.04421257227071079,-6.685381628494622,-0.04716732729278213,0.037558435112749575,0.9981806485741613,0.013320901808446936,0.0,0.0,0.0,1.0
1559194820398256000,-0.0646187121281349,0.9970300177920451,-0.041899470933380346,0.034627555253713777,-0.9968956036010254,-0.06638881492340697,-0.04232825030652615,-6.980797715810349,-0.044984192377406855,0.03903420134525155,0.9982248011152067,0.015530988475193299,0.0,0.0,0.0,1.0
1559194820420886000,-0.0629741339282435,0.9971344703191404,-0.04191785487539296,0.035239389731652075,-0.997005152042967,-0.06474401346040844,-0.04229585701720962,-7.074416959657213,-0.04488858714383322,0.03912877230894436,0.9982254023625241,0.015902777637798963,0.0,0.0,0.0,1.0
1559194820499114000,-0.0556078547182738,0.9975583470468746,-0.042250570774145714,0.036325282177876714,-0.9975009335838061,-0.057352289880925875,-0.04126260225496339,-7.387263604117054,-0.043585020282987316,0.039850459000167836,0.9982546202870344,0.0164766065530118,0.0,0.0,0.0,1.0
1559194820521734000,-0.05451890741094078,0.9975886304170725,-0.0429489603751553,0.0363935166387096,-0.9975724605430032,-0.056283380268495616,-0.04100447624019455,-7.489166039357294,-0.043322911962356346,0.040609180835634105,0.9982354530525134,0.01642365132145443,0.0,0.0,0.0,1.0
1559194820599967000,-0.046770835017213304,0.9979482504760746,-0.04372388779073153,0.035315191338566566,-0.9980047253947238,-0.048542492539192045,-0.04037566727478333,-7.820557343781951,-0.04241529301554028,0.041748242954960754,0.9982274425843957,0.01597271683616692,0.0,0.0,0.0,1.0
1559194820622591000,-0.04624262692281011,0.9979568098630478,-0.044088831956024394,0.03482180669716153,-0.9980268590222886,-0.04803241137707295,-0.040438547543305316,-7.8829648651985185,-0.042473616815458436,0.04213185380768689,0.9982088452670306,0.015784559201484777,0.0,0.0,0.0,1.0
1559194820700816000,-0.03849560223027471,0.9982325235516404,-0.04527601498203423,0.030814290250132638,-0.9984292225769686,-0.04026999297192521,-0.03895401353379289,-8.231090363566612,-0.040708428037426275,0.043705338229626814,0.9982147400719742,0.014161870216280693,0.0,0.0,0.0,1.0
1559194820723463000,-0.03760040362728097,0.9982470453812106,-0.04570608312631469,0.02971892213632385,-0.9984844527762966,-0.039370064873367715,-0.03845511092026711,-8.300281775296108,-0.040187152313753756,0.044190885706792075,0.9982144851730802,0.013770985530374766,0.0,0.0,0.0,1.0
1559194820801686000,-0.027268683744001154,0.9984991564256771,-0.04749582617539179,0.022243959110559236,-0.9989518622898779,-0.0289668976628622,-0.03544143997321084,-8.665954321313908,-0.03676405465199798,0.04647960259084323,0.9982424809777154,0.011014276781774005,0.0,0.0,0.0,1.0
1559194820824307000,-0.025488596768563174,0.9985257079083413,-0.047924337042017255,0.02043267828311026,-0.9990275413338581,-0.027168065580239292,-0.034725608260421176,-8.741896960402556,-0.035976424102431764,0.04699262557864839,0.9982471587988745,0.010244693998117808,0.0,0.0,0.0,1.0
1559194820902519000,-0.0153430942663158,0.9986537550360598,-0.049550650961554164,0.009529018008474659,-0.999399561300125,-0.016856555206781847,-0.03027166033896609,-9.123817066321203,-0.031066160552150158,0.04905643789493496,0.9983127563893048,0.004979698186812259,0.0,0.0,0.0,1.0
1559194820925188000,-0.012800096443001988,0.9986875105014414,-0.04959247825510477,0.006927291864973243,-0.9994758049631904,-0.01425364875999304,-0.029068002858997338,-9.206862065241076,-0.029736725176686622,0.049194408884139514,0.9983464515439036,0.003526532050824115,0.0,0.0,0.0,1.0
1559194821003393000,-0.004335398497683223,0.9987407141310728,-0.04998189929187136,-0.006766081330656151,-0.9996315632288396,-0.005667687307356264,-0.02654458734378477,-9.605879958223259,-0.026794441896260353,0.049848402758188685,0.9983973130101703,-0.003813007894859677,0.0,0.0,0.0,1.0
1559194821026023000,-0.003961156449151718,0.9987119401241419,-0.05058428504049452,-0.010131687019033622,-0.9996440818205431,-0.005289252436235055,-0.02614829802932968,-9.696262203072925,-0.026382170508701737,0.0504627036744803,0.9983774319450082,-0.005524042420344944,0.0,0.0,0.0,1.0
1559194821098750435,0.0013836485592128276,0.998713455992913,-0.050690416602712486,-0.025246958806751412,-0.9997015135148555,0.00014501588308244841,-0.024430776625041273,-10.081500745275056,-0.024391994440258354,0.05070908980730769,0.998415554174783,-0.012995140369622288,0.0,0.0,0.0,1.0
1559194821104240000,0.0017053044940861873,0.9987063954255104,-0.05081955994268573,-0.026334744719922858,-0.9997041380624531,0.00046952423766123333,-0.024319043727031937,-10.108031185778485,-0.0242637234856791,0.050845995743776164,0.9984117168981128,-0.013531007295263514,0.0,0.0,0.0,1.0
1559194821126882000,0.0031875558099546037,0.998676167084813,-0.05133958302075856,-0.030351543325266565,-0.9997150218316373,0.0019678421679395295,-0.023790811700579333,-10.205994695949054,-0.023658288444618363,0.05140078690048424,0.9983978387866632,-0.015552179791886236,0.0,0.0,0.0,1.0
