1559194816098152294,-0.173970686084996,0.9836326905316908,0.046914075718298205,5.253873866705663e-07,-0.9836048839085733,-0.17127327735383718,-0.05645260681027135,-4.8625100821334e-06,-0.047493502022016014,-0.05596601273864424,0.9973024479483752,-8.20809211130054e-06,0.0,0.0,0.0,1.0
1559194816162231000,-0.17091834576738543,0.9840044719165312,0.05022069621588702,-0.006199978632632325,-0.9842253854393517,-0.16814908791572267,-0.055011588687018234,-0.017496187115597323,-0.04568708501206482,-0.05883097382653503,0.997221944594943,0.005178163206618423,0.0,0.0,0.0,1.0
1559194816182542000,-0.17164474890762357,0.9839076131088728,0.04963757688327988,-0.00033299560877051224,-0.9840730895835907,-0.16887282150193297,-0.055516884957497174,-0.002178623305866392,-0.04624104810497239,-0.058376185421635175,0.9972231377408832,-0.0002060455583492654,0.0,0.0,0.0,1.0
1559194816263083000,-0.17164474890762357,0.9839076131088728,0.04963757688327988,-0.00033299560877051224,-0.9840730895835907,-0.16887282150193297,-0.055516884957497174,-0.002178623305866392,-0.04624104810497239,-0.058376185421635175,0.9972231377408832,-0.0002060455583492654,0.0,0.0,0.0,1.0
1559194816283406000,-0.17145451198190337,0.9839299295525982,0.049852222133684294,-0.00039061535695947774,-0.9841125306724617,-0.1686790735358607,-0.0554066523490074,-0.0025312083051889844,-0.04610723689929034,-0.05855991702267597,0.9972185612110365,-0.00023178750356926697,0.0,0.0,0.0,1.0
1559194816363957000,-0.1706330941525844,0.9840205008408724,0.050872400226359624,-0.000782701895278042,-0.9842891454471421,-0.16784695977737893,-0.05479303102058863,-0.0048872409395847366,-0.045378688112896685,-0.05942265576669018,0.9972009439660521,-0.00044129041479206327,0.0,0.0,0.0,1.0
1559194816384292000,-0.17051276027908552,0.9840343404209796,0.051007994023053456,-0.0008706479443033864,-0.984315436076801,-0.16772662509586805,-0.05468913543740752,-0.00542449260843992,-0.04526058862794598,-0.05953315132091371,0.997199720723413,-0.0004985510822963643,0.0,0.0,0.0,1.0
1559194816464778000,-0.1697085545823988,0.9841333862494942,0.05177339636008763,-0.001380375771349792,-0.9844864169101114,-0.16692549115539287,-0.05405899852960719,-0.008618037659731237,-0.044558965664008646,-0.06014447997644118,0.997194635017316,-0.001041983010516536,0.0,0.0,0.0,1.0
1559194816485146000,-0.16953433006463364,0.9841536473927357,0.05195872643847595,-0.0015116173722127422,-0.9845254907525931,-0.16675395802360196,-0.05387648412644811,-0.009427984817602798,-0.044358415074259375,-0.060288604288335594,0.9971948732344476,-0.0012922240038015355,0.0,0.0,0.0,1.0
1559194816565646000,-0.16861884128393206,0.98425628245564,0.0529835522654936,-0.002452281219742419,-0.9847478787889451,-0.16587679986504583,-0.052502404584997074,-0.0164977646261389,-0.04288707946152875,-0.06102833532989037,0.997214240122014,-0.0037036276005939952,0.0,0.0,0.0,1.0
1559194816585973000,-0.16861884128393206,0.98425628245564,0.0529835522654936,-0.002452281219742419,-0.9847478787889451,-0.16587679986504583,-0.052502404584997074,-0.0164977646261389,-0.04288707946152875,-0.06102833532989037,0.997214240122014,-0.0037036276005939952,0.0,0.0,0.0,1.0
1559194816666509000,-0.16764413949791135,0.9843656259466431,0.0540347753458563,-0.0033099089456733767,-0.9849686933177444,-0.1649290152854571,-0.05133315790893457,-0.025081205567032274,-0.04161869382788332,-0.06182826515147968,0.997218707181336,-0.005908725646654963,0.0,0.0,0.0,1.0
1559194816686831000,-0.16746533727771626,0.9843856829923456,0.054223499796257124,-0.0035190915860121024,-0.9850070832326759,-0.16475287104720285,-0.051161875094250284,-0.027406062438722668,-0.04142954008816174,-0.06197837204539782,0.9972172654976891,-0.006357967176467347,0.0,0.0,0.0,1.0
1559194816767346000,-0.1666759881869434,0.9844750236169071,0.0550276551962307,-0.0046724806388129154,-0.985170356576202,-0.1639692127867118,-0.050531829391275346,-0.04007215710639343,-0.04072448262935673,-0.06263405728990765,0.9972053406304919,-0.008052417711878625,0.0,0.0,0.0,1.0
1559194816787703000,-0.1664598558154117,0.9844989593115392,0.05525319462628629,-0.004985901195655587,-0.9852104299123228,-0.16374767959837008,-0.05046886384817518,-0.04353520402495002,-0.0406389615257126,-0.06283706343112754,0.9971960580876089,-0.00832521299562589,0.0,0.0,0.0,1.0
1559194816868222000,-0.16557576270349142,0.9845925886189226,0.056232563891838776,-0.006511809380073027,-0.9853638633503167,-0.1628233381069849,-0.05046402055961847,-0.06095678899651318,-0.04053052687172991,-0.063765155095799,0.99714155534062,-0.00903608023869692,0.0,0.0,0.0,1.0
1559194816888528000,-0.16536281645215947,0.9846201014988258,0.05637725303216049,-0.006920295661945928,-0.9853990599342466,-0.1626028157394124,-0.05048779054699359,-0.06569604127663979,-0.04054419336614975,-0.06390289538086366,0.9971321819830252,-0.009111108918900712,0.0,0.0,0.0,1.0
1559194816969081000,-0.1639146634048102,0.9848075280168135,0.05732465335529331,0.009850925579535187,-0.9856504202635048,-0.16112616711554678,-0.050315080294347385,-0.07919047764174934,-0.04031416817027774,-0.0647494481217386,0.9970868953168888,-0.011104723550586327,0.0,0.0,0.0,1.0
1559194816989399000,-0.16443398342839283,0.9847163545261918,0.057403538414633644,-0.00943736995203314,-0.9855604033204819,-0.1616340074910133,-0.05044937094911004,-0.09467502429697194,-0.04039995669102559,-0.06487024549856803,0.9970755712323521,-0.009585417439442185,0.0,0.0,0.0,1.0
1559194817069950000,-0.1635459927412108,0.9848118929948901,0.05829445663277727,-0.011917203573064673,-0.9857174738273851,-0.16071866418074024,-0.050304798730460995,-0.12295070479769121,-0.04017175686531019,-0.06568901277822145,0.9970311848435712,-0.01042899968257663,0.0,0.0,0.0,1.0
1559194817090270000,-0.16341723031363156,0.9848249751779498,0.0584343828783485,-0.012260503350502132,-0.985741895646197,-0.1605882371814949,-0.05024274322510023,-0.12702318265438065,-0.04009643381230886,-0.06581174929062361,0.9970261228527779,-0.01058527914328544,0.0,0.0,0.0,1.0
1559194817098687149,-0.16275398625152912,0.9850580068742342,0.05631929555841823,0.0031482792772209935,-0.9858392722712022,-0.16001522407552804,-0.0501603161058857,-0.0788789336462356,-0.04039887630888907,-0.06368556474600756,0.9971519842210423,-0.014706001705514386,0.0,0.0,0.0,1.0
1559194817170808000,-0.16239830059740715,0.9849330550375619,0.059444672237693,0.008451890009703799,-0.9859011003158961,-0.15950611247805144,-0.0505650123904188,-0.14765610641322907,-0.04032136355554084,-0.06681823984895047,0.9969501043003662,-0.012892658788743759,0.0,0.0,0.0,1.0
1559194817191125000,-0.16274253933839863,0.98489849476128,0.059074706149573435,-0.0003517921341157211,-0.985821695604774,-0.15983100910413509,-0.05108456717715554,-0.13639995260609405,-0.040871143421895226,-0.06655075916713958,0.9969456083907815,-0.012628035146286276,0.0,0.0,0.0,1.0
1559194817271661000,-0.16300741615212186,0.9846925913275407,0.06171776781494596,-0.01701232519459042,-0.9857317329708039,-0.15987986591495246,-0.05264388938322564,-0.19198163030673604,-0.04197061941150519,-0.06941850660787416,0.9967043383303533,-0.019788693697520145,0.0,0.0,0.0,1.0
1559194817292009000,-0.16253257261903545,0.9847707034972993,0.06172377476529289,-0.0033546233934395,-0.9858352475844786,-0.15944834125071217,-0.05201049021540841,-0.19515246529784458,-0.04137665353660877,-0.0693028715554784,0.9967372193995139,-0.011439860097085221,0.0,0.0,0.0,1.0
1559194817372529000,-0.1623143436574644,0.9846719758087266,0.06383693210037007,-0.005282259684560511,-0.9858463965772247,-0.1590764644015233,-0.052929772616291185,-0.24252358381876563,-0.04196351032442306,-0.07152467078184686,0.9965557110722912,-0.010776108460524143,0.0,0.0,0.0,1.0
1559194817392864000,-0.16231839083557104,0.9846490711365586,0.06417902076583089,-0.00559122532090608,-0.9858402127805602,-0.15905266004916482,-0.053116157580007775,-0.2512093066982508,-0.04209293125134182,-0.07189198871359037,0.9965238216407456,-0.010655386303846201,0.0,0.0,0.0,1.0
1559194817473402000,-0.16220085363240427,0.9845363286235691,0.06617477390472622,-0.006993946100860991,-0.9858234796533811,-0.1587648540015541,-0.05427511490512504,-0.30057856544259004,-0.04292959404674441,-0.07404011584464117,0.9963308241747297,-0.009931939907022838,0.0,0.0,0.0,1.0
1559194817493716000,-0.16218676933636275,0.9845074661164507,0.06663708436900537,-0.0072068688724285426,-0.9858174049365428,-0.15871079217273562,-0.054542905790624485,-0.31013031396686397,-0.043121873526269595,-0.07453813526558926,0.9962853860288813,-0.009782080827193446,0.0,0.0,0.0,1.0
1559194817574239000,-0.16214671434434755,0.9843636420691713,0.06882342042974983,-0.00798994452419508,-0.9857849427644655,-0.15848053261926873,-0.05578501052767386,-0.361597781091673,-0.04400556380950128,-0.07689044773592284,0.9960679542083363,-0.009139883659996352,0.0,0.0,0.0,1.0
1559194817594553000,-0.16218896647325404,0.9843227587835505,0.06930689500387013,-0.008044087020538097,-0.9857696048763639,-0.15848044789091795,-0.056055630744773634,-0.3720357248911748,-0.04419304533790553,-0.07741223531867382,0.9960192370465198,-0.00904377935492948,0.0,0.0,0.0,1.0
1559194817675099000,-0.16220472874348302,0.9841414517185576,0.07179992327673758,-0.007780476084860521,-0.9857329748097218,-0.15829254617024913,-0.05721863507385161,-0.4258943782810552,-0.044945837916631266,-0.08005668514391479,0.9957764803497542,-0.0089382481593278,0.0,0.0,0.0,1.0
1559194817695415000,-0.16230654662394553,0.9840860082699232,0.07232781795670393,-0.007606570436988822,-0.9857085558861454,-0.1583494243400335,-0.057481324480467416,-0.43733622677704587,-0.04511349882083657,-0.08062374426029367,0.9957231463040271,-0.00899272135657262,0.0,0.0,0.0,1.0
1559194817775960000,-0.1593198260981899,0.9844156482409822,0.07445149098795195,0.02476269172346271,-0.9862076857722635,-0.15527591594042175,-0.05730436678458689,-0.4927148671443489,-0.04485079191900389,-0.08255435438030988,0.9955768102146046,-0.00528908281327921,0.0,0.0,0.0,1.0
1559194817796301000,-0.1627811288269197,0.9837739109042711,0.07544001804052247,-0.005516787062177215,-0.9855953143301397,-0.15857438442291036,-0.05878810232835914,-0.5097691013338869,-0.04587134692058141,-0.08392292195232258,0.9954158742468774,-0.009829004301022334,0.0,0.0,0.0,1.0
1559194817876827000,-0.15627553479770426,0.9847902766639783,0.07593463117561232,0.0596043670141021,-0.9867011354813202,-0.15217343274731754,-0.057132439172245114,-0.5378003098126747,-0.04470823708852874,-0.08385318928927198,0.9954746687799019,-0.014425530631496758,0.0,0.0,0.0,1.0
1559194817897106000,-0.1629512323732791,0.9835037405232825,0.07853208417418603,-0.001373466888157379,-0.9855382483039598,-0.15850331239352367,-0.05992546278707326,-0.5870107819972997,-0.04648932133290019,-0.08716130068437888,0.9951088637254775,-0.011520685423063231,0.0,0.0,0.0,1.0
1559194817977666000,-0.15589958182034228,0.984643070754945,0.0785706281158319,0.03159196680485598,-0.9867443640681551,-0.1516147709947829,-0.05786640818236006,-0.6205004554015037,-0.04506529005753996,-0.08655047331166726,0.9952276800820778,-0.01855862115262064,0.0,0.0,0.0,1.0
1559194817997995000,-0.16301758078190653,0.9832646400196173,0.08133828153522252,0.004833929558146935,-0.9855064604357432,-0.15835748533150196,-0.06082699465614102,-0.6699303446308479,-0.04692850727894275,-0.09007527144878102,0.9948287092148054,-0.014058125277246996,0.0,0.0,0.0,1.0
1559194818078520000,-0.1548067693651282,0.9846552223138444,0.08055406463244488,0.06008323104589259,-0.9869339950703949,-0.15044606483957654,-0.05768250123458069,-0.6738226009840549,-0.044678334045970346,-0.08843118649188311,0.9950797815866416,-0.02817912194195998,0.0,0.0,0.0,1.0
1559194818098866000,-0.16260918879175432,0.9831099052892595,0.08398312832130311,0.013207419016241582,-0.9855630829538955,-0.15776610701211827,-0.06144318511156746,-0.7591408964742369,-0.047155712685752346,-0.09276189735222966,0.9945710478194691,-0.017469834709754026,0.0,0.0,0.0,1.0
1559194818099145482,-0.1592486225427432,0.9836115098417016,0.08454746551594544,0.0038692233788866826,-0.9863039190265384,-0.15478780808909884,-0.056967655558772444,-0.8337049235192195,-0.04294712482960417,-0.09246151725936198,0.9947896321810806,-0.0013908089821292296,0.0,0.0,0.0,1.0
1559194818179386000,-0.1592486225427432,0.9836115098417016,0.08454746551594544,0.0038692233788866826,-0.9863039190265384,-0.15478780808909884,-0.056967655558772444,-0.8337049235192195,-0.04294712482960417,-0.09246151725936198,0.9947896321810806,-0.0013908089821292296,0.0,0.0,0.0,1.0
1559194818199692000,-0.15869631788195596,0.9837186729157053,0.08433890708134566,0.003913186721898462,-0.9864024568711223,-0.15427141330229607,-0.05666148706418685,-0.8627579226986204,-0.04272788046840208,-0.09218407451766712,0.9948248210795699,-0.0008217650777331815,0.0,0.0,0.0,1.0
1559194818280232000,-0.15564117597240906,0.9842818456698472,0.0834570106503066,0.003146623565171392,-0.9869457348746199,-0.1514075611369179,-0.054898696190075376,-1.0054526265308072,-0.04139976756849525,-0.09091203834108101,0.9949980203648366,0.0006928824673699632,0.0,0.0,0.0,1.0
1559194818300538000,-0.15564117597240906,0.9842818456698472,0.0834570106503066,0.003146623565171392,-0.9869457348746199,-0.1514075611369179,-0.054898696190075376,-1.0054526265308072,-0.04139976756849525,-0.09091203834108101,0.9949980203648366,0.0006928824673699632,0.0,0.0,0.0,1.0
1559194818381111000,-0.1544868818660039,0.9845748695033625,0.08213482619303773,0.0019082509280658824,-0.9871902178512768,-0.1504723201903978,-0.05304295085371874,-1.1652165895230377,-0.039865738549172115,-0.08927713704504425,0.9952086794692723,0.001291055880750249,0.0,0.0,0.0,1.0
1559194818401420000,-0.1544868818660039,0.9845748695033625,0.08213482619303773,0.0019082509280658824,-0.9871902178512768,-0.1504723201903978,-0.05304295085371874,-1.1652165895230377,-0.039865738549172115,-0.08927713704504425,0.9952086794692723,0.001291055880750249,0.0,0.0,0.0,1.0
1559194818481960000,-0.1528387998351406,0.9849774449404212,0.08037247180218413,0.002265260572651616,-0.9874920082617776,-0.14902840023336505,-0.05147882616186851,-1.3401016843227047,-0.03872770176596867,-0.08723513559640388,0.9954346770297913,0.0016224010724908357,0.0,0.0,0.0,1.0
1559194818502291000,-0.1528387998351406,0.9849774449404212,0.08037247180218413,0.002265260572651616,-0.9874920082617776,-0.14902840023336505,-0.05147882616186851,-1.3401016843227047,-0.03872770176596867,-0.08723513559640388,0.9954346770297913,0.0016224010724908357,0.0,0.0,0.0,1.0
1559194818582820000,-0.1514218169312895,0.9853511356895405,0.07845108509486046,0.004077951828139004,-0.9877351423974912,-0.14777386885229526,-0.05041995792773202,-1.530585526149759,-0.038088342445381715,-0.08512357534642609,0.995642132038418,0.0018192902090719382,0.0,0.0,0.0,1.0
1559194818603156000,-0.1514218169312895,0.9853511356895405,0.07845108509486046,0.004077951828139004,-0.9877351423974912,-0.14777386885229526,-0.05041995792773202,-1.530585526149759,-0.038088342445381715,-0.08512357534642609,0.995642132038418,0.0018192902090719382,0.0,0.0,0.0,1.0
1559194818683681000,-0.14918151174743455,0.9859445324399608,0.0752213766458498,-0.005816774098197026,-0.9881051728512666,-0.14577179271874827,-0.0489770541389571,-1.7128301891582154,-0.03732350381888311,-0.08163310235014329,0.9959633490562667,-0.009441707407662554,0.0,0.0,0.0,1.0
1559194818706335000,-0.1487808740752846,0.9859671855942683,0.07571631555161802,0.006338021731172007,-0.9881635473649214,-0.14534396778545822,-0.04907071109689623,-1.7427196029402063,-0.037377201186948324,-0.08212088625738065,0.9959212342709308,0.0018686185333241783,0.0,0.0,0.0,1.0
1559194818784526000,-0.14579411111615487,0.9866085887416042,0.07312707969795475,0.007639020270426341,-0.9886250840026957,-0.14253395382402873,-0.048005367282816076,-1.9168464034434645,-0.036939415865967364,-0.07929416516106484,0.9961666100240919,0.0017669090924262217,0.0,0.0,0.0,1.0
1559194818807148000,-0.14544944708160257,0.9866900344578595,0.07271337047068593,0.00789151862797907,-0.9886841736830623,-0.14222872916938212,-0.047692696584537064,-1.958800190996925,-0.03671597816071711,-0.0788274349475718,0.9962119114160842,0.0016956936473928848,0.0,0.0,0.0,1.0
1559194818885393000,-0.1423369270778919,0.9872819425756848,0.07081359370916974,0.008940349513249865,-0.9891886279928639,-0.13933051291394052,-0.045747857006997704,-2.1456916032658366,-0.035299538801765465,-0.07655961099119254,0.9964399472749276,0.0013319846974490378,0.0,0.0,0.0,1.0
1559194818908020000,-0.1420155838976745,0.9873621737507637,0.07033855113927172,0.009152725691124056,-0.9892469864888114,-0.13905881020611344,-0.04531056197916189,-2.1923475326272803,-0.034956739736565136,-0.07601700566471621,0.9964935730835213,0.0012394824464280138,0.0,0.0,0.0,1.0
1559194818986267000,-0.13411631513072844,0.9885399315910769,0.06929370581566006,0.025786725904789944,-0.9904495768641031,-0.1314620573056369,-0.0415615589059022,-2.3992813223850806,-0.03197576747280098,-0.07420600473601448,0.9967301636629875,0.0019492487187688422,0.0,0.0,0.0,1.0
1559194819008867000,-0.13889212828632536,0.9879031138589391,0.06896676248678152,0.010205678223640383,-0.9897516803591643,-0.13614415405139135,-0.04308573480682027,-2.453556891324349,-0.03317511004213237,-0.07424423846632269,0.9966881182838739,0.000581424246547497,0.0,0.0,0.0,1.0
1559194819087111000,-0.1364613819202,0.9882455445775475,0.06891324159447948,0.010878950771211433,-0.9901830156128965,-0.13394212712842585,-0.039963760734786,-2.6680079422605503,-0.030263622324235837,-0.07369023139427874,0.9968218812610787,2.7376246108827786e-05,0.0,0.0,0.0,1.0
1559194819098452346,-0.13645444108702695,0.9882640609854205,0.06866098799343842,0.010956348149005096,-0.9902157152260065,-0.1340237257587903,-0.038864871711893595,-2.7251043869703078,-0.029206554522513306,-0.07329247368141215,0.9968827365716514,-9.358542509021022e-05,0.0,0.0,0.0,1.0
1559194819109723000,-0.13645444108702695,0.9882640609854205,0.06866098799343842,0.010956348149005096,-0.9902157152260065,-0.1340237257587903,-0.038864871711893595,-2.7251043869703078,-0.029206554522513306,-0.07329247368141215,0.9968827365716514,-9.358542509021022e-05,0.0,0.0,0.0,1.0
1559194819187958000,-0.13252408597420065,0.9887950179825677,0.06871520246319034,0.011215672342808097,-0.9908310486316689,-0.13031985495589113,-0.03564503432099219,-2.9238303994673847,-0.02629067713414719,-0.07280898170644881,0.9969993242117574,-0.00038139987508149277,0.0,0.0,0.0,1.0
1559194819210581000,-0.13207643040868602,0.9888088112767136,0.06937543709437587,0.011293225915398932,-0.9908980537665661,-0.12987020566748195,-0.03542282768948925,-2.986037997903473,-0.02601660185598574,-0.0734225062322314,0.9969615198223285,-0.0004786686234444793,0.0,0.0,0.0,1.0
1559194819288826000,-0.13001226278047234,0.988913901742927,0.07173636780800648,0.011368050985820919,-0.9912137954256148,-0.12785701934132412,-0.033879113965721616,-3.195661754370235,-0.024331528613130662,-0.07551077767270285,0.99684808229269,-0.0008661041934825319,0.0,0.0,0.0,1.0
1559194819311459000,-0.12936713597857338,0.9889818385437054,0.07196573600969042,0.011390361947008912,-0.9913139895565761,-0.12725607199448824,-0.03320340720405004,-3.2630482218713537,-0.023679489819791417,-0.07563607056985974,0.9968542855355663,-0.0010282156433489053,0.0,0.0,0.0,1.0
1559194819389666000,-0.12669787783460684,0.9892636084446415,0.07283653450911338,0.011306194183656124,-0.9917322314754198,-0.12482152977132376,-0.029778629221892675,-3.48300973828313,-0.020367346537915394,-0.07600722802889666,0.9968992288503237,-0.001708532379351362,0.0,0.0,0.0,1.0
1559194819412318000,-0.1268185949525854,0.9892322525024654,0.07305199917288284,0.011231151612380525,-0.9917284073278205,-0.1249793803758735,-0.02923902494765238,-3.523509401637047,-0.019794192918096445,-0.07615579485348103,0.9968994356688926,-0.0018797225854857165,0.0,0.0,0.0,1.0
1559194819490517000,-0.12467577617461811,0.989434574206529,0.07399442005993305,0.010760995638687543,-0.9920398083759949,-0.12297912864811879,-0.02707678921643783,-3.753957260752889,-0.017690942105452738,-0.07678123000902462,0.996891003713909,-0.002702495336376218,0.0,0.0,0.0,1.0
1559194819513176000,-0.12475635750214675,0.9894267825663012,0.07396278255513201,0.010617302275627493,-0.9920379590241593,-0.12309670196075591,-0.026606198931168733,-3.798827246382822,-0.017220311204408152,-0.07669318031537069,0.9969060221380632,-0.0028320474540388186,0.0,0.0,0.0,1.0
1559194819591373000,-0.12149113038495471,0.9898128551219566,0.07423218353995634,0.010110749470024992,-0.992451777858626,-0.11987438756350287,-0.025876627128199655,-4.040934142371804,-0.016714480639335942,-0.0768156432089122,0.9969052026624,-0.003621217267286624,0.0,0.0,0.0,1.0
1559194819614013000,-0.12133093981540097,0.9898209062421177,0.07438666956886725,0.010091776416704425,-0.9924727660087156,-0.11971711707930172,-0.025799624207173456,-4.090416238746777,-0.016631649783535343,-0.07695703635313025,0.9968956829985877,-0.0037465174663260056,0.0,0.0,0.0,1.0
1559194819692231000,-0.11648007089287613,0.9903379686199254,0.07525357795184262,0.0104678036766134,-0.9930466676134915,-0.11482738254317841,-0.02594201534242491,-4.343719728612888,-0.017050191392905013,-0.077752042597259,0.9968269212082017,-0.004134077803634612,0.0,0.0,0.0,1.0
1559194819714883000,-0.11580497073741015,0.9904065686613571,0.075392556031395,0.010647607571182913,-0.9931198046665873,-0.11412463637126015,-0.0262415882165863,-4.39800493906668,-0.01738569329963089,-0.07791274687473851,0.9968085781848608,-0.004180089137387355,0.0,0.0,0.0,1.0
1559194819793098000,-0.11048156615793597,0.9909377818549988,0.07639460734625662,0.011969054703776192,-0.9936953514329793,-0.10866018984948668,-0.027613614076464524,-4.662999750586996,-0.019062320944210683,-0.07896376152497137,0.9966952153422075,-0.003980890431031654,0.0,0.0,0.0,1.0
1559194819815729000,-0.10982057974721737,0.9910204148642494,0.07627566837648414,0.012349587093525474,-0.9937634305465154,-0.10798354633598743,-0.02781722180821673,-4.72217732472941,-0.019330917526309502,-0.07885487329897829,0.9966986628789026,-0.003847199650875578,0.0,0.0,0.0,1.0
1559194819893951000,-0.10470275148175584,0.9915741743392548,0.0762757537857028,0.013988698828541675,-0.9942769823850494,-0.102733449653179,-0.029310759485885025,-4.998311936285896,-0.0212277208251713,-0.07890814346938557,0.9966558527208795,-0.0031111837924806605,0.0,0.0,0.0,1.0
1559194819916627000,-0.1043051415954869,0.9916002510448378,0.07648123668301349,0.01438115272936004,-0.9943118198506138,-0.10230547929402241,-0.029624209892947916,-5.062606214117357,-0.021550924390997032,-0.07913615503825085,0.9966308376844731,-0.002951119074073254,0.0,0.0,0.0,1.0
1559194819994841000,-0.09671890942913745,0.9924029454178114,0.07603845398806147,0.016482008739397706,-0.9950301796646458,-0.09459194018487173,-0.03110154993896144,-5.438254165408743,-0.023672644875095798,-0.07866866452481482,0.9966197103742737,-0.002709374847261342,0.0,0.0,0.0,1.0
1559194820017487000,-0.09671890942913745,0.9924029454178114,0.07603845398806147,0.016482008739397706,-0.9950301796646458,-0.09459194018487173,-0.03110154993896144,-5.438254165408743,-0.023672644875095798,-0.07866866452481482,0.9966197103742737,-0.002709374847261342,0.0,0.0,0.0,1.0
1559194820095677000,-0.08190455260047577,0.99390977108362,0.07372252849586354,0.015793405216671632,-0.9963123521214777,-0.07975618456048797,-0.031633021267716326,-5.798144354554726,-0.025560541337897476,-0.07604155422439023,0.996776976438388,-0.014368855970490093,0.0,0.0,0.0,1.0
1559194820098067025,-0.0863951442283156,0.9934791053122807,0.07439856424477287,0.018660459839298177,-0.9958439658622916,-0.083957446498172,-0.035297915422443246,-5.828656346845911,-0.02882142795615626,-0.07713892976585587,0.9966036879347518,-0.0037025091120838145,0.0,0.0,0.0,1.0
1559194820118322000,-0.0863951442283156,0.9934791053122807,0.07439856424477287,0.018660459839298177,-0.9958439658622916,-0.083957446498172,-0.035297915422443246,-5.828656346845911,-0.02882142795615626,-0.07713892976585587,0.9966036879347518,-0.0037025091120838145,0.0,0.0,0.0,1.0
1559194820196521000,-0.07629246459598477,0.99440544354336,0.07305664718017085,0.02129090906058425,-0.9965672030224737,-0.07368573117231676,-0.037738877587520765,-6.142176470489292,-0.032144512841778446,-0.07568505052478043,0.9966135175790196,-0.005037070292803799,0.0,0.0,0.0,1.0
1559194820219183000,-0.07581292069102918,0.9944762348126645,0.07259076696884638,0.02185413197785021,-0.9965642811953365,-0.07313476666664578,-0.03887080331355193,-6.223623325789232,-0.03334718131898541,-0.07528827463453323,0.9966040543769805,-0.0052129137366275285,0.0,0.0,0.0,1.0
1559194820297399000,-0.06628462192541952,0.9953093437675997,0.07046743293975152,0.025225761980649592,-0.9970743034914563,-0.0633765759668677,-0.04273456371308336,-6.649059995647507,-0.03806812594856743,-0.07309391101610264,0.9965982630725058,-0.005940161863821682,0.0,0.0,0.0,1.0
1559194820320032000,-0.06628462192541952,0.9953093437675997,0.07046743293975152,0.025225761980649592,-0.9970743034914563,-0.0633765759668677,-0.04273456371308336,-6.649059995647507,-0.03806812594856743,-0.07309391101610264,0.9965982630725058,-0.005940161863821682,0.0,0.0,0.0,1.0
1559194820398256000,-0.044728363280416086,0.9967060148257412,0.06764978587141672,0.045200756968988176,-0.9983073428697025,-0.042075007609259585,-0.04015149943796951,-7.054014241496212,-0.03717287573879208,-0.06933118883211332,0.9969008795083073,0.010862353708756468,0.0,0.0,0.0,1.0
1559194820420886000,-0.05876933788986642,0.9959100229378515,0.06862500372254436,0.028021469208424996,-0.9973959276656957,-0.05570017630459943,-0.04581324956304402,-7.047956520883262,-0.041803449616939235,-0.07113871359231178,0.9965900636814289,-0.007390946015805846,0.0,0.0,0.0,1.0
1559194820499114000,-0.04929973942509519,0.9965309834938866,0.06704874815631423,0.032008262760787824,-0.9978406461978285,-0.04622504836582112,-0.04666143695901995,-7.4626799236772285,-0.04340023603761689,-0.06920436287033219,0.9966580033650423,-0.009412779683123877,0.0,0.0,0.0,1.0
1559194820521734000,-0.04929973942509519,0.9965309834938866,0.06704874815631423,0.032008262760787824,-0.9978406461978285,-0.04622504836582112,-0.04666143695901995,-7.4626799236772285,-0.04340023603761689,-0.06920436287033219,0.9966580033650423,-0.009412779683123877,0.0,0.0,0.0,1.0
1559194820599967000,-0.04125575935957808,0.9970021779583526,0.06545700471279302,0.03650055833244122,-0.9981167554186797,-0.03814798538434023,-0.048038253128174835,-7.894313963464568,-0.04539719013501873,-0.06731558777446839,0.9966984031142144,-0.011150430203417393,0.0,0.0,0.0,1.0
1559194820622591000,-0.04125575935957808,0.9970021779583526,0.06545700471279302,0.03650055833244122,-0.9981167554186797,-0.03814798538434023,-0.048038253128174835,-7.894313963464568,-0.04539719013501873,-0.06731558777446839,0.9966984031142144,-0.011150430203417393,0.0,0.0,0.0,1.0
1559194820700816000,-0.03358226289489916,0.9973855220976112,0.0639871231494065,0.040677119233723975,-0.9984060330488806,-0.03057302999489537,-0.04744136389829889,-8.342103293670235,-0.04536104926539385,-0.06547831814433425,0.9968224340686432,-0.012739197806358378,0.0,0.0,0.0,1.0
1559194820723463000,-0.03358226289489916,0.9973855220976112,0.0639871231494065,0.040677119233723975,-0.9984060330488806,-0.03057302999489537,-0.04744136389829889,-8.342103293670235,-0.04536104926539385,-0.06547831814433425,0.9968224340686432,-0.012739197806358378,0.0,0.0,0.0,1.0
1559194820801686000,-0.016681037403893824,0.9978519239878347,0.06335046002131255,0.03858185707297697,-0.9988649084463991,-0.013803672633905638,-0.045588960244623465,-8.758048679557664,-0.044616562681361036,-0.06403902260027054,0.9969495302766862,-0.0036915891166842386,0.0,0.0,0.0,1.0
1559194820824307000,-0.023581632151707423,0.9977997377538677,0.061964424982234735,0.04373185554580607,-0.9988108338721288,-0.020869279247934396,-0.04406122244488078,-8.806777340089155,-0.04267112331222512,-0.06292977452676263,0.9971053197698261,-0.014324274600578724,0.0,0.0,0.0,1.0
1559194820902519000,-0.015094124240710802,0.9980240962573512,0.06099238233671836,0.04513621690171036,-0.9991433785851841,-0.012704161783581405,-0.03938417579134167,-9.171937408291724,-0.03853149935822287,-0.061534604598380595,0.9973609256403276,-0.016665528503050434,0.0,0.0,0.0,1.0
1559194820925188000,-0.013648024434166515,0.9980434561224861,0.06101631847409648,0.0454101019040406,-0.9992062950399654,-0.01132918192382964,-0.03818939105885705,-9.25091783994475,-0.03742340686727965,-0.0614890992617778,0.9974059250327444,-0.017366871704933704,0.0,0.0,0.0,1.0
1559194821003393000,-0.0011592948659432693,0.9980648204035177,0.062171298107022606,0.0671500396700784,-0.9992959145228701,0.0011752558534638058,-0.03750058654986111,-9.574044435721056,-0.037501083361931614,-0.062170998436388146,0.9973607349901573,-0.003709732931519342,0.0,0.0,0.0,1.0
1559194821026023000,-0.011311639534306863,0.9981155003474386,0.060311647110931205,0.04701005538972242,-0.9993241234366702,-0.009174386167175128,-0.035596726759481494,-9.745472026102917,-0.034976322399297016,-0.0606735412238576,0.9975446748225265,-0.021436755684547625,0.0,0.0,0.0,1.0
1559194821098750435,-0.0042038918903204575,0.9979577729377169,0.0637386125215485,-0.025247641974851014,-0.9993038123447058,-0.0018295994429246194,-0.03726316142275672,-10.081499490375718,-0.0370704454561109,-0.0638508887884582,0.9972706984939507,-0.013000487400712406,0.0,0.0,0.0,1.0
1559194821104240000,-0.0042038918903204575,0.9979577729377169,0.0637386125215485,-0.025247641974851014,-0.9993038123447058,-0.0018295994429246194,-0.03726316142275672,-10.081499490375718,-0.0370704454561109,-0.0638508887884582,0.9972706984939507,-0.013000487400712406,0.0,0.0,0.0,1.0
1559194821126882000,-0.007614241161578065,0.9982098564913804,0.05932205100126031,0.049197411285679955,-0.9993978375205437,-0.0055881633407128374,-0.03424521557446526,-10.255533102609071,-0.0338524104134024,-0.0595470808179572,0.9976513215925018,-0.02506974111384466,0.0,0.0,0.0,1.0
