1544581075865572000,0.9999999953090462,-1.1096707857338119e-05,-9.622250476739546e-05,0.001383894251658394,1.112222778738096e-05,0.9999999647669466,0.00026522141463434037,0.0018293780313046793,9.621955829263006e-05,-0.00026522248359881243,0.9999999601994151,0.0004973543475125403,0.0,0.0,0.0,1.0
1544581075870678975,0.9999999692286488,-0.00024400802549905107,-4.4752486273232375e-05,-2.4906888950807186e-06,0.00024404564389574968,0.9999996153028562,0.0008425175765713465,-3.030217892535222e-06,4.4546888006770916e-05,-0.00084252847229527,0.99999964408061,-8.67808230872975e-06,0.0,0.0,0.0,1.0
1544581075941185000,0.9999999753448631,-0.00020736471789728177,-7.943644388698705e-05,0.001917754803812867,0.00020742023673352828,0.9999997338107155,0.0006995393780834046,-0.002003369589908691,7.929136295606085e-05,-0.0006995558375621553,0.9999997521672227,-0.0003688867326011221,0.0,0.0,0.0,1.0
1544581075966432000,0.9999999712879787,-0.00021796995104620705,-9.956476147565739e-05,0.002470455661623737,0.00021803268637938554,0.9999997774530622,0.0006305200820853303,-0.002575285769521223,9.94273048863943e-05,-0.0006305417723542379,0.9999997962656217,-0.0004860528626272859,0.0,0.0,0.0,1.0
1544581076042026000,0.9999999544152198,-0.00022084202705340366,-0.0002059086177479326,0.004070364567029962,0.00022093663595943938,0.9999998699953933,0.0004595608780809231,-0.004204771697803035,0.00020580710062300007,-0.0004596063498892758,0.9999998732027128,-0.00079677403198305,0.0,0.0,0.0,1.0
1544581076067302000,0.9999999468882113,-0.00021814132569405176,-0.0002421527196695841,0.004541696533908981,0.00021822743618597488,0.9999999129503965,0.00035563462063998436,-0.004711698280875174,0.00024207511998267713,-0.0003556874461187736,0.9999999074430344,-0.0008638637959041463,0.0,0.0,0.0,1.0
1544581076142905000,0.9999999430001001,-0.00022325465464210437,-0.00025329262442556156,0.005872649520964189,0.00022327647070777536,0.999999971366783,8.610488158077962e-05,-0.006151916373304394,0.00025327339385738186,-8.616143095604223e-05,0.9999999642143975,-0.0010662844080034561,0.0,0.0,0.0,1.0
1544581076168147000,0.9999999356389817,-0.00021057438295528166,-0.00029048315294565545,0.006291687928272111,0.00021057171474719055,0.9999999777873084,-9.215967447078839e-06,-0.006554491072484342,0.0002904850871399052,9.154799318309904e-06,0.9999999577673019,-0.0011352781583705157,0.0,0.0,0.0,1.0
1544581076243752000,0.9999999313053138,-0.00022315395351642445,-0.00029595891908093964,0.00729507405740223,0.00022308741540373305,0.9999999498403696,-0.0002248360836733079,-0.007476050111081069,0.00029600907729671245,0.00022477004351794666,0.9999999309285253,-0.0013544120176860724,0.0,0.0,0.0,1.0
1544581076269035000,0.9999999405830668,-0.00023057382421892,-0.0002562607539100612,0.007545456405541462,0.00023049734940236888,0.9999999289096478,-0.0002984152635942823,-0.007708700299781677,0.0002563295424409306,0.0002983561784388276,0.9999999226393762,-0.0014205520991773311,0.0,0.0,0.0,1.0
1544581076344594000,0.9999999479570691,-0.00021986554443493767,-0.0002361037887711006,0.008083985617836088,0.0002197351627934277,0.9999998234478326,-0.0005521057502429521,-0.008048355701782963,0.00023622513611783606,0.000552053841205293,0.9999998197171045,-0.0016099815884922156,0.0,0.0,0.0,1.0
1544581076369874000,0.9999999455211223,-0.00022073067632889107,-0.00024542966375308247,0.008235759100594944,0.00022058674883367697,0.9999998037949877,-0.0005863032278685579,-0.008053025002386817,0.00024555903070656583,0.0005862490573958272,0.9999997980063824,-0.0016516195590293382,0.0,0.0,0.0,1.0
1544581076445429000,0.9999999195605523,-0.00015526596919396022,-0.0003698261286645996,0.008567997815919166,0.00015497175498869965,0.9999996716268684,-0.0007954432181394023,-0.007932033534796696,0.00036994951248584717,0.0007953858415502003,0.9999996152492852,-0.0017397782858284555,0.0,0.0,0.0,1.0
1544581076470749000,0.9999999263912454,-0.00011897362615114093,-0.0003647777138513394,0.008623441781107462,0.00011865117892142856,0.9999996023657635,-0.000883849652150947,-0.007873676061752266,0.0003648827236013164,0.0008838063057860747,0.9999995428734021,-0.001751040958191133,0.0,0.0,0.0,1.0
1544581076546286000,0.9999999296738091,-0.00013296921114648165,-0.00035067302030951483,0.008491709179106806,0.00013259246724455314,0.9999994143105715,-0.0010741497810945852,-0.007579026116550696,0.0003508156437730901,0.0010741032089527731,0.9999993616151377,-0.0018204544464913988,0.0,0.0,0.0,1.0
1544581076571591000,0.9999999151831228,-0.00015582926540588874,-0.0003812492473029156,0.008406567005247816,0.00015540025941997843,0.9999993550735278,-0.0011250347931312259,-0.007470855143747166,0.00038142431477055337,0.0011249754514773566,0.9999992944726139,-0.0018422159780234141,0.0,0.0,0.0,1.0
1544581076647142000,0.999999864317003,-0.00010266315471060016,-0.0005107115130970542,0.00786367726561711,0.0001019861494954459,0.9999991163752151,-0.0013254612827068694,-0.006758446503154152,0.0005108471378564364,0.0013254090173635904,0.9999989911625622,-0.0019561678929750892,0.0,0.0,0.0,1.0
1544581076672466000,0.9999998618702369,-0.00010258131916256229,-0.00051549643855621,0.007700179660139279,0.00010190188645807391,0.9999991264172715,-0.0013178697583607721,-0.006529804737200431,0.0005156311770457174,0.0013178170462641817,0.9999989987408613,-0.0019760198687772596,0.0,0.0,0.0,1.0
1544581076747999000,0.9999998549034865,-9.541519381497097e-05,-0.0005301782207873681,0.006852071502734521,9.467157097671185e-05,0.9999990121013772,-0.0014024384350198593,-0.005278454105940897,0.0005303115109601373,0.001402388038725878,0.9999988760381138,-0.0021072681092468397,0.0,0.0,0.0,1.0
1544581076773322000,0.9999998521564663,-7.757331540998274e-05,-0.0005382094650209988,0.006593219547852631,7.679504483786255e-05,0.999998951727789,-0.0014459065817413765,-0.0049062376132205645,0.0005383210645982902,0.0014458650361534404,0.9999988098416559,-0.0021466013020828394,0.0,0.0,0.0,1.0
1544581076848878000,0.9999998273268412,-1.0524024842771162e-05,-0.0005875674701533378,0.005270968280142017,9.579988561887903e-06,0.9999987092663503,-0.0016066654458090901,-0.0032139428972897547,0.0005875836203473112,0.0016066595394914622,0.9999985366942347,-0.0023643368914219843,0.0,0.0,0.0,1.0
1544581076869491124,0.9999998253403877,-2.0461026840024834e-05,-0.0005906780351063804,0.004973006711804363,1.950767350942058e-05,0.9999986973771757,-0.0016139589220286734,-0.0028756238161917747,0.0005907102889325278,0.001613947117380987,0.9999985231169382,-0.002399380347425773,0.0,0.0,0.0,1.0
1544581076874177000,0.9999997693872085,-9.792287676993719e-05,-0.000672039164825846,0.014063527991869594,9.709847365617476e-05,0.9999992429605236,-0.0012266418649238425,-0.006136963407220365,0.0006721587723658429,0.001226576328067399,0.9999990218560679,-0.001730764779985095,0.0,0.0,0.0,1.0
1544581076949745000,0.9999997660607969,-0.00016429956300008665,-0.0006639909664868699,0.013136400157516437,0.00016344948205215267,0.9999991672992532,-0.001280111350482867,-0.0060617153940098496,0.0006642007353165776,0.0012800025220350802,0.9999989602149216,-0.002282727633343497,0.0,0.0,0.0,1.0
1544581076975008000,0.9999997858269597,-0.0001518468088840908,-0.0006366227933620581,0.012917569413464183,0.0001510395247826056,0.9999991847709077,-0.001267929248801065,-0.006030735846015337,0.0006368148053789537,0.0012678328220406313,0.9999989935329114,-0.002414682592281254,0.0,0.0,0.0,1.0
1544581077050614000,0.9999996734309137,-0.00013032707275251673,-0.0007975919517860111,0.01217913171351615,0.0001292583480941436,0.9999990940547401,-0.0013398440124368393,-0.005797293615972168,0.0007977658471594584,0.0013397404794670618,0.9999987843318097,-0.002925962585302961,0.0,0.0,0.0,1.0
1544581077075900000,0.9999996478155738,-0.0001334903354480106,-0.0008285825576296011,0.011991169430902426,0.0001323544558088873,0.9999990517296204,-0.0013707742902889977,-0.005717301881909439,0.0008287647570291425,0.001370664140930142,0.9999987172135707,-0.0030450820700959474,0.0,0.0,0.0,1.0
1544581077151472000,0.9999995412815375,-0.00016329054647245628,-0.0009438076661750193,0.011400438397324606,0.00016191334554682764,0.9999989224213217,-0.001459088847464437,-0.005457804350718007,0.0009440449045632675,0.001458935363096667,0.9999984901422719,-0.003402433721687177,0.0,0.0,0.0,1.0
1544581077176723000,0.9999995493435072,-0.00016050986208973616,-0.0009357079503517025,0.011214573922704139,0.00015910667751056038,0.9999988631242424,-0.00149947833759484,-0.005375648857287124,0.000935947567629194,0.0014993287844620878,0.9999984380064522,-0.003503773605846812,0.0,0.0,0.0,1.0
1544581077252319000,0.999999513934564,-0.00016313852302045259,-0.000972376705670988,0.010692289153837015,0.00016155753144074002,0.9999986653988483,-0.0016257612643057983,-0.005097394529256599,0.0009726406322273755,0.001625603379299248,0.9999982056903155,-0.003742299932319894,0.0,0.0,0.0,1.0
1544581077277591000,0.9999995058876526,-0.00017427838286894988,-0.000978698878984646,0.010542038650935339,0.0001726566106414192,0.9999986124189251,-0.001656909748986861,-0.005002952981385684,0.0009789862845122185,0.001656739951456012,0.9999981483975792,-0.003794409827374497,0.0,0.0,0.0,1.0
1544581077353174000,0.9999994086563817,-0.00019643937532338285,-0.0010696253838064908,0.010141581673943583,0.00019450576714214553,0.9999983474685916,-0.0018075473974506714,-0.00472114111467723,0.0010699786896985835,0.0018073382802632158,0.9999977943345383,-0.003925173844288853,0.0,0.0,0.0,1.0
1544581077378439000,0.9999993702634429,-0.00022389509492538997,-0.001099701643168603,0.010013123467570979,0.0002218847408827127,0.9999983048234728,-0.0018278723528267714,-0.004625191831895619,0.001100109030634144,0.0018276271947345916,0.99999772476689,-0.0039526839187487275,0.0,0.0,0.0,1.0
1544581077454034000,0.999999087498426,-0.00024533353539947625,-0.0013284629362574514,0.00961771333812612,0.00024269747285154202,0.9999980022346391,-0.0019840929084225982,-0.004312170629392842,0.0013289470468280066,0.001983768683337293,0.9999971492767156,-0.004001856281255187,0.0,0.0,0.0,1.0
1544581077479297000,0.9999989974755505,-0.0002538908463795149,-0.0013930496497683146,0.009486450155079556,0.0002511210486515736,0.9999979921710193,-0.0019881127094097794,-0.004197618276461907,0.0013935516163813507,0.001987760892189308,0.9999970534059233,-0.003991296437782263,0.0,0.0,0.0,1.0
1544581077554891000,0.9999986358340712,-0.00019710598736907408,-0.0016399631770266125,0.009156083774959144,0.0001937249852308021,0.9999978562667494,-0.002061536451554322,-0.003853909134468573,0.0016403660025608008,0.002061215937434283,0.9999965302881001,-0.0039052964300573846,0.0,0.0,0.0,1.0
1544581077580179000,0.9999985297041509,-0.00021074924425548513,-0.0017018149990102446,0.009052741895665972,0.0002072160637079797,0.9999978235688997,-0.0020760344322274865,-0.003735441445431641,0.0017022488178148,0.0020756787364374293,0.9999963969468826,-0.0038381295490660327,0.0,0.0,0.0,1.0
1544581077655751000,0.99999847713004,-0.00023578515848891865,-0.001729202984203453,0.008767116956922212,0.00023212571044572275,0.9999977339932814,-0.0021161583013419136,-0.003420329672648302,0.0017296980245383546,0.002115753686236788,0.9999962658585694,-0.0036026229879667234,0.0,0.0,0.0,1.0
1544581077681037000,0.9999985432277739,-0.00023781947340616115,-0.0016902615856280792,0.008701434345407644,0.00023414869040448992,0.9999976146806375,-0.0021715909885259197,-0.0033566967969272717,0.0016907740004397345,0.002171192052475755,0.9999962135970061,-0.003544131791244364,0.0,0.0,0.0,1.0
1544581077756597000,0.9999985453195225,-0.000210666036773164,-0.001692624783527241,0.008402235403841468,0.0002067639694864885,0.9999973216946421,-0.002305179430316244,-0.0030949791586007375,0.0016931058731758585,0.0023048261031976378,0.999995910576206,-0.003225499324577522,0.0,0.0,0.0,1.0
1544581077781896000,0.9999986023233205,-0.00016895575046813114,-0.001663371683533424,0.008337169314076473,0.0001650460692484384,0.9999972243920636,-0.0023503123111553643,-0.003034840099119313,0.0016637641654461592,0.002350034493220594,0.99999585460475,-0.0031412040369229394,0.0,0.0,0.0,1.0
1544581077857448000,0.9999986516621788,-0.00017048951943665662,-0.0016332810990701385,0.00809763179820478,0.00016646450792475443,0.999996950022412,-0.0024641906254747373,-0.002771987699170991,0.001633696236274949,0.002463915419578856,0.9999956300691599,-0.00272536737762599,0.0,0.0,0.0,1.0
1544581077870217147,0.9999986693789717,-0.0001697807361533654,-0.0016224718130804043,0.008083427463425153,0.0001657538516819395,0.9999969067005732,-0.0024817564236753473,-0.002755010763954842,0.001622888148721855,0.0024814841904458127,0.9999956042254718,-0.002692582311083483,0.0,0.0,0.0,1.0
1544581077882757000,0.9999986963919016,-0.0001671664681810571,-0.001606010544889648,0.008061966342509974,0.0001631498278981271,0.9999968596595974,-0.002500810483185448,-0.002728089818643459,0.0016064235531259262,0.0025005452027646495,0.9999955833287759,-0.0026457239301114406,0.0,0.0,0.0,1.0
1544581077958298000,0.9999988810246568,-0.00012500505552480123,-0.0014907458434713318,0.007842559732448665,0.00012109626819036183,0.9999965556478734,-0.002621836776455439,-0.002464523502603293,0.0014910684516695517,0.0026216533189262663,0.99999545181403,-0.0021351793203343737,0.0,0.0,0.0,1.0
1544581077983586000,0.9999988569433292,-0.00015328759203248646,-0.0015041991048230755,0.0077842253424740574,0.00014932448003353768,0.9999965186611327,-0.002634457783245576,-0.0023958894786807058,0.0015045976978861845,0.0026342301581618478,0.9999953984980345,-0.0020026777245434825,0.0,0.0,0.0,1.0
1544581078059149000,0.9999989068910403,-0.00016718253343708635,-0.0014691040543757547,0.007553127793339657,0.00016326397682082372,0.9999964301530294,-0.0026670256976418743,-0.0021598209836617794,0.0014695446900119871,0.002666782930521904,0.9999953643428592,-0.0014284757112621562,0.0,0.0,0.0,1.0
1544581078084444000,0.9999989812805533,-0.0001441322805755845,-0.0014200928623624679,0.0074977235455209006,0.00014036235566992818,0.9999964671032848,-0.002654445206349983,-0.0021105888540407045,0.0014204704365623172,0.002654243174635602,0.9999954686181869,-0.0012768671654957023,0.0,0.0,0.0,1.0
1544581078160006000,0.9999992307731973,-0.00013265395002319644,-0.0012332298812884805,0.0073299041010996555,0.00012956911848390477,0.9999968636802273,-0.0025011680376365235,-0.0019665421347393078,0.0012335578033050912,0.0025010063251624205,0.9999961116436951,-0.0006402121244808912,0.0,0.0,0.0,1.0
1544581078185359000,0.999999282398411,-0.00011173256870603698,-0.0011927776385466807,0.007298229968020285,0.00010873750677489822,0.9999968421068071,-0.0025107673258292947,-0.0019403939924961882,0.0011930544063650465,0.002510635824432121,0.999996136657007,-0.00045361226033314593,0.0,0.0,0.0,1.0
1544581078260887000,0.9999994960876442,-4.389293383019349e-05,-0.0010029446009267027,0.007184366420600847,4.1370693787597636e-05,0.9999968372378638,-0.0025147172282272024,-0.001862469188354053,0.0010030518071684166,0.002514674468516145,0.9999963351429798,0.00031261501573101846,0.0,0.0,0.0,1.0
1544581078286210000,0.9999995779137254,-3.576606976639601e-05,-0.0009180921303346696,0.007154828202910595,3.344789224628492e-05,0.9999968119118517,-0.0025248856144739784,-0.00183667170938403,0.0009181795086110786,0.0025248538405077737,0.9999963910232236,0.0005377074459775161,0.0,0.0,0.0,1.0
1544581078361754000,0.9999997652840067,-5.0952294103321025e-05,-0.0006832538294729396,0.0070995841749248315,4.9322029826284156e-05,0.9999971526757276,-0.0023858348181876737,-0.001734251321507388,0.0006833734477850732,0.002385800558728326,0.9999969204734711,0.0012922176952939392,0.0,0.0,0.0,1.0
1544581078387072000,0.9999997857594003,-7.141567376274565e-05,-0.00065067730535036,0.007101301607763131,6.990353202075929e-05,0.9999972978162267,-0.0023236767710652874,-0.001695936423628861,0.000650841494042929,0.002323630788597532,0.9999970885684146,0.0015499303819752693,0.0,0.0,0.0,1.0
1544581078462638000,0.9999998953606091,-0.00010773148431372171,-0.00044460397287710235,0.007174659387832556,0.00010675942873778403,0.9999976054698909,-0.0021857851935587046,-0.0015847184643619282,0.0004448383861428081,0.0021857374991733044,0.9999975123321021,0.002399176125697273,0.0,0.0,0.0,1.0
1544581078487902000,0.9999999137600761,-7.138952673336704e-05,-0.000409125130738084,0.007212490321249581,7.050133423461566e-05,0.9999976418488314,-0.0021705589923030543,-0.0015558716831991948,0.00040927912113839025,0.0021705299612466288,0.999997560642168,0.002692445106767178,0.0,0.0,0.0,1.0
1544581078563482000,0.9999999715021045,-4.787548449033152e-05,-0.00023388827292872112,0.007352805234421895,4.738264724696711e-05,0.999997779783657,-0.002106699466305284,-0.0014861985733528407,0.00023398861290378962,0.002106688324023251,0.9999977535542939,0.0035983255445040936,0.0,0.0,0.0,1.0
1544581078588760000,0.9999999790033193,-4.434081783502236e-05,-0.00020006811559640362,0.007415891856468204,4.392466670908813e-05,0.9999978367223356,-0.0020795723770453416,-0.0014656500016043956,0.00020015989273346587,0.0020795635454559412,0.9999978176733567,0.003913716868048646,0.0,0.0,0.0,1.0
1544581078664329000,0.9999999802501499,-9.740558881145377e-05,-0.00017323927281205517,0.007670534533316778,9.704765293093852e-05,0.9999978632884828,-0.002064945573586554,-0.0014070487814058861,0.00017344003988917106,0.0020649287203393625,0.9999978529916609,0.004878416411292833,0.0,0.0,0.0,1.0
1544581078689614000,0.9999999785044086,-7.678076535012892e-05,-0.0001926029479201536,0.007788738441720713,7.638638421001973e-05,0.9999979023638752,-0.0020468104369378744,-0.001384305282297355,0.00019275969958113144,0.002046795680697695,0.9999978867333364,0.005237273440530391,0.0,0.0,0.0,1.0
1544581078765205000,0.999999984745523,-8.915205550243775e-05,-0.00015020274195114088,0.008212764504265975,8.88583210210359e-05,0.9999980860938794,-0.0019544597150728026,-0.0013071719894816134,0.00015037669857819128,0.001954446338495084,0.999998078761333,0.0063398341703654985,0.0,0.0,0.0,1.0
1544581078790447000,0.9999999872317972,-5.6506539974807825e-05,-0.00014947713446928463,0.008401123837158499,5.621289297485107e-05,0.9999980702224069,-0.001963769734358508,-0.0012660049342276768,0.00014958781184465578,0.0019637613067425403,0.9999980606306281,0.006760812690156333,0.0,0.0,0.0,1.0
1544581078866018000,0.9999999995998784,3.4386177739824337e-06,-2.8078722647219613e-05,0.009016419114041567,-3.495108202373764e-06,0.9999979757050279,-0.0020121067644866104,-0.0011171206001622436,2.8071746941516562e-05,0.002012106861819695,0.9999979753169286,0.008023998585214338,0.0,0.0,0.0,1.0
1544581078870590073,0.9999999704641799,-0.00020007970585982093,-0.00013798458639191992,0.005984474733859333,0.00019981319820246886,0.9999981200023458,-0.0019287473811273389,-0.004191751278717476,0.00013837023018992126,0.0019287197530187042,0.999998130445149,0.005985141918947142,0.0,0.0,0.0,1.0
1544581078891305000,0.9999999594785557,-0.0001942949154614802,-0.00020806818332941778,0.005974288196357688,0.0001938913571776128,0.9999981036374094,-0.0019378151939176335,-0.004168342600413043,0.00020844429639598066,0.00193777477277211,0.9999981007881489,0.005583533001760562,0.0,0.0,0.0,1.0
1544581078966895000,0.9999999125547558,-0.000279666765591683,-0.00031092922164607795,0.005980839864277576,0.00027907788096236553,0.9999981704981123,-0.001892383672956357,-0.0040263056565114025,0.0003114578896215567,0.0018922967340081005,0.9999981611018357,0.003879485095836819,0.0,0.0,0.0,1.0
1544581078992163000,0.9999998904464016,-0.0003005539525700193,-0.0003588516461423152,0.005996573432212938,0.00029985408081780086,0.9999980561838706,-0.001948772948988839,-0.00399553889548416,0.0003594366600131827,0.0019486651323632504,0.9999980367528181,0.0034978177191999876,0.0,0.0,0.0,1.0
1544581079067786000,0.9999998018279469,-0.00019939845409436076,-0.0005971468174590822,0.0061433826338907335,0.00019814140362210342,0.9999977660877332,-0.0021044142964063224,-0.003918794346115629,0.0005975651004429642,0.0021042955598616483,0.9999976074252119,0.0020323107930470207,0.0,0.0,0.0,1.0
1544581079093020000,0.9999997537352208,-0.00019650730498325624,-0.0006737316779579232,0.006199043472150449,0.00019503550453597152,0.9999975962242985,-0.0021839200476015666,-0.003912102210201093,0.0006741592147009474,0.0021837881081812464,0.9999973882860154,0.0017073719874935763,0.0,0.0,0.0,1.0
1544581079168581000,0.999999596726699,-0.0002276167281861419,-0.000868756043158832,0.006499809930072171,0.0002255851048144196,0.9999972416051829,-0.002337925017478259,-0.0039833961322907905,0.0008692857976298907,0.002337728096232472,0.9999968896799379,0.0005081734105405893,0.0,0.0,0.0,1.0
1544581079193904000,0.9999996088978629,-0.00017416820043422306,-0.0008671041205264482,0.0065844594234118455,0.00017207647286790958,0.9999970767897746,-0.0024118046334195616,-0.004021165792252401,0.0008675216454716221,0.002411654481938945,0.9999967156590347,0.0002184726717794715,0.0,0.0,0.0,1.0
1544581079269474000,0.9999994527631471,-0.00016201921593012722,-0.0010335488273438636,0.006973394948718244,0.00015929258827958407,0.9999965086848654,-0.002637658801465164,-0.004257528845480432,0.0010339725703101064,0.0026374927213732437,0.9999959872583826,-0.000849823929590699,0.0,0.0,0.0,1.0
1544581079294760000,0.9999993558787438,-0.00015727194761303666,-0.0011240585527288547,0.0070899997570268184,0.00015427950999514844,0.9999964456002323,-0.00266176346239006,-0.00432038260476281,0.0011244731780992172,0.002661588328688905,0.9999958257451088,-0.0011129848251586758,0.0,0.0,0.0,1.0
1544581079370323000,0.9999989729581229,-0.00018666762023805935,-0.0014209989089630053,0.007620770975539717,0.00018278197200883792,0.9999962456715057,-0.002734087350742285,-0.00449802597066944,0.0014215039396456035,0.002733824809737272,0.9999952527529625,-0.0019318691816920801,0.0,0.0,0.0,1.0
1544581079395622000,0.9999987928351766,-0.00022487380378574383,-0.0015374524254193778,0.007777880649075664,0.0002206196888293417,0.9999961486194918,-0.0027665995616104285,-0.00452701309469664,0.0015380686398720452,0.002766257029593069,0.9999949910709086,-0.002129551894006349,0.0,0.0,0.0,1.0
1544581079471170000,0.9999981224833235,-0.00022643703789007835,-0.0019245145088319638,0.008305102700465538,0.0002209822511574922,0.9999959594841972,-0.0028341104642268817,-0.004652513348823029,0.0019251484803792514,0.0028336798595886793,0.9999941320136755,-0.0027449484926073495,0.0,0.0,0.0,1.0
1544581079496483000,0.9999978884224762,-0.00021304308059367125,-0.0020439577374686876,0.008478426343556035,0.00020721480270940513,0.9999959136949065,-0.0028512550766308475,-0.004731067662016985,0.0020445568253988616,0.002850825517685387,0.9999938462716934,-0.0029274637303510678,0.0,0.0,0.0,1.0
1544581079572021000,0.9999974521145163,-0.00026992607378498797,-0.0022411837022856037,0.009016927316384721,0.00026340824487592636,0.9999957370836174,-0.0029079942729334637,-0.005106989093148055,0.00224195909178357,0.002907396517431615,0.9999932603097481,-0.003418022441933962,0.0,0.0,0.0,1.0
1544581079597337000,0.9999973131811142,-0.00026785351458746674,-0.0023025822561515935,0.009200779658536459,0.00026100085372194595,0.9999955380520762,-0.002975861974449414,-0.005256867635284676,0.0023033690772382566,0.002975253002912636,0.9999929211551771,-0.003560447254677606,0.0,0.0,0.0,1.0
1544581079672891000,0.9999967606696608,-0.00021308737302747535,-0.0025363840317003446,0.009785712889034843,0.00020511299755034343,0.9999950370910107,-0.0031438387377505524,-0.005708255524812058,0.0025370413561950867,0.0031433083084866716,0.9999918414837368,-0.003932975817360533,0.0,0.0,0.0,1.0
1544581079698196000,0.9999965488041878,-0.00018297745186994372,-0.0026208584397404214,0.009982264693652258,0.00017457130161268027,0.9999948414486741,-0.003207273125090757,-0.005857445832956826,0.0026214317785715285,0.003206804529494019,0.9999914222132815,-0.004043285164572012,0.0,0.0,0.0,1.0
1544581079773743000,0.9999962181350757,-0.00023535342197946422,-0.0027401321702790185,0.010548511961569414,0.00022639792213748088,0.9999946340386346,-0.0032681245262988876,-0.006288193202374723,0.0027408866311263757,0.0032674918064636437,0.9999909054775291,-0.004295374786372162,0.0,0.0,0.0,1.0
1544581079799051000,0.999995940781944,-0.00024178588328483812,-0.0028390067306939574,0.0107379923117035,0.0002324375994899541,0.9999945521362261,-0.0032926692255345657,-0.006438499277946073,0.0028397873851091016,0.0032919959679627775,0.9999905491404196,-0.004372767271722922,0.0,0.0,0.0,1.0
1544581079869767217,0.9999952473599191,-0.0002841478149932545,-0.0030699377180748977,0.011255096551083527,0.00027390407896615235,0.9999943957063413,-0.0033366948412371323,-0.006889249372830361,0.003070868627790855,0.003335838114664344,0.9999897209221426,-0.0045179910431238654,0.0,0.0,0.0,1.0
1544581079874614000,0.9999951651479394,-0.0004648583523822541,-0.0030746686739359292,0.0167511775482982,0.00045534561984984177,0.9999951102663601,-0.0030938816621941504,-0.012843502737558394,0.0030760918563570386,0.003092466666820859,0.9999904871091565,-0.008360651961054084,0.0,0.0,0.0,1.0
1544581079899882000,0.9999952987560543,-0.0004660044583703515,-0.003030726914484574,0.01653075276943441,0.00045670784031994974,0.9999951911526896,-0.0030674239096471333,-0.01232241560000018,0.0030321417733992118,0.0030660253321953476,0.9999907027592451,-0.008528385131604685,0.0,0.0,0.0,1.0
1544581079975490000,0.9999951601863473,-0.00043783146791979104,-0.003080244711736943,0.015936631390890386,0.000428620313955929,0.9999954368210507,-0.0029904216596467834,-0.011026727041299146,0.0030815399567340643,0.0029890869311078073,0.9999907846929456,-0.008988856796915617,0.0,0.0,0.0,1.0
1544581080000752000,0.999995080652097,-0.00042238465106521177,-0.0031080963323265646,0.015801944833126746,0.0004130702110770073,0.9999954240817926,-0.0029968631054986946,-0.010779530934839202,0.003109347938909085,0.002995564500878411,0.9999906792309216,-0.009076071947025751,0.0,0.0,0.0,1.0
1544581080076334000,0.9999951313729661,-0.0004627168195706215,-0.003085955850355687,0.015153101710144784,0.0004542091337284635,0.9999960962161105,-0.0027570358369185255,-0.009736049205512447,0.0030872195303048564,0.0027556207446057935,0.999991437778284,-0.0094131349632934,0.0,0.0,0.0,1.0
1544581080101612000,0.9999951646360425,-0.000443791578469899,-0.0030779463232726246,0.015010714926345349,0.00043546305472054486,0.9999962439260001,-0.002706012900468257,-0.009504667606813582,0.0030791356680149214,0.002704659484002805,0.9999916018350444,-0.009485305002039406,0.0,0.0,0.0,1.0
1544581080177215000,0.999995393751437,-0.0004632620826539669,-0.002999644003789808,0.014472909025364349,0.0004561251664305829,0.9999970649567971,-0.002379501549532884,-0.008496479548779795,0.003000737532548584,0.0023781223758368285,0.9999926700272493,-0.009820703600971637,0.0,0.0,0.0,1.0
1544581080202455000,0.9999953143169898,-0.0004625817214552744,-0.003026113383951515,0.01435774126718891,0.0004556273197673662,0.9999972548405555,-0.0022984157795995093,-0.008266776125528055,0.0030271682819157284,0.002297026230021295,0.9999927799352831,-0.009905910112191876,0.0,0.0,0.0,1.0
1544581080278056000,0.9999951139383936,-0.0004674744487554515,-0.0030908844974372354,0.01381702678722277,0.00046139977446830744,0.9999979614222937,-0.0019657724955211096,-0.007405341598006045,0.0030917971448427293,0.0019643367572255697,0.9999932910632549,-0.010225364742997959,0.0,0.0,0.0,1.0
1544581080303314000,0.9999950094420336,-0.00047743699009564493,-0.0031230025531944613,0.013666387971445865,0.00047145978991047733,0.9999980564285182,-0.0019143836733532757,-0.007219200110120467,0.0031239104809946553,0.0019129017493829616,0.9999932909725974,-0.010288661576154235,0.0,0.0,0.0,1.0
1544581080378907000,0.9999947398845059,-0.0004606823097315671,-0.0032106035458688903,0.01305600957930955,0.0004553310095648839,0.9999985064077469,-0.0016672900008975265,-0.006572074876418022,0.0032113668415449177,0.0016658193434057067,0.9999934560630498,-0.010468177202389326,0.0,0.0,0.0,1.0
1544581080404171000,0.9999946509281304,-0.00044024442643212107,-0.003241033781302809,0.012909739660414,0.0004350639006198477,0.9999986270393905,-0.0015989492587224522,-0.006426694568734483,0.003241733259990396,0.0015975306490290068,0.9999934695093251,-0.010515172591403764,0.0,0.0,0.0,1.0
1544581080479758000,0.9999947216513329,-0.0004981368053583047,-0.0032106898317509785,0.012407841396045099,0.0004940012179372993,0.9999990475651532,-0.0012887325483539455,-0.00591969519057005,0.003211328738892705,0.0012871396612869116,0.9999940153017038,-0.010631201422447431,0.0,0.0,0.0,1.0
1544581080505041000,0.9999947025796981,-0.0004992919394417172,-0.0032164452579844308,0.012282248420314718,0.0004953853562380172,0.9999991388828856,-0.001215247643225319,-0.0057911648165269395,0.003217049251601055,0.0012136478256678264,0.9999940888090653,-0.01065186566034402,0.0,0.0,0.0,1.0
1544581080580597000,0.9999947049399135,-0.0004889309013700326,-0.0032173030173626026,0.011753730544184987,0.0004857935560550132,0.9999994058538582,-0.0009758568303188048,-0.005285250412817906,0.003217778232374079,0.0009742887180245401,0.9999943483164003,-0.010623915208751802,0.0,0.0,0.0,1.0
1544581080605914000,0.9999946238867188,-0.00048372664831972643,-0.003243178408344809,0.0115965802768337,0.00048076609135912506,0.9999994671230067,-0.0009135741158002566,-0.005151800738461736,0.0032436186002746756,0.0009120099941153548,0.9999943235719639,-0.01060613002918829,0.0,0.0,0.0,1.0
1544581080681471000,0.999994557080281,-0.0004747394302403034,-0.003265031743089745,0.011090230760937033,0.00047269435963892987,0.9999996916536039,-0.000627098667260879,-0.004777302516524245,0.003265328444792983,0.0006255518919241746,0.9999944731422176,-0.010517316328171466,0.0,0.0,0.0,1.0
1544581080706768000,0.9999946441144123,-0.0004703175538049776,-0.0032389109105295305,0.010934924952716635,0.0004684518710825708,0.9999997239525394,-0.0005767561747418588,-0.004675859887601434,0.0032391812749896485,0.0005752358118254638,0.9999945883895728,-0.010474616657672842,0.0,0.0,0.0,1.0
1544581080782325000,0.9999947490334465,-0.0005137569513700961,-0.003199681128964478,0.01048265649048536,0.00051261959484775,0.9999998051466484,-0.00035626930231539276,-0.004394080833944999,0.0031998635413265143,0.0003546272123132279,0.9999948175429988,-0.010305556685735533,0.0,0.0,0.0,1.0
1544581080807615000,0.9999946500875524,-0.00050080022902947,-0.0032324905882137145,0.010339027333702022,0.0004997915359947847,0.9999998261671031,-0.0003128484963868509,-0.004306479818798942,0.0032326467008991456,0.00031123125123860075,0.999994726551305,-0.010229045293811637,0.0,0.0,0.0,1.0
1544581080869667311,0.9999947293939383,-0.00047046203379560444,-0.003212452305852754,0.009979749149844877,0.00046981986465009583,0.9999998695040866,-0.00020065169104765995,-0.0040877883933719255,0.003212546285643511,0.00019914135958410323,0.9999948199311256,-0.010003480746151082,0.0,0.0,0.0,1.0
1544581080883186000,0.9999946999688301,-0.0004697698550920101,-0.0032216999440649865,0.009924970723095923,0.0004691951020477638,0.9999998738798869,-0.0001791540352991335,-0.004054376193058435,0.0032217836989090276,0.00017764147994313916,0.9999947942631011,-0.00996629716757056,0.0,0.0,0.0,1.0
1544581080908513000,0.999994713233851,-0.00043959747895890266,-0.0032218408410847926,0.009766834535329928,0.0004391861869680904,0.9999998953191027,-0.00012836383559456345,-0.003953082709231897,0.0032218969322381197,0.00012694816897095086,0.9999948016186496,-0.00984829875890452,0.0,0.0,0.0,1.0
1544581080984022000,0.9999948797301712,-0.0004588119029274713,-0.0031670183258800215,0.009305586390256325,0.0004588128826949591,0.9999998947452763,-4.1717035796441085e-07,-0.0036451478976743655,0.003167018183939108,-1.0359005856991918e-06,0.9999949849847996,-0.00947179097370178,0.0,0.0,0.0,1.0
1544581081009369000,0.9999949784051358,-0.0004547773422136462,-0.0031362943226409773,0.009152093832109772,0.0004550110485913276,0.9999998937589796,7.380360027407475e-05,-0.0035357848857528146,0.0031362604252326855,-7.52302782307497e-05,0.9999950790933689,-0.009334876676792454,0.0,0.0,0.0,1.0
1544581081084879000,0.9999952654713603,-0.00047256488132155086,-0.0030406771110998683,0.008738329612130087,0.0004732331562801262,0.999999864030966,0.0002190626141752062,-0.003238407554477769,0.0030405731763636715,-0.00022050052624349636,0.9999953531363418,-0.008910360430851059,0.0,0.0,0.0,1.0
1544581081110204000,0.9999954919325209,-0.0004880795065421959,-0.002962750922608207,0.008595106281611666,0.0004888402242020871,0.9999998477388876,0.00025604185788942935,-0.0031450681926590905,0.0029626255027128,-0.0002574890154607342,0.9999955782649951,-0.00875424799830506,0.0,0.0,0.0,1.0
1544581081185751000,0.9999960160042449,-0.0004823543433416083,-0.002781242513944995,0.008187243981286453,0.0004829979136575047,0.9999998567384077,0.00023072966628522046,-0.002892734849648204,0.0027811308220430926,-0.0002320720813908187,0.9999961057193668,-0.008282514259905867,0.0,0.0,0.0,1.0
1544581081211059000,0.9999961725132152,-0.0005094396528376232,-0.0027194540187340513,0.00809431049454256,0.0005101707027904685,0.999999833914616,0.0002681354002199537,-0.0028305607851917525,0.002719316968267272,-0.00026952175970321776,0.9999962663296553,-0.008172612306895175,0.0,0.0,0.0,1.0
1544581081286619000,0.9999966505175665,-0.0005017998721925286,-0.0025391239695843706,0.007696627008058509,0.0005026270259176767,0.9999998208263765,0.0003251357964125568,-0.002503248655936498,0.0025389603615392463,-0.00032641093970518553,0.9999967235627237,-0.007716718100564216,0.0,0.0,0.0,1.0
1544581081311904000,0.9999966592967771,-0.0005344115461892435,-0.0025289918119393274,0.007611762570016571,0.0005351978084054676,0.9999998086593986,0.00031023292763862956,-0.002424108859426574,0.002528825535981965,-0.00031158540211772976,0.9999967539727068,-0.007617052589060315,0.0,0.0,0.0,1.0
1544581081387473000,0.9999968785673735,-0.0004944087831039502,-0.002449166278984193,0.007277637461952108,0.0004950323312869812,0.9999998452143886,0.00025399643366399684,-0.002067535712938992,0.002449040321820816,-0.00025520805732403315,0.9999969685305804,-0.007209417905512444,0.0,0.0,0.0,1.0
1544581081412787000,0.9999969124639246,-0.000482564613605908,-0.0024376615863802645,0.007203512064216042,0.00048311807921024057,0.9999998576554722,0.00022646402328257707,-0.0019845598187973866,0.002437551955868576,-0.0002276410024501313,0.9999970032555294,-0.007107303750652911,0.0,0.0,0.0,1.0
1544581081488335000,0.9999973381191283,-0.0004504411794271424,-0.0022629311519119294,0.006917987452729513,0.0004508290066342125,0.9999998837773777,0.0001708755059019052,-0.0016413735331255975,0.0022628539195437268,-0.00017189524605495628,0.9999974249687662,-0.006751425654548171,0.0,0.0,0.0,1.0
1544581081513630000,0.9999974466512099,-0.00047012399240793445,-0.0022103561918236903,0.006854201682208655,0.0004705131248966847,0.9999998739027788,0.0001755329694745673,-0.0015540105052322323,0.002210273390843499,-0.0001765725228766377,0.9999975417538218,-0.0066713944619308,0.0,0.0,0.0,1.0
1544581081589200000,0.9999977070818715,-0.0003693531988897071,-0.002109362276515533,0.006647211960259161,0.00036946146881778295,0.9999999304517256,5.09388416763948e-05,-0.0012050712050996806,0.0021093433153889147,-5.1718052962750764e-05,0.9999977739955322,-0.006439727380812799,0.0,0.0,0.0,1.0
1544581081614489000,0.999997724541196,-0.00037621469024756943,-0.002099851170156118,0.006608141551598788,0.0003763031121661507,0.9999999283279621,4.171372793344737e-05,-0.0011143402781677613,0.0020998353263382576,-4.250381354600577e-05,0.9999977944400831,-0.006390472495959844,0.0,0.0,0.0,1.0
1544581081690083000,0.9999979927208026,-0.0004035884675801653,-0.001962567377494199,0.006503114872441216,0.0004036399563454005,0.9999999182035523,2.5839397830685832e-05,-0.0007294578957406136,0.0019625567884801907,-2.663151657437153e-05,0.9999980738289516,-0.006281217282750371,0.0,0.0,0.0,1.0
1544581081715321000,0.9999979560172948,-0.0004556350313502442,-0.001969862419476157,0.006484648066769585,0.00045575227607006576,0.9999998944002462,5.907076749657143e-05,-0.0006235605491128865,0.001969835296748163,-5.996841603818123e-05,0.9999980580744625,-0.00627075059106536,0.0,0.0,0.0,1.0
1544581081790933000,0.9999979958794827,-0.00043528614197202475,-0.0019541655483259978,0.006466225769788725,0.0004352851707147821,0.9999999052629798,-9.223289644665349e-07,-0.0002786182793847376,0.0019541657646711965,7.170783170064434e-08,0.9999980906162568,-0.006292890360709286,0.0,0.0,0.0,1.0
1544581081816204000,0.9999980481969525,-0.0004210668225191247,-0.0019303639597665232,0.006473017068093879,0.0004209987219717044,0.9999999107433303,-3.5684809932013925e-05,-0.00016997643649721333,0.001930378813158185,3.4872059522277014e-05,0.9999981362090535,-0.006315704627424019,0.0,0.0,0.0,1.0
1544581081870447889,0.9999980807226244,-0.00041598013014787326,-0.0019145525842372032,0.006517046000095966,0.00041573591570478807,0.9999999053958162,-0.00012795313337950515,5.220488497393459e-05,0.0019146056290735845,0.0001271569395301645,0.9999981590565064,-0.006381389944002787,0.0,0.0,0.0,1.0
1544581081891773000,0.9999980610333054,-0.00040072111044828305,-0.0019280436246333103,0.006543759482456748,0.000400378491352268,0.9999999039912729,-0.00017808567164863753,0.00013270283198584754,0.0019281148022123951,0.0001773133791487656,0.9999981254648811,-0.006419505261509869,0.0,0.0,0.0,1.0
1544581081917039000,0.9999980235074516,-0.0004072487888474839,-0.0019460548847782897,0.0065867977036228875,0.0004069278215599205,0.9999999035386246,-0.00016532539555818714,0.00022874464531939652,0.0019461220256262591,0.00016453316491886236,0.9999980927671326,-0.006464226685683792,0.0,0.0,0.0,1.0
1544581081992654000,0.999997749190666,-0.00040240017168961567,-0.002083191710386768,0.0067592464877700665,0.00040181054233055514,0.9999998791015845,-0.0002834521208492158,0.0005420347473895521,0.0020833055197142865,0.0002826144344616131,0.999997789981154,-0.00666899505187931,0.0,0.0,0.0,1.0
1544581082017918000,0.9999977554877851,-0.00035147416219470456,-0.0020893743817322077,0.006831344480137977,0.00035080606882555436,0.9999998872305773,-0.000320115498678016,0.0006449805555796184,0.0020894866584413676,0.0003193818149616824,0.9999977660178857,-0.00675176668569132,0.0,0.0,0.0,1.0
1544581082093496000,0.9999975047417979,-0.00034351477634558244,-0.0022073757660746917,0.007085762769273191,0.0003423657225724281,0.9999998057198785,-0.0005209087386139703,0.0009515229539800931,0.0022075542770743093,0.0005201517090130311,0.9999974280698485,-0.007048091691327356,0.0,0.0,0.0,1.0
1544581082118800000,0.9999973224821405,-0.00033210565813796125,-0.002290138507138945,0.007189191713707695,0.0003309416674489515,0.9999998158904359,-0.0005086223579023537,0.0010518182030100254,0.0022903070018654523,0.0005078630938006536,0.9999972482806726,-0.00715618877570245,0.0,0.0,0.0,1.0
1544581082194360000,0.999996543093843,-0.00035197417786794895,-0.002605746445322582,0.00753767473748023,0.0003503832685774541,0.9999997519735043,-0.0006109701258619765,0.0013246588429246097,0.002605960844736178,0.0006100550038389916,0.99999641839407,-0.00751740508837484,0.0,0.0,0.0,1.0
1544581082219635000,0.9999962463892844,-0.000312983561613256,-0.0027219935036232805,0.007675070246580415,0.00031117599206811333,0.9999997308317708,-0.0006644590925945217,0.0014131096959207798,0.0027222007357224545,0.0006636095794448441,0.9999960746150373,-0.007637023048577937,0.0,0.0,0.0,1.0
1544581082295173000,0.9999952441790657,-0.00030541877013641716,-0.0030689311855820324,0.008088933503028906,0.0003031033277867031,0.9999996691156524,-0.000754915198968553,0.001623930107310718,0.003069160735392371,0.0007539814054719494,0.9999950058697394,-0.008012727896575528,0.0,0.0,0.0,1.0
1544581082320494000,0.9999948249340771,-0.00033771215165477266,-0.003199383622795498,0.008241724624604683,0.00033526949665087664,0.9999996519626313,-0.00076398231577812,0.0016857567267456945,0.003199640515402124,0.0007629057063824481,0.9999945901230959,-0.0081327169869482,0.0,0.0,0.0,1.0
