1544581075865572000,0.9999999901612497,1.637998477042683e-05,-0.0001393168924496809,1.126159120937635e-06,-1.6364532453555565e-05,0.9999999937149985,0.00011091530003583474,-7.687140231653658e-07,0.00013931870836499867,-0.00011091301908876444,0.9999999841443,-1.3346979153712823e-06,0.0,0.0,0.0,1.0
1544581075870678975,0.9999999901612497,1.637998477042683e-05,-0.0001393168924496809,1.126159120937635e-06,-1.6364532453555565e-05,0.9999999937149985,0.00011091530003583474,-7.687140231653658e-07,0.00013931870836499867,-0.00011091301908876444,0.9999999841443,-1.3346979153712823e-06,0.0,0.0,0.0,1.0
1544581075941185000,0.9999999260944543,-0.00018259761528379866,-0.00033833296531153464,-0.006286717853886947,0.00018307655814260034,0.9999989805623075,0.0014161063935209412,0.0013495734673234993,0.0003380740427517098,-0.0014161682296976261,0.9999989400861827,-0.002392527130680001,0.0,0.0,0.0,1.0
1544581075966432000,0.9999998909378758,-0.00017318165287657643,-0.0004337422642346066,-0.004415591698641724,0.00017368334573478203,0.9999993157186904,0.001156890767327185,-0.008313065818301798,0.0004335416151775976,-0.0011569659749618602,0.9999992367354072,-0.004543693424867146,0.0,0.0,0.0,1.0
1544581076042026000,0.9999998626485113,-4.546515746938855e-05,-0.0005221454527954243,0.00016984621945650416,4.6121998736428345e-05,0.9999992076252082,0.0012580229398523285,-0.0003974127160275513,0.0005220878428494644,-0.0012580468494529213,0.9999990723707746,-0.00021143973244992814,0.0,0.0,0.0,1.0
1544581076067302000,0.9999997600649674,-9.399805185164183e-05,-0.0006863194392402149,0.0004930726104020231,9.524052856792942e-05,0.9999983564368882,0.0018105393573687118,-0.0011715338060714138,0.0006861481240585084,-0.0018106042883830546,0.9999981254546749,-0.0002570816655895833,0.0,0.0,0.0,1.0
1544581076142905000,0.9999997600649674,-9.399805185164183e-05,-0.0006863194392402149,0.0004930726104020231,9.524052856792942e-05,0.9999983564368882,0.0018105393573687118,-0.0011715338060714138,0.0006861481240585084,-0.0018106042883830546,0.9999981254546749,-0.0002570816655895833,0.0,0.0,0.0,1.0
1544581076168147000,0.9999994346597906,0.0001347095471028628,-0.0010547670050437587,0.01225262342191569,-0.00013236114480140508,0.9999975132120983,0.0022262188001894783,0.014100756351132972,0.001055064274988258,-0.0022260779314501847,0.9999969657036071,-0.0019045788405625949,0.0,0.0,0.0,1.0
1544581076243752000,0.999999500577973,-4.8403097144107615e-05,-0.0009982489378477476,0.001015701602521285,5.077100554349945e-05,0.999997185104544,0.0023721731154431633,-0.0019017287818457775,0.000998131307355603,-0.0023722226128300113,0.9999966881414,-0.0004197448218965272,0.0,0.0,0.0,1.0
1544581076269035000,0.9999995789238926,-0.000341828751843991,-0.0008516484837881105,-0.0026211095860132804,0.0003442627977784434,0.9999958522622729,0.002859535167338829,-0.007907254749825496,0.0008506674800364611,-0.0028598271541466496,0.9999955488668367,0.0008159893277443952,0.0,0.0,0.0,1.0
1544581076344594000,0.9999993468876789,-3.8937682851190716e-05,-0.0011422381842274463,0.001433649198728803,4.225368076759726e-05,0.9999957848424065,0.0029031899775836807,-0.0023895508816820874,0.0011421203260228864,-0.002903236345242143,0.999995133378102,-0.0006469455075935831,0.0,0.0,0.0,1.0
1544581076369874000,0.9999993391500396,-0.00026719512303837237,-0.001118170939275148,0.00013927820929542182,0.0002709524713936218,0.9999943135641376,0.003361461608612519,-0.005168028505635737,0.001117266414719715,-0.0033617623583701898,0.9999937251151144,-0.00041289289061599885,0.0,0.0,0.0,1.0
1544581076445429000,0.9999990504762046,-1.9732855929026474e-05,-0.001377917741543576,0.002125662268684615,2.4664276449059784e-05,0.9999935951693992,0.003578967987435595,-0.002673433849912962,0.001377838292954194,-0.003578998574464435,0.999992646138382,-0.0008155442744708612,0.0,0.0,0.0,1.0
1544581076470749000,0.9999986139851696,0.00016016577427775444,-0.001657218954673042,0.012868178305916569,-0.00015438519623791586,0.9999939061784487,0.003487659842442039,0.006754367270332339,0.0016577674596155423,-0.0034873991584202543,0.9999925448992895,-0.003408067987990137,0.0,0.0,0.0,1.0
1544581076546286000,0.9999988121790782,2.368128929851426e-05,-0.001541129335496461,0.0028523119178596222,-1.7427764015560623e-05,0.9999917675851845,0.004057641942032354,-0.003179369276130816,0.0015412127384731903,-0.004057610263841986,0.999990580186754,-0.001017022260041434,0.0,0.0,0.0,1.0
1544581076571591000,0.9999989129023411,-0.00025175989867295316,-0.00145286306552807,0.0017897208600955914,0.0002576971490650395,0.9999916115137656,0.004087847145042088,-0.001308107497987243,0.00145182172222321,-0.004088217099822982,0.999990589303037,-0.005388511012659651,0.0,0.0,0.0,1.0
1544581076647142000,0.9999983531656282,3.3328207955966984e-05,-0.0018145399583212214,0.003456957065561571,-2.5324433068686818e-05,0.9999902722492942,0.004410755655839322,-0.003464914364214459,0.0018146693095106067,-0.004410702439859578,0.9999886262749588,-0.0013389792911668364,0.0,0.0,0.0,1.0
1544581076672466000,0.9999982324358397,-1.0264259629621816e-05,-0.0018801648438890595,0.007710663677987365,1.8625650460984814e-05,0.9999901110066253,0.004447194850862928,-0.0008310934615156315,0.0018801006037888097,-0.004447222009453888,0.9999883436511243,-0.00443618038695545,0.0,0.0,0.0,1.0
1544581076747999000,0.999998049557413,6.398319512038128e-05,-0.0019740282481528295,0.004189929385225275,-5.434903640248253e-05,0.9999880906468159,0.004880124047417132,-0.003362552314663818,0.0019743169846823615,-0.004880007242482236,0.999986143704878,-0.0017423399562168259,0.0,0.0,0.0,1.0
1544581076773322000,0.9999983869980471,-0.00026015259067812624,-0.0017771668282780407,0.0025174958810722805,0.00026897973936287195,0.9999876205229855,0.004968546133321371,-0.005176356166839451,0.0017758522477336466,-0.004969016140917018,0.9999860775167749,-0.0025315664174892652,0.0,0.0,0.0,1.0
1544581076848878000,0.9999977275034044,0.00013453863139145292,-0.00212764832196016,0.0048794304384837785,-0.0001233582365177256,0.9999861896604452,0.005254071862026652,-0.002939468976944952,0.0021283258140519317,-0.005253797459221329,0.9999839337916818,-0.0023125412717123514,0.0,0.0,0.0,1.0
1544581076869491124,0.999997677959192,0.00012310462982178383,-0.0021514928475496234,0.004972387162166896,-0.00011156501456404313,0.9999856136681721,0.005362835997959305,-0.0028752174200154103,0.0021521220853999157,-0.005362583513904383,0.9999833053949375,-0.002397563756028606,0.0,0.0,0.0,1.0
1544581076874177000,0.9999976684290574,-0.0001453512029526233,-0.0021545323101499823,0.011304418027533496,0.00015707933082389778,0.999985167358577,0.005444298754154554,-0.005946438665757678,0.0021537090173716364,-0.005444624492879294,0.9999828586538867,-0.0020338992187144706,0.0,0.0,0.0,1.0
1544581076949745000,0.9999980482585994,-0.00014299939836751404,-0.00197054057662321,0.011173470339714673,0.00015333054482367315,0.999986240244857,0.0052436447916118,-0.00612957526148315,0.001969763624416925,-0.0052439367014333865,0.9999843104564873,-0.001544202886534866,0.0,0.0,0.0,1.0
1544581076975008000,0.9999982539531859,-0.0004945899167347486,-0.001802074191604756,-0.0017564431227503321,0.0005047136947376605,0.9999840705787804,0.0056217304079226324,-0.011194058488757127,0.001799265034431529,-0.005622630123641597,0.9999825741860852,-0.0031619678858541347,0.0,0.0,0.0,1.0
1544581077050614000,0.9999985045401639,-0.00011824645954080202,-0.0017253797304510167,0.01093392437445156,0.00012697438065622634,0.9999871935050165,0.005059318478679632,-0.0060878479778949555,0.0017247593878863684,-0.005059529991694706,0.9999857130785994,-0.0009613609479597883,0.0,0.0,0.0,1.0
1544581077075900000,0.9999979361771824,-0.0002703289390263855,-0.002013594705586138,0.010820897758314343,0.00028131797912269466,0.9999850592054865,0.005459141506715136,-0.00662437530710018,0.0020120888569499064,-0.005459696700407694,0.999983071461898,-0.002106802910653444,0.0,0.0,0.0,1.0
1544581077151472000,0.9999988914124335,-0.0001708711144531386,-0.0014791811804555064,0.010502901173045613,0.00017801793087268093,0.999988306009101,0.004832820570441509,-0.005806676303044825,0.0014783380934874266,-0.004833078533609836,0.9999872278526207,-0.00042056995782720696,0.0,0.0,0.0,1.0
1544581077176723000,0.999998016524312,-0.00015684493373032088,-0.0019855344633361296,0.007150690790680038,0.00016742953960005312,0.9999857717488746,0.005331816496714046,-0.0024605060884684508,0.0019846699442480735,-0.005332138358306725,0.9999838145618868,-0.004846406431389984,0.0,0.0,0.0,1.0
1544581077252319000,0.9999993771836034,-0.0001694838882550273,-0.001103135357444395,0.009912223503955915,0.00017445970740505475,0.999989805283273,0.004512083037032808,-0.0053842028982176195,0.001102359385914675,-0.004512272679505191,0.9999892120413362,0.00013737066522465606,0.0,0.0,0.0,1.0
1544581077277591000,0.9999982086434459,-0.00018024388989121846,-0.001884203289789878,0.00010446459839320933,0.00019016173790316113,0.9999861226092095,0.005264829295816325,-0.0031364649157903336,0.001883228188652595,-0.005265178168002003,0.9999843655530062,-0.007609424576863768,0.0,0.0,0.0,1.0
1544581077353174000,0.9999997013532106,-0.00017574760912737145,-0.0007525996733630256,0.00928823300304792,0.00017886196010837078,0.9999914139258556,0.004140058329441534,-0.004834966821532763,0.0007518656061333855,-0.004140191704479158,0.9999911467161887,0.0007520607416347925,0.0,0.0,0.0,1.0
1544581077378439000,0.9999983846407697,-0.0004430889474106581,-0.0017419494932822052,0.0026836087448667,0.00045264980568269705,0.9999848161916531,0.005492039174810991,-0.007006736343264759,0.001739489581997841,-0.005492818796294458,0.9999834014210773,-0.005395367696127284,0.0,0.0,0.0,1.0
1544581077454034000,0.9999998196159051,-0.00023482113928128818,-0.000552835588535166,0.008512972863416804,0.00023693857884146048,0.9999926251972759,0.0038331985561762044,-0.004164350864505008,0.0005519313954297114,-0.003833328852806836,0.9999925004526985,0.001354392820859791,0.0,0.0,0.0,1.0
1544581077479297000,0.9999983949611023,-0.00034663387601487,-0.0017578168783096552,0.0019551399678158455,0.0003560930308565192,0.9999854441653484,0.005383739888173252,-0.0041229405369647976,0.0017559251051929283,-0.005384357193401206,0.9999839625837208,-0.007469146392146788,0.0,0.0,0.0,1.0
1544581077554891000,0.9999999212235964,-0.0002107955315520504,-0.0003363302615267396,0.007662184198370978,0.00021203188654820893,0.999993205475472,0.0036802235482115407,-0.003354848994824352,0.00033555220164346525,-0.0036802945710366223,0.9999931713949785,0.0020183296735673726,0.0,0.0,0.0,1.0
1544581077580179000,0.999998072378858,-4.294540208040675e-05,-0.0019630064341034474,0.01649420884432118,5.3099484245895553e-05,0.9999866187412408,0.005172960361675809,0.005747003746764542,0.0019627580117437308,-0.005173054624797271,0.9999846934262727,-0.0054075635746838515,0.0,0.0,0.0,1.0
1544581077655751000,0.9999999732039537,-0.0002306193974011251,2.0168948000377818e-05,0.00681310764187494,0.00023054837254886772,0.9999940107046882,0.0034533175641995773,-0.0024872841690311114,-2.0965229218277947e-05,-0.003453312821746187,0.9999940370777299,0.002782329348811394,0.0,0.0,0.0,1.0
1544581077681037000,0.99999856528961,-0.00032961562892808274,-0.0016615571793927913,0.0058220296501597865,0.0003384168115553236,0.9999859005355571,0.0052994531937662105,-0.001810048993035457,0.0016597869697289793,-0.005300007889468517,0.9999845773928651,-0.0039316650654426894,0.0,0.0,0.0,1.0
1544581077756597000,0.9999998824823256,-0.00017338805784878806,0.00045273823839867716,0.005989884314426095,0.00017201720096660474,0.999995406223637,0.0030262091316574347,-0.0017144024008327742,-0.0004532608671444361,-0.0030261308972598564,0.9999953185322311,0.003485784393211661,0.0,0.0,0.0,1.0
1544581077781896000,0.9999986469969618,-0.00035185043822569647,-0.0016069242406840617,0.005334216075340823,0.00036033044471736836,0.9999859961567482,0.005279929200801408,-0.0016649171710787015,0.0016050439921657745,-0.005280501080767434,0.9999847699550821,-0.00531714983197839,0.0,0.0,0.0,1.0
1544581077857448000,0.999999588338819,-0.00011486598269435198,0.0009000711044497425,0.005222265210741585,0.00011251049633268934,0.9999965703301896,0.002616614080647443,-0.0009187849410182461,-0.0009003685774507497,-0.0026165117360423176,0.9999961715940516,0.0042219750392916994,0.0,0.0,0.0,1.0
1544581077870217147,0.999998692361322,-0.0003597979427469521,-0.0015766486877519643,0.008083995182534878,0.0003680611332585934,0.9999861832843421,0.005243831749426558,-0.002754854198872119,0.0015747401837697991,-0.005244405195492117,0.9999850080913711,-0.00270010809958383,0.0,0.0,0.0,1.0
1544581077882757000,0.999998692361322,-0.0003597979427469521,-0.0015766486877519643,0.008083995182534878,0.0003680611332585934,0.9999861832843421,0.005243831749426558,-0.002754854198872119,0.0015747401837697991,-0.005244405195492117,0.9999850080913711,-0.00270010809958383,0.0,0.0,0.0,1.0
1544581077958298000,0.9999990073008547,-6.854192355134122e-05,0.0014073731961334243,0.004524804021708419,6.54612669332529e-05,0.9999976022781488,0.002188870205463487,-0.00010192810394826,-0.001407519851018237,-0.0021887759041414323,0.9999966140682243,0.00497283204073896,0.0,0.0,0.0,1.0
1544581077983586000,0.9999986963102754,-0.000290665857349757,-0.0015883611387718358,0.010283546501153236,0.0002988163992576632,0.9999867783920332,0.005133590349827786,0.0010493245978210072,0.0015868479786432389,-0.005134058285575008,0.9999855615752717,-0.006279345937753375,0.0,0.0,0.0,1.0
1544581078059149000,0.9999985231184484,-0.00012246967270816705,0.0017142818023676639,0.003868771966187996,0.00011926819101324606,0.9999982490837737,0.001867512914951031,0.0006805355030717349,-0.0017145075144992972,-0.0018673056975662026,0.9999967868115446,0.0057227275359773,0.0,0.0,0.0,1.0
1544581078084444000,0.9999986154002304,-0.00017273949840617756,-0.001655100809060994,0.01176229643902937,0.00018112237535599594,0.9999871510154144,0.005066063437983028,0.0009360697564323618,0.0016542044334390458,-0.005066356199302747,0.9999857977204246,-0.0046328573136006305,0.0,0.0,0.0,1.0
1544581078160006000,0.9999976325091118,-8.352196027703983e-05,0.002174396526153657,0.003368148287405801,7.97554647839067e-05,0.9999984965049538,0.0017322317679123213,0.00130963812354568,-0.0021745379363521467,-0.0017320542468638276,0.9999961356789574,0.006475893941102032,0.0,0.0,0.0,1.0
1544581078185359000,0.9999985837067187,-0.00015308070012787816,-0.001676052163528917,0.012090071794322666,0.00016157622064759026,0.999987135392266,0.005069807007469526,-0.001640676819526695,0.0016752545121690762,-0.005070070637310117,0.9999857438514087,-0.0053568885145464686,0.0,0.0,0.0,1.0
1544581078260887000,0.9999967268007413,1.1072695285360729e-05,0.002558567020693452,0.0030555912772890674,-1.4655569543124884e-05,0.9999990194306246,0.0014003296047217877,0.0017785007792953202,-0.0025585490064179563,-0.0014003625184208623,0.9999957463968516,0.007320763177332458,0.0,0.0,0.0,1.0
1544581078286210000,0.9999986791955502,-6.544844985007015e-05,-0.0016239838848693734,0.008802987266467928,7.342035254343765e-05,0.9999879467080104,0.004909281836466637,0.0014541599493718303,0.001623643005631353,-0.0049093945857346865,0.9999866307247279,-0.006100411627987982,0.0,0.0,0.0,1.0
1544581078361754000,0.9999953602032345,1.3895377055091847e-05,0.0030462073014113377,0.002929310483940407,-1.755710958389945e-05,0.9999992773962881,0.001202039370915649,0.002177178877364974,-0.0030461883974203336,-0.0012020872762926677,0.9999946378468365,0.008227735082613156,0.0,0.0,0.0,1.0
1544581078387072000,0.9999987664185203,-0.0001739231220000195,-0.0015610612368557465,0.008241882207151779,0.00018176013416053478,0.999987375301944,0.005021573456821517,-0.0029726302318927957,0.0015601681611960231,-0.005021851001001341,0.9999861733483284,-0.0053516200969989155,0.0,0.0,0.0,1.0
1544581078462638000,0.9999941268558216,-3.7560772282567614e-05,0.003427074999258713,0.003144756775656449,3.3848398187213845e-05,0.9999994126573715,0.0010833001412756324,0.0024612316227620172,-0.0034271136759813883,-0.0010831777778985221,0.9999935407880156,0.0092337087689611,0.0,0.0,0.0,1.0
1544581078487902000,0.9999988531807462,-0.00018899610699473987,-0.0015026369035218107,0.005768290506265414,0.00019648431170448508,0.9999875565481225,0.004984791152238647,-0.003987687425896362,0.001501676099409858,-0.004985080680161937,0.999986446877908,-0.007011375729266734,0.0,0.0,0.0,1.0
1544581078563482000,0.9999928654763076,8.132587394026374e-05,0.003776556974912287,0.003638087493127061,-8.461187620464322e-05,0.9999996180106335,0.0008699536870267162,0.002503712975352831,-0.003776484782563794,-0.0008702670218927655,0.9999924903708001,0.010301362345083625,0.0,0.0,0.0,1.0
1544581078588760000,0.9999990782485909,-0.00039096342681186247,-0.0013002498087984055,0.005162610173947245,0.00039753012433674673,0.9999871498621757,0.005053917324480287,-0.0025228715828452745,0.001298257203573154,-0.0050544295544930305,0.9999863835423526,-0.007990182382106184,0.0,0.0,0.0,1.0
1544581078664329000,0.9999919715074492,4.567254648407285e-05,0.004006848470386088,0.004445710050576831,-4.827478897542347e-05,0.9999997880041938,0.0006493543789382459,0.0023127291274499424,-0.004006817963282945,-0.0006495425953658153,0.9999917617181784,0.01138253075158997,0.0,0.0,0.0,1.0
1544581078689614000,0.999999065797108,-0.000383870490563057,-0.00131188732724054,0.00585431485802554,0.00039051566563122356,0.9999870770028789,0.005068858328344009,-0.003918554407742045,0.0013099245885912925,-0.0050693659055547164,0.9999862927194983,-0.008252924691525294,0.0,0.0,0.0,1.0
1544581078765205000,0.9999908171660076,2.711857133986178e-05,0.004285422761064928,0.005683402484143659,-2.961507151951689e-05,0.9999998299118571,0.000582493952436541,0.001892587571492094,-0.004285406235761509,-0.0005826155165928341,0.9999906478825463,0.012578386321745216,0.0,0.0,0.0,1.0
1544581078790447000,0.9999987871903169,-4.2742203496349754e-05,-0.0015568529148032328,0.011449443232145164,5.021596888103163e-05,0.9999884746547365,0.004800837015390098,0.0020771634395369666,0.0015566297731832049,-0.004800909371765998,0.9999872640053741,-0.012143646273562663,0.0,0.0,0.0,1.0
1544581078866018000,0.9999890886970941,0.00011285999657108698,0.0046700909386041805,0.007425367280351259,-0.00011452382278374818,0.9999999300716941,0.00035600687920994255,0.001311687210104967,-0.004670050433097465,-0.0003565378313780854,0.9999890316947133,0.01394283471340152,0.0,0.0,0.0,1.0
1544581078870590073,0.9999901353731177,-0.0002474710726298215,0.004434852254982543,0.005983508475853461,0.00024710356234174406,0.999999965990765,8.341641050879758e-05,-0.004192283558129337,-0.0044348727473051885,-8.231971984636663e-05,0.9999901625152019,0.005995297487907438,0.0,0.0,0.0,1.0
1544581078891305000,0.9999989647541099,-0.00011692157783145438,-0.001434161794397711,0.009543147554365555,0.00012371160930902582,0.9999887806564987,0.004735320112062467,0.0013249305389725107,0.0014335920429448701,-0.004735492632305382,0.9999877598867827,-0.011660245795659673,0.0,0.0,0.0,1.0
1544581078966895000,0.9999911778175229,-0.0002246007158675144,0.004194501357950383,0.004837539030995829,0.0002224305764767895,0.9999998411849687,0.0005178365337307142,-0.0031060705128910142,-0.004194616998256699,-0.0005168989799272365,0.9999910689619577,0.006267821080040569,0.0,0.0,0.0,1.0
1544581078992163000,0.9999992671303517,-0.0005557527890156137,-0.0010755824446056197,-0.0023509180109599227,0.0005612279689071019,0.9999868535212489,0.005096842928461648,-0.012296437690295122,0.0010727357198112067,-0.00509744284009093,0.9999864325652454,-0.008176142538341893,0.0,0.0,0.0,1.0
1544581079067786000,0.9999921445747738,-0.00014425282481907197,0.003961057922844127,0.004093040925350578,0.0001411453463070501,0.9999996821026126,0.0007847755503047675,-0.0023797705283512866,-0.003961169869724141,-0.0007842103006668469,0.9999918470404976,0.006296463447224413,0.0,0.0,0.0,1.0
1544581079093020000,0.9999988427120315,-8.14262824268457e-05,-0.0015191920077021817,0.018646331475435433,8.86922215878482e-05,0.9999885559676547,0.00478331134360746,0.0011468323382584555,0.0015187851347593085,-0.004783440548452975,0.9999874059148129,-0.010652439380466842,0.0,0.0,0.0,1.0
1544581079168581000,0.99999338770532,-0.00013897777917563922,0.0036339002205948196,0.0037993224940005574,0.00013512452753241356,0.9999994284486029,0.0010605865487645738,-0.0020981644137086143,-0.0036340455415972235,-0.0010600885068033667,0.9999928349370106,0.0061308544478019455,0.0,0.0,0.0,1.0
1544581079193904000,0.9999991707962156,-0.00011703545367270432,-0.0012824623113247991,0.005857233618116581,0.000123014468757573,0.999989120355052,0.004663050393113445,-0.0045839134972076884,0.001281902616371938,-0.004663204287914347,0.9999883055573461,-0.008506475848427182,0.0,0.0,0.0,1.0
1544581079269474000,0.9999942504628291,-1.548807006567026e-05,0.003390988263680593,0.0038695793308520868,1.124220586092468e-05,0.99999921603703,0.0012521177810239292,-0.002246867896175703,-0.003391004998159264,-0.0012520724597380676,0.9999934666784875,0.005588974384560807,0.0,0.0,0.0,1.0
1544581079294760000,0.9999992770390377,-0.00023754733992578019,-0.0011787674321871119,0.0041635900884121925,0.00024314946108378792,0.9999886669825633,0.004754659269957344,-0.002302275472587973,0.001177624616533418,-0.004754942449190174,0.9999880017893052,-0.010726468013833333,0.0,0.0,0.0,1.0
1544581079370323000,0.9999956971998607,2.6913324074147547e-05,0.0029334037284870092,0.004350693171163116,-3.1762869975172216e-05,0.9999986329916409,0.001653180561348491,-0.002534414961718781,-0.002933355225915363,-0.0016532666213641498,0.9999943310522299,0.00475750041445859,0.0,0.0,0.0,1.0
1544581079395622000,0.9999994191677037,-0.0004829806967176077,-0.0009635319926329493,0.00030475022249221287,0.00048771219895430145,0.999987795474861,0.004916405001557032,-0.007069139070875832,0.0009611457044695273,-0.004916872072257112,0.999987450205231,-0.009395755922099385,0.0,0.0,0.0,1.0
1544581079471170000,0.9999970604331953,-2.1173258807766002e-05,0.0024245982473506907,0.005196714970964749,1.6011584450210006e-05,0.999997733808851,0.0021288778244836683,-0.002901223974528344,-0.0024246378280287297,-0.002128832744845478,0.9999947945877243,0.003604721465958659,0.0,0.0,0.0,1.0
1544581079496483000,0.9999991330103344,-8.15971562120696e-06,-0.0013167809229368956,0.015755987974546058,1.4145908302171924e-05,0.9999896661717373,0.0045461356809026795,0.0043939866326519,0.0013167302203746466,-0.004546150366512211,0.9999887993064599,-0.009909664195175399,0.0,0.0,0.0,1.0
1544581079572021000,0.9999979011647511,8.95153072084834e-06,0.002048801104065934,0.0063162475862232345,-1.4074795548453082e-05,0.99999687335776,0.002500615245194319,-0.003724037353067837,-0.002048772313863651,-0.0025006388332715493,0.9999947746550638,0.0021089054104938545,0.0,0.0,0.0,1.0
1544581079597337000,0.9999994756193837,-0.0004738310177095527,-0.0009078794649009213,-0.0009393197478463266,0.0004782221641621139,0.9999881601480398,0.004842609554670455,-0.012880966827947963,0.0009055741371287978,-0.004843041183382377,0.9999878623701287,-0.008165413250980568,0.0,0.0,0.0,1.0
1544581079672891000,0.9999983668334429,9.014717870303032e-05,0.0018050495648852243,0.0077404404636228046,-9.500363622077514e-05,0.9999963758719967,0.002690579339430411,-0.004790783906835082,-0.001804800475018008,-0.00269074643153843,0.9999947512756681,0.0002644763405501997,0.0,0.0,0.0,1.0
1544581079698196000,0.9999992835271775,-7.688982184368161e-05,-0.0011945849009865315,0.016657878009382857,8.226805023326752e-05,0.9999898590650956,0.004502776803041644,-0.0022409900268458333,0.0011942265690726263,-0.00450287185309508,0.999989148925115,-0.005500583571067513,0.0,0.0,0.0,1.0
1544581079773743000,0.9999987700909415,0.00011507843567803386,0.0015641526638966298,0.009424634781278566,-0.00011968435996206236,0.9999956566033591,0.002944902387595501,-0.005851011196100514,-0.001563806975401197,-0.0029450859702438324,0.9999944404727299,-0.0019700582412027156,0.0,0.0,0.0,1.0
1544581079799051000,0.9999994802531983,-0.0002974666457510299,-0.000975195839176186,0.002296092545110621,0.00030200649381399816,0.9999891036087046,0.004658482149440341,-0.010605281729073364,0.0009737994700014482,-0.0046587742436853185,0.9999886737044273,-0.008275447102507646,0.0,0.0,0.0,1.0
1544581079869767217,0.9999992984307932,0.00011844890489242496,0.0011786041649646528,0.011255499185184727,-0.00012234812301793198,0.9999945183764655,0.0033088136781503283,-0.006888749115492989,-0.0011782057789436577,-0.003308955556795891,0.9999938313031083,-0.004496931179694504,0.0,0.0,0.0,1.0
1544581079874614000,0.9999994633619398,-0.00022073453521768613,0.0010122016095549336,0.02018689716074354,0.00021751139106856952,0.9999949096449746,0.003183295922946525,-0.015863184173152464,-0.0010128991204353848,-0.0031830740492886293,0.9999944210219224,-0.0012927316153403148,0.0,0.0,0.0,1.0
1544581079899882000,0.9999995267826989,-0.0004083971010838773,-0.000882975753503453,0.00328578328366941,0.0004125837589631304,0.9999886499038144,0.004746560669667041,-0.012480060403115384,0.0008810272500261057,-0.004746922724967867,0.999988345189897,-0.00763384161382042,0.0,0.0,0.0,1.0
1544581079975490000,0.9999995293901625,-0.00023812754923313985,0.0009404864297527102,0.017692742225033604,0.00023505111076306784,0.9999946263322921,0.0032698711771561757,-0.013829998940726524,-0.0009412600223008502,-0.0032696485759426443,0.9999942116971277,-0.002864266051410298,0.0,0.0,0.0,1.0
1544581080000752000,0.9999993951469405,-3.221107931402946e-05,-0.0010993944686431775,0.01263652038461241,3.704748663662803e-05,0.9999903218241591,0.0043994187680046395,0.0030587856062893946,0.001099242118483325,-0.0043994568368046225,0.9999897181702936,-0.01167947882035501,0.0,0.0,0.0,1.0
1544581080076334000,0.9999996457306234,-0.0002632712681507839,0.0007995166450442346,0.01569861251924508,0.0002605666091816111,0.9999942501521412,0.003381089720895058,-0.012304603062579819,-0.0008004021917236926,-0.0033808801957373276,0.9999939644845024,-0.004034300596462078,0.0,0.0,0.0,1.0
1544581080101612000,0.9999994921030193,-0.0001236290814804428,-0.0010002547434493278,0.013985792395821676,0.00012806839366110654,0.9999901379008359,0.004439335485726281,-0.004195165491821621,0.0009996960478693725,-0.004439461332019437,0.9999896458418418,-0.00641053188598224,0.0,0.0,0.0,1.0
1544581080177215000,0.9999997531458048,-0.0002241210209314808,0.0006659415116813355,0.014108486535254988,0.0002217670892960429,0.9999937353483258,0.0035327161593225577,-0.010778744284643427,-0.0006667290957419838,-0.003532567603346047,0.9999935381983436,-0.005132629112893428,0.0,0.0,0.0,1.0
1544581080202455000,0.999999621709939,-0.0004176540790828495,-0.0007629843026608819,0.0019754115117275066,0.000421188810337055,0.9999891534039362,0.004638499160988866,-0.012204463995691443,0.0007610387387829413,-0.00463881876674148,0.999988951029204,-0.010056760556431857,0.0,0.0,0.0,1.0
1544581080278056000,0.9999999199374785,-0.00021804209567561006,0.0003355334280309236,0.012823235284696994,0.0002167781107437669,0.9999928981713642,0.0037625276190602335,-0.00937178770089695,-0.0003363514345370943,-0.0037624545815201486,0.9999928653761653,-0.006190993832411413,0.0,0.0,0.0,1.0
1544581080303314000,0.9999996330434632,-0.0003963026930851449,-0.0007595111000158213,0.004024270049662916,0.00039978997566746745,0.9999893545359501,0.004596844868708028,-0.005798816669018399,0.0007576812726665447,-0.004597146826789962,0.9999891460211671,-0.012581296146333975,0.0,0.0,0.0,1.0
1544581080378907000,0.9999999657518586,-0.0002580423382129898,4.370850943910698e-05,0.011688808735100448,0.00025786923190073156,0.9999923022160879,0.003915228221658612,-0.008210924854433045,-4.4718467625381066e-05,-0.0039152168164895505,0.9999923345093885,-0.007067952981168229,0.0,0.0,0.0,1.0
1544581080404171000,0.9999995207200352,3.272342844573676e-05,-0.0009785136044217833,0.006479104522147581,-2.859736639341066e-05,0.9999911106228273,0.0042163796690332135,-0.004544790115068035,0.0009786428804436857,-0.004216349665294856,0.9999906322829286,-0.011805684176489521,0.0,0.0,0.0,1.0
1544581080479758000,0.999999949062171,-0.00026392174877825963,-0.00017950199013372372,0.010923825581981095,0.00026465123394594234,0.9999916575271804,0.004076129999195221,-0.007213793238535611,0.00017842471328562948,-0.004076177296989178,0.9999916764369899,-0.00787515730038364,0.0,0.0,0.0,1.0
1544581080505041000,0.99999970355314,-0.00035151215236017857,-0.0006850787069520624,0.0032878597148883392,0.0003545842380171805,0.999989860038596,0.004489330685727171,-0.005481490482040185,0.0006834937059884191,-0.004489572272990468,0.9999896882354132,-0.012909074249429118,0.0,0.0,0.0,1.0
1544581080580597000,0.9999998898436805,-0.0002509925645548913,-0.0003966300028715956,0.010393822006726353,0.0002526496689745853,0.9999912174273768,0.004183447891241389,-0.006228656702024181,0.0003955765051249108,-0.004183547638847083,0.9999911706852103,-0.008553210049375818,0.0,0.0,0.0,1.0
1544581080605914000,0.9999997141913806,-0.00025527369616643475,-0.0007116547582135265,0.010004305333921881,0.00025838606085726426,0.9999903885438501,0.004376763251893394,-0.005353217748955747,0.0007105306456424649,-0.004376945882646379,0.9999901686971433,-0.009160673702106735,0.0,0.0,0.0,1.0
1544581080681471000,0.9999997141913806,-0.00025527369616643475,-0.0007116547582135265,0.010004305333921881,0.00025838606085726426,0.9999903885438501,0.004376763251893394,-0.005353217748955747,0.0007105306456424649,-0.004376945882646379,0.9999901686971433,-0.009160673702106735,0.0,0.0,0.0,1.0
1544581080706768000,0.9999996751221568,-0.0002260021041181565,-0.0007737432573083589,0.006819315276253596,0.00022938908620664353,0.9999903809571007,0.00438011117636978,-0.007471171380863144,0.0007727459002966451,-0.004380287241627448,0.9999901079248018,-0.01073056522237888,0.0,0.0,0.0,1.0
1544581080782325000,0.999999435980067,-0.0003003503542695222,-0.001018739028655548,0.009893243418427277,0.00030494974603102667,0.9999897489036174,0.0045176424528073165,-0.0046795638844200176,0.001017371709952412,-0.004517950568974985,0.9999892764812327,-0.009685379978077637,0.0,0.0,0.0,1.0
1544581080807615000,0.999999676970122,-0.00027627609677257855,-0.0007548053847576177,0.0051731623609193094,0.00027961063166616817,0.9999901872973969,0.004421213273715607,-0.008738095754231729,0.0007535765025305874,-0.004421422897142025,0.9999899415204236,-0.010238020592339261,0.0,0.0,0.0,1.0
1544581080869667311,0.9999988942358543,-0.00024796423064948013,-0.0014663017452783277,0.00998104920095856,0.0002547553552225885,0.9999892347167666,0.004633092950210745,-0.004088075878492705,0.0014651371187957994,-0.004633461375324645,0.999988192134741,-0.010103255535375487,0.0,0.0,0.0,1.0
1544581080883186000,0.9999988942358543,-0.00024796423064948013,-0.0014663017452783277,0.00998104920095856,0.0002547553552225885,0.9999892347167666,0.004633092950210745,-0.004088075878492705,0.0014651371187957994,-0.004633461375324645,0.999988192134741,-0.010103255535375487,0.0,0.0,0.0,1.0
1544581080908513000,0.9999996556943044,-0.0001426123490795821,-0.0008174796576946457,0.005765844141481499,0.0001461307470730483,0.9999907205495302,0.004305515141453186,-0.005282067229569191,0.0008168580523043336,-0.004305633117952884,0.99999039708708,-0.009153804002415767,0.0,0.0,0.0,1.0
1544581080984022000,0.9999981127731968,-0.00023181015013656786,-0.001928915263994568,0.010180646666104225,0.0002409997271866274,0.9999886170973242,0.0047652486725842155,-0.003483810801104496,0.001927788674329621,-0.004765704547531588,0.9999867857581889,-0.010484931552414981,0.0,0.0,0.0,1.0
1544581081009369000,0.9999996477452663,-0.00018680306515351543,-0.0008182994299343453,0.010831593330271998,0.00019035450049690241,0.999990554949897,0.004342093522776971,-0.0052411241028083744,0.0008174805846759963,-0.004342247760233213,0.9999902382572946,-0.0064901521098603915,0.0,0.0,0.0,1.0
1544581081084879000,0.9999969460290268,-0.00022425216858227434,-0.002461228063744829,0.010542790982047688,0.00023646554001783594,0.999987655590363,0.004963139221927513,-0.0029379607472926933,0.002460084686603916,-0.0049637060602676,0.9999846546850022,-0.010821376536712236,0.0,0.0,0.0,1.0
1544581081110204000,0.9999997234722862,-0.0004015445192971745,-0.0006259531515571229,-0.0035133685768102916,0.0004043421699687996,0.9999899021496802,0.00447572408458983,-0.006082220466298512,0.0006241496282998405,-0.004475975946183675,0.9999897879861426,-0.012780489826165642,0.0,0.0,0.0,1.0
1544581081185751000,0.9999960801643141,-0.00022802131356670701,-0.002790638329724161,0.01095462645642307,0.00024193945728025515,0.9999875299844844,0.004988119969421346,-0.002516993064540007,0.002789466132753247,-0.0049887755823336336,0.9999836653650327,-0.011080092813701368,0.0,0.0,0.0,1.0
1544581081211059000,0.9999996946739637,-0.0003364172554485078,-0.0007053193677912556,-0.0028516735102289,0.0003395326610875754,0.9999901672266802,0.004421557138395817,-0.009543739280449286,0.0007038249444284918,-0.004421795267341154,0.9999899761282915,-0.009757509081430252,0.0,0.0,0.0,1.0
1544581081286619000,0.999995454582813,-0.0002472753968271743,-0.0030049406968880614,0.011297797439716161,0.0002627715774345542,0.9999866649652019,0.005157600495405248,-0.002110562971608524,0.003003625278190134,-0.005158366664966326,0.9999821845855751,-0.01127295264837756,0.0,0.0,0.0,1.0
1544581081311904000,0.9999997049670782,-0.00041722535873551505,-0.0006449719033300737,-0.005057107502415737,0.00042010157898215127,0.9999899401743,0.004465765876532255,-0.009288793154743083,0.0006431021842552807,-0.004466035512699279,0.9999898204213783,-0.010116041397349614,0.0,0.0,0.0,1.0
1544581081387473000,0.9999946573602587,-0.0002791153906284013,-0.0032568920053264124,0.01164469687522852,0.00029614005209849297,0.9999862902660183,0.005227961464603002,-0.001699282092320364,0.003255388149697039,-0.005228898029656449,0.9999810303567711,-0.011463973705031041,0.0,0.0,0.0,1.0
1544581081412787000,0.9999994770051696,-1.2986850380185315e-05,-0.0010226537677044652,0.010114929963698371,1.7309251610660834e-05,0.9999910670761629,0.004226756234479364,0.0013045164198963362,0.001022589740165438,-0.004226771725279078,0.9999905443107981,-0.010084853738551575,0.0,0.0,0.0,1.0
1544581081488335000,0.9999939806731536,-0.00019280540267691972,-0.003464309965525912,0.011961221257550019,0.00021084846188519282,0.9999864126141391,0.0052086591394567205,-0.001332102887905121,0.0034632586369868932,-0.005209358231262649,0.9999804340218023,-0.011600472186132915,0.0,0.0,0.0,1.0
1544581081513630000,0.9999996735626395,-0.0003890804505865065,-0.0007081603049297923,0.0033064165117539243,0.00039227411687893905,0.999989729179781,0.004515269201890313,-0.0013407774369753524,0.0007063962285670277,-0.004515545520895967,0.9999895553719635,-0.00945776786040281,0.0,0.0,0.0,1.0
1544581081589200000,0.9999933575648209,-0.00011252969062194772,-0.003643098036693637,0.012238276183353632,0.00013133450697643616,0.9999866684876756,0.005161937443095516,-0.000976852384748359,0.003642468597463792,-0.00516238161974517,0.9999800409200819,-0.011737510221215936,0.0,0.0,0.0,1.0
1544581081614489000,0.999999575498127,-0.0001541317871588347,-0.0009084310414806506,0.00641100716395058,0.00015803462092984374,0.9999907522247801,0.004297730793921132,-0.0016285863698433985,0.0009077602235865842,-0.004297872533081638,0.9999903520849908,-0.008443273575812335,0.0,0.0,0.0,1.0
1544581081690083000,0.9999927942982176,-0.00013292706519589073,-0.003793900636217028,0.012474490919188416,0.00015258729292404345,0.9999865604474087,0.00518224291964663,-0.0006005367647953617,0.003793160787547466,-0.005182784478977272,0.9999793751254494,-0.011833086597443157,0.0,0.0,0.0,1.0
1544581081715321000,0.9999996761999537,-0.00036424662764934725,-0.0007175823180232212,-0.007090664624446909,0.00036743445123679856,0.9999900430369434,0.004447338405929662,-0.004339543326292238,0.0007159552450662196,-0.004447600630346513,0.9999898530768803,-0.012023853342379714,0.0,0.0,0.0,1.0
1544581081790933000,0.9999924688289311,-0.00016660525272623448,-0.0038774383437012085,0.012593969788808938,0.0001867689082541657,0.9999864600189043,0.005200470770615601,-0.00020035785341160524,0.0038765194175123183,-0.005201155789906863,0.999978960066488,-0.011919951960681706,0.0,0.0,0.0,1.0
1544581081816204000,0.9999995962606892,-0.00020086137822558005,-0.0008758613836701261,0.006513488808851697,0.00020465612152514867,0.9999905844215091,0.004334649259221314,5.22800082247508e-05,0.0008749824733041908,-0.00433482675954678,0.9999902217935106,-0.0061997639417704494,0.0,0.0,0.0,1.0
1544581081870447889,0.9999995962606892,-0.00020086137822558005,-0.0008758613836701261,0.006513488808851697,0.00020465612152514867,0.9999905844215091,0.004334649259221314,5.22800082247508e-05,0.0008749824733041908,-0.00433482675954678,0.9999902217935106,-0.0061997639417704494,0.0,0.0,0.0,1.0
1544581081891773000,0.9999928535138729,-0.00010605183773207801,-0.0037791102375450618,0.01261744679834337,0.0001249303080925827,0.9999875141368777,0.004995594335653062,0.0001980763581658496,0.0037785332601320593,-0.004996030760113729,0.999980380989071,-0.011949253664456955,0.0,0.0,0.0,1.0
1544581081917039000,0.9999996432118288,-0.00039401048417123693,-0.0007472161354910688,0.0031194443829603087,0.0003973843801027291,0.9999897034052162,0.004520527535862645,0.0003403368790760177,0.0007454273064661937,-0.004520822855012692,0.9999895031943311,-0.007176524887440015,0.0,0.0,0.0,1.0
1544581081992654000,0.9999930326843434,-0.00010373981839119772,-0.003731463629727091,0.012562536083866286,0.000121883895994639,0.999988170270567,0.004862557273577444,0.000598942969319226,0.003730915046713491,-0.004862978199930958,0.999981215681546,-0.011912816327213574,0.0,0.0,0.0,1.0
1544581082017918000,0.9999996416117075,-0.0002474153288194368,-0.0008096679010704406,-0.0069929685962207555,0.00025093455195243674,0.9999905103059696,0.0043492907303036435,-0.008445072325229923,0.0008085841363736206,-0.004349492345220736,0.9999902140061345,-0.006772247934468071,0.0,0.0,0.0,1.0
1544581082093496000,0.9999941270795538,-1.9967644009702903e-05,-0.003427157378366803,0.012407928883050999,3.579000621596207e-05,0.9999893420639623,0.004616760504818065,0.0010040409288868783,0.003427028666112434,-0.004616856048934751,0.9999834699207514,-0.011832414755075163,0.0,0.0,0.0,1.0
1544581082118800000,0.9999996376680435,-0.0003201236040002608,-0.0007887868267048338,-0.008443193918155808,0.00032361602904391456,0.9999901287218634,0.00443144801358786,-0.0074182271512971245,0.0007873604292616293,-0.004431701671993249,0.9999898699906137,-0.008709804853118775,0.0,0.0,0.0,1.0
1544581082194360000,0.9999947881512484,-5.592204545010737e-05,-0.0032280865952414987,0.012203027921614481,7.09631150688625e-05,0.9999891418989356,0.004659511612574829,0.0013465012498425273,0.003227790974930841,-0.004659716402985546,0.9999839340751758,-0.011697085163564536,0.0,0.0,0.0,1.0
1544581082219635000,0.9999995076846645,-5.294935596716301e-05,-0.0009908717324802775,0.009646519436584611,5.711421430830694e-05,0.9999911629076511,0.004203670368968612,0.0067244170296140125,0.0009906403944165353,-0.0042037248922977,0.9999906736208289,-0.006664405603349754,0.0,0.0,0.0,1.0
1544581082295173000,0.999995072241847,3.263739285082485e-06,-0.003139344098884014,0.011984843768961388,1.1104854137363989e-05,0.9999895258176227,0.004576912903713078,0.0016104068158184456,0.003139326154671835,-0.004576925211751489,0.9999845980748403,-0.011488893287343706,0.0,0.0,0.0,1.0
1544581082320494000,0.9999996108842409,-0.00022974261267969123,-0.0008517333483139853,0.003167617081507111,0.0002334356546580605,0.999990562058452,0.00433835243099032,0.0005546411910152514,0.0008507286052822103,-0.0043385495678007705,0.9999902265764851,-0.003999688616559392,0.0,0.0,0.0,1.0
1544581082396029000,0.9999951788292185,-9.940723377796295e-05,-0.0031036166840347807,0.011737072514695291,0.0001135056477251545,0.9999896753063526,0.00454273014409628,0.0017886591741598445,0.003103133059905897,-0.004543060520840438,0.9999848654686316,-0.011175037650864313,0.0,0.0,0.0,1.0
