1544581075865572000,0.9999999779192251,1.4398464771302773e-05,-0.0002096526536823377,1.1513754387686601e-06,-1.4379961428580519e-05,0.9999999960018388,8.825837566589346e-05,-6.176427313046883e-07,0.00020965392362922748,-8.825535892000993e-05,0.9999999741281127,-1.5932237640021096e-06,0.0,0.0,0.0,1.0
1544581075870678975,0.9999999779192251,1.4398464771302773e-05,-0.0002096526536823377,1.1513754387686601e-06,-1.4379961428580519e-05,0.9999999960018388,8.825837566589346e-05,-6.176427313046883e-07,0.00020965392362922748,-8.825535892000993e-05,0.9999999741281127,-1.5932237640021096e-06,0.0,0.0,0.0,1.0
1544581075941185000,0.9999997976590597,-0.0001354845758622902,-0.000621551101001293,-0.006240981588269973,0.00013601110140404446,0.999999631917668,0.0008471514084042585,0.0015232172950978467,0.00062143609627006,-0.0008472357748406703,0.9999994480042069,-0.0024019353908082994,0.0,0.0,0.0,1.0
1544581075966432000,0.9999998810399205,-0.00023008275274618355,-0.00043009542022720706,-0.005405571238162622,0.00023034349785044944,0.9999997896721375,0.0006062982378259018,-0.014112177816248996,0.0004299558309986129,-0.0006063972353841201,0.9999997237101493,-0.003703882732626186,0.0,0.0,0.0,1.0
1544581076042026000,0.9999996756875837,1.6059635924598519e-06,-0.0008053708104813105,0.0002148826408880774,-1.0510020031352832e-06,0.9999997625866787,0.0006890758165890149,-0.00022531215928333796,0.0008053717259062264,-0.0006890747466668379,0.999999438276032,-0.0002200135703816958,0.0,0.0,0.0,1.0
1544581076067302000,0.9999997945301883,-0.00022439158582181708,-0.0006004897965888277,-0.0014872256531591964,0.0002248507387691298,0.99999968235902,0.0007646724820678666,-0.012772722109683244,0.0006003180197777751,-0.0007648073455251382,0.9999995273438896,0.0014246347178843437,0.0,0.0,0.0,1.0
1544581076142905000,0.9999994125904494,-2.536609860852549e-05,-0.001083593704522716,0.0005831995897873691,2.6350583205231548e-05,0.9999995869375066,0.0009085320372201478,-0.0008303125901931213,0.0010835702110175553,-0.0009085600568658274,0.9999990001966105,-0.00026992712088654653,0.0,0.0,0.0,1.0
1544581076168147000,0.9999994212979985,3.688020741403762e-05,-0.0010751946422282899,0.010438096877016006,-3.57999540953228e-05,0.9999994946411488,0.0010047068279799445,0.003693343792271187,0.001075231152665367,-0.0010046677546352604,0.9999989172597492,-0.0003587211672100221,0.0,0.0,0.0,1.0
1544581076243752000,0.9999989172237513,2.6223485846245247e-05,-0.0014713475651978185,0.0011498786739218608,-2.4560430025519553e-05,0.9999993609079902,0.001130301020832301,-0.001391397078916998,0.0014713762653041623,-0.0011302636600402805,0.9999982787764901,-0.0004355894929187868,0.0,0.0,0.0,1.0
1544581076269035000,0.9999994342798532,-0.00042168107702900766,-0.0009765372705763318,-0.004265608988804763,0.0004231086984893327,0.9999988415076386,0.0014621772834648883,-0.017128905879047782,0.0009759195667736693,-0.001462589637695323,0.9999984542050815,0.002184124977448086,0.0,0.0,0.0,1.0
1544581076344594000,0.9999985823538582,4.253883935699356e-05,-0.0016832946034999203,0.0016028296419666993,-4.023120422405843e-05,0.9999990594876692,0.001370914011982171,-0.0017427092152240012,0.0016833513374315153,-0.0013708443475422447,0.9999976435542489,-0.0006649546497011246,0.0,0.0,0.0,1.0
1544581076369874000,0.9999990384727019,-0.0003268334383411991,-0.001347677102040803,-0.001337333468520323,0.00032924408562126184,0.9999983457005095,0.0017889087672458871,-0.013197230443351107,0.0013470901973759832,-0.0017893507618764468,0.9999974917827795,0.0008091576815986547,0.0,0.0,0.0,1.0
1544581076445429000,0.9999980350874865,6.797737928980572e-05,-0.001981211811991739,0.002314046467360206,-6.442404457562789e-05,0.9999983895584957,0.0017935244513861118,-0.0019510256327723223,0.0019813305404579053,-0.0017933932895893788,0.9999964290285223,-0.0008334024281038559,0.0,0.0,0.0,1.0
1544581076470749000,0.9999980057430927,0.0001331826480637459,-0.001992679657994577,0.011559531587292459,-0.0001297128125628506,0.9999984754900315,0.0017413190972991556,-7.88698487473917e-05,0.001992908533623079,-0.001741057148578539,0.99999649851166,-0.002314329585684782,0.0,0.0,0.0,1.0
1544581076546286000,0.9999975666925229,0.0001175584847995007,-0.002202904682242019,0.0030377367832918304,-0.00011305322161009651,0.9999979022683736,0.0020451596080413685,-0.0024675495429803593,0.0022031404870038944,-0.0020449055860679646,0.9999954822563629,-0.0010334499870326792,0.0,0.0,0.0,1.0
1544581076571591000,0.9999981762528537,-0.00025837834297228916,-0.0018922821124424157,0.0006499964695533768,0.00026248625818759417,0.99999760903059,0.0021709523407820465,-0.006947680106167591,0.00189171666098529,-0.002171445079565044,0.9999958531085716,-0.004462274534857435,0.0,0.0,0.0,1.0
1544581076647142000,0.9999967954373316,0.0001328650757987314,-0.0025281340818966336,0.003615571147526111,-0.0001272929246206166,0.9999975628887111,0.0022040900952081896,-0.0028562863392398185,0.0025284207671500934,-0.002203761218482237,0.9999943752466375,-0.0013525572907040905,0.0,0.0,0.0,1.0
1544581076672466000,0.9999970607680921,9.758693512862355e-06,-0.0024245329331118843,0.006738580581757443,-4.041170030297458e-06,0.9999972194589926,0.0023581895498059773,-0.005281956464032651,0.0024245492044477034,-0.0023581728205901735,0.9999942802746928,-0.003655867570968209,0.0,0.0,0.0,1.0
1544581076747999000,0.9999962350843178,0.0001694608246726704,-0.00273881365191851,0.004293814436163519,-0.00016265410752873874,0.9999968983814235,0.0024853110817868356,-0.0029645375379173254,0.002739226320028696,-0.002484856245509922,0.999993161040918,-0.0017511638121690174,0.0,0.0,0.0,1.0
1544581076773322000,0.9999970331828893,-0.00021944919007070045,-0.0024259982422907716,0.001712393529697815,0.00022601246514122322,0.9999963147266464,0.0027054484824746107,-0.008440607386756052,0.002425395593345831,-0.0027059887617469276,0.9999933975187224,-0.0019123248195335707,0.0,0.0,0.0,1.0
1544581076848878000,0.9999956369908815,0.00024621349574801096,-0.0029437014305062144,0.004895692978253359,-0.00023834929404553272,0.9999964028984326,0.0026715875075293024,-0.002877566028157073,0.0029443486226125998,-0.0026708742222108076,0.999992098589823,-0.0023151017036955,0.0,0.0,0.0,1.0
1544581076869491124,0.9999955358270669,0.00023645042801670975,-0.0029786602917298453,0.004972372615765089,-0.0002282828791567173,0.9999962144827573,0.002742062560713042,-0.002875599981776741,0.0029792973778260687,-0.00274137034252415,0.9999918043043046,-0.0023991275349458364,0.0,0.0,0.0,1.0
1544581076874177000,0.999995765669659,-7.39877251773238e-05,-0.0029091525515516185,0.010667093123388299,8.273357852495431e-05,0.9999954775934473,0.0030063179822622864,-0.008021680455900987,0.002908916964552384,-0.003006545937119906,0.9999912494035235,-0.0015595847336737755,0.0,0.0,0.0,1.0
1544581076949745000,0.9999962987422034,-6.450040810361795e-05,-0.0027199892636986253,0.011044684282382542,7.219906779737811e-05,0.9999959918104202,0.0028303975677325564,-0.008062841817652698,0.0027197957996677818,-0.002830583472390743,0.9999922952243266,-0.0020652093368428853,0.0,0.0,0.0,1.0
1544581076975008000,0.9999965498694097,-0.0004210202068298735,-0.002592873166755053,-0.0027107219794110663,0.0004293430929587932,0.9999947551616635,0.0032101890400190276,-0.013837766602619452,0.0025915080131008747,-0.003211291196632693,0.9999914858112896,-0.0025122385666871325,0.0,0.0,0.0,1.0
1544581077050614000,0.9999969858783245,-3.734641839161129e-05,-0.002454962221596313,0.011396288539056705,4.400947597136256e-05,0.999996315800604,0.0027141201859832687,-0.007889504220315603,0.0024548518143579514,-0.00271422004689568,0.9999933033336301,-0.0026480330742761475,0.0,0.0,0.0,1.0
1544581077075900000,0.9999959533844988,-0.00020056951577751648,-0.002837778444154578,0.00954863229691282,0.00020929722615512013,0.9999952484879112,0.003075580639013618,-0.009843664597099984,0.00283714809269651,-0.0030761621324781273,0.9999912438702827,-0.0012380391693282875,0.0,0.0,0.0,1.0
1544581077151472000,0.9999976020635457,-8.693688286167337e-05,-0.0021882205415387503,0.011494857683352781,9.256331991823725e-05,0.9999966899993264,0.0025712686403921376,-0.007526927134437753,0.002187989760446694,-0.0025714650236113583,0.9999943001179769,-0.0031617492215007628,0.0,0.0,0.0,1.0
1544581077176723000,0.999995950061428,-8.744208370551075e-05,-0.0028446818138235267,0.005563487101352581,9.590640559144423e-05,0.9999955686221823,0.00297548953230274,-0.006245155565703061,0.0028444090249589,-0.002975750304960737,0.9999915270878151,-0.003772662566782308,0.0,0.0,0.0,1.0
1544581077252319000,0.9999983932054665,-8.284754824612455e-05,-0.001790732467837635,0.011369857216366411,8.704429029888918e-05,0.9999972498865333,0.0023436387656938455,-0.00706683966485176,0.0017905333783944585,-0.0023437908729846565,0.9999956503078233,-0.0035530412078557602,0.0,0.0,0.0,1.0
1544581077277591000,0.999996128441582,-0.00010732115420081394,-0.002780572605813681,-0.0017978847166942335,0.00011547940460368084,0.9999956890753762,0.0029340237165274637,-0.007486251221349587,0.0027802457361630617,-0.0029343334561522144,0.9999918299270322,-0.006345246348686511,0.0,0.0,0.0,1.0
1544581077353174000,0.9999989865022708,-8.720753936829683e-05,-0.0014210521712562539,0.011147966944566717,9.015122068469901e-05,0.99999785027904,0.002071547744504454,-0.0065158641051369995,0.0014208684618091313,-0.002071673754583407,0.9999968446453559,-0.0037791207450427076,0.0,0.0,0.0,1.0
1544581077378439000,0.999996355901948,-0.0003690779465996785,-0.0026743156676982175,0.0004615200263190668,0.00037760111210785385,0.9999948494405666,0.0031872417132813645,-0.011933970495211239,0.0026731255528495692,-0.0031882399232302937,0.999991344725528,-0.003939829863638251,0.0,0.0,0.0,1.0
1544581077454034000,0.9999992621161579,-0.00014464303385247805,-0.0012061697778085333,0.010711252139422357,0.00014689533265182467,0.9999982455518025,0.0018674354288924575,-0.005870553378670346,0.0012058975501201901,-0.001867611231652781,0.9999975289166396,-0.00390585742315612,0.0,0.0,0.0,1.0
1544581077479297000,0.9999962451404618,-0.00027050209865408533,-0.002727000841606558,-0.0005823138493438392,0.00027896740228868503,0.9999951425766057,0.0031043518451551594,-0.009617462952488118,0.002726147861719812,-0.003105100933090842,0.9999914631965766,-0.005809556426524449,0.0,0.0,0.0,1.0
1544581077554891000,0.9999995138250637,-0.00011792423970794886,-0.0009790012821029835,0.010135397637999775,0.00011970483450436897,0.9999983385850633,0.0018189276690076792,-0.0051039428721539205,0.0009787851599131858,-0.0018190439758770823,0.9999978665270388,-0.003856209266745328,0.0,0.0,0.0,1.0
1544581077580179000,0.9999956024849169,3.0006526583126367e-05,-0.002965486542338711,0.013637942515180503,-2.1340939175748014e-05,0.9999957303255853,0.0029221353773263453,-0.00032541603115277874,0.0029655615638095726,-0.0029220592409240197,0.999991333469647,-0.0035133045893564075,0.0,0.0,0.0,1.0
1544581077655751000,0.9999998025016142,-0.00013506870644769384,-0.0006138022307591782,0.009496616473097685,0.00013610782925305685,0.999998557270812,0.0016932013924825786,-0.004286736484192521,0.0006135726466869611,-0.0016932846013672383,0.9999983781566175,-0.0035875378158964975,0.0,0.0,0.0,1.0
1544581077681037000,0.99999632510061,-0.00025578903941562335,-0.0026989548420650305,0.0026462620736374554,0.0002640921221414339,0.9999952326935311,0.003076498913258651,-0.008457130896708295,0.0026981550406183622,-0.0030772003801464764,0.9999916253635309,-0.001867036999724486,0.0,0.0,0.0,1.0
1544581077756597000,0.99999998210599,-7.54337155457847e-05,-0.00017348710628126794,0.00880683639377073,7.566845196142954e-05,0.9999990812369742,0.0013534398743288828,-0.0035569787756927255,0.0001733848518892446,-0.0013534529776111743,0.9999990690509313,-0.003225682265752511,0.0,0.0,0.0,1.0
1544581077781896000,0.9999963710084603,-0.00027696428373867783,-0.0026797874341984553,0.00184237269768473,0.0002852287262109729,0.9999952034704406,0.0030841012766664633,-0.008880988327660277,0.002678920394617747,-0.0030848544368454077,0.9999916534944794,-0.0030546115059714813,0.0,0.0,0.0,1.0
1544581077857448000,0.99999995948175,-1.4446714220139574e-05,0.0002843022845124579,0.008118587660298935,1.4155709747575767e-05,0.9999994760728241,0.0010235495561453564,-0.002794589341976332,-0.00028431692248668346,-0.0010235454901723006,0.9999994357590987,-0.0027284951121957233,0.0,0.0,0.0,1.0
1544581077870217147,0.9999999502293276,-1.3108054880203964e-05,0.0003152293156735463,0.008083867673429387,1.2793867638805584e-05,0.9999995032369127,0.0009966755976056803,-0.002754479728922202,-0.0003152422235576793,-0.0009966715149983168,0.9999994536339655,-0.0026958106391526105,0.0,0.0,0.0,1.0
1544581077882757000,0.999996358267444,-0.0002857895119580123,-0.0026836125282344962,0.004271733211220664,0.0002940451071933112,0.9999952246118281,0.0030764087850337963,-0.010548967496164538,0.0026827205075777107,-0.003077186684709304,0.9999916669316727,-0.00023892660052299373,0.0,0.0,0.0,1.0
1544581077958298000,0.9999996939538811,3.312145341409176e-05,0.0007816617645201861,0.007476539554806622,-3.365920315180131e-05,0.9999997627931873,0.0006879539431458887,-0.0020468421108669034,-0.0007816387930701999,-0.0006879800427123748,0.999999457861982,-0.002118169596235513,0.0,0.0,0.0,1.0
1544581077983586000,0.9999962534853116,-0.00021734043663052308,-0.002728695379686769,0.006535716175556064,0.00022551630563821207,0.9999954856373681,0.0029963056052059326,-0.006506873168935033,0.002728031842997802,-0.0029969097448042125,0.9999917881534047,-0.003569790794702809,0.0,0.0,0.0,1.0
1544581078059149000,0.999999378315546,-1.839361476223149e-05,0.0011149126404676915,0.0067805936084312565,1.7921841638193346e-05,0.999999910308656,0.0004231565765082243,-0.0012654253761766893,-0.0011149203238487186,-0.0004231363321505685,0.9999992889539062,-0.0013634259970546298,0.0,0.0,0.0,1.0
1544581078084444000,0.9999959946629641,-9.970196711655679e-05,-0.002828553967619351,0.008072780613585679,0.0001080702893811724,0.9999956177379962,0.0029585174695606507,-0.006393425821591283,0.0028282466021433026,-0.0029588113023468706,0.9999916231933328,-0.0016841859420824315,0.0,0.0,0.0,1.0
1544581078160006000,0.9999987100448773,2.3031812281856215e-05,0.0016060442447102612,0.006183343713737925,-2.3572009066663467e-05,0.9999999431618153,0.00033633425036183503,-0.0006063671475351905,-0.001606036407038298,-0.0003363716741952325,0.9999986537496723,-0.0004945474902749762,0.0,0.0,0.0,1.0
1544581078185359000,0.9999958423815477,-8.001307384203208e-05,-0.002882501955533097,0.008461426679078985,8.863625140667468e-05,0.9999955213566977,0.002991556478345151,-0.008738336745999433,0.0028822496822056144,-0.0029917995347627595,0.999991370848924,-0.002175589602567684,0.0,0.0,0.0,1.0
1544581078260887000,0.9999979463321855,0.00012003386192564266,0.002023097446665294,0.005719090463666519,-0.00012013105096737255,0.9999999916361839,4.7918273335506014e-05,-7.191578263967993e-05,-0.0020230916779290678,-4.8161211749757535e-05,0.9999979523881839,0.0005791802111354892,0.0,0.0,0.0,1.0
1544581078286210000,0.9999958981846042,6.510444131260745e-06,-0.00286418776931468,0.0052356369432925666,1.684681723598636e-06,0.9999959066793143,0.002861227320024074,-0.0054114047511179195,0.002864194673136254,-0.002861220409042603,0.9999918048697429,-0.0026789768851748106,0.0,0.0,0.0,1.0
1544581078361754000,0.9999967601165958,0.0001253243320562581,0.002542449630265592,0.005387817346949424,-0.00012504819973597692,0.9999999862662958,-0.00010876744120133664,0.0004326323231816089,-0.0025424632265552472,0.0001084491600583391,0.9999967620545183,0.0018309211263843432,0.0,0.0,0.0,1.0
1544581078387072000,0.9999959755943905,-0.00010259231617401923,-0.002835184268913844,0.004733494945702837,0.0001111049348410896,0.9999954863210617,0.0030024978262726248,-0.009609351692388792,0.0028348634385960167,-0.003002800745966991,0.9999914733321313,-0.0017022870983942442,0.0,0.0,0.0,1.0
1544581078462638000,0.9999956363135512,7.616936710851117e-05,0.0029532274013599133,0.005346608853865399,-7.561953686418749e-05,0.9999999797887379,-0.0001862906610251052,0.0008675003731714337,-0.0029532415313131854,0.00018606652642273855,0.9999956218622692,0.0033005802522569263,0.0,0.0,0.0,1.0
1544581078487902000,0.999996041529777,-0.00011898216425403504,-0.002811186229768606,0.002322134301172246,0.00012740118476364335,0.9999955073434358,0.0029948392079590692,-0.010390559009519556,0.0028108172676237805,-0.0029951855014335098,0.9999915640494675,-0.003129579651410915,0.0,0.0,0.0,1.0
1544581078563482000,0.9999944409414154,0.0001971977648466766,0.0033285431205866568,0.005533437367138456,-0.00019601292780859684,0.9999999173199199,-0.00035628511877590905,0.0011105681409437798,-0.0033286131040115006,0.0003556307006836703,0.999994396915107,0.004953216337751352,0.0,0.0,0.0,1.0
1544581078588760000,0.9999964544890992,-0.0003223475954192516,-0.0026433125545705267,0.0017780060946932326,0.00033052471091738085,0.9999951600065491,0.003093657526517646,-0.008693428921656747,0.002642302527890353,-0.003094520238039118,0.9999917210566529,-0.0038686039528012355,0.0,0.0,0.0,1.0
1544581078664329000,0.9999935708124797,0.00016396804754451204,0.0035821010846899554,0.005986133098472946,-0.00016206783641086513,0.9999998460151099,-0.0005307577325630507,0.0011752419531499247,-0.0035821875604096372,0.0005301737768494684,0.999993443402528,0.006743740698694415,0.0,0.0,0.0,1.0
1544581078689614000,0.9999963337614746,-0.0003164745442490393,-0.0026892949764966883,0.002530153573943863,0.000324913274150142,0.9999950235576454,0.003138039405343138,-0.009858310069759646,0.002688288483784616,-0.003138901688178139,0.9999914601641463,-0.003895498351575087,0.0,0.0,0.0,1.0
1544581078765205000,0.9999924583388563,0.0001474269548037782,0.003880918796355504,0.006821308242233143,-0.00014529508603622893,0.9999998384163108,-0.0005495968413530964,0.0010716589637963848,-0.003880999194651016,0.0005490288180495537,0.9999923181767989,0.00877709973872357,0.0,0.0,0.0,1.0
1544581078790447000,0.9999955979602178,2.396451453395745e-05,-0.0029670668825638458,0.00819117702844009,-1.5354653831210672e-05,0.9999957896587567,0.0029017975450193367,-0.003625116116987317,0.0029671239303692256,-0.0029017392129062325,0.9999913880054779,-0.007529271934931233,0.0,0.0,0.0,1.0
1544581078866018000,0.9999907937096832,0.0002355351327296493,0.004284509198796172,0.008114197646553648,-0.00023242836876115276,0.9999997097415608,-0.0007255989568896963,0.0008743074403397539,-0.004284678859227833,0.0007245964353310424,0.9999905581989659,0.011110464280652353,0.0,0.0,0.0,1.0
1544581078870590073,0.9999917872309482,-0.00012360775099337862,0.004050949490561375,0.005983660588558249,0.0001275626948073674,0.9999995155205005,-0.0009760566172515807,-0.0041923516021324485,-0.004050826879796091,0.0009765653511575637,0.9999913185231688,0.0059925199310111215,0.0,0.0,0.0,1.0
1544581078891305000,0.9999958582162722,-5.101503623094357e-05,-0.00287766359541221,0.006344336887126533,5.926749760703835e-05,0.9999958862342171,0.002867752081923918,-0.004147820038786434,0.002877505458901822,-0.0028679107562352628,0.9999917474910627,-0.00681234148023441,0.0,0.0,0.0,1.0
1544581078966895000,0.9999927217137975,-0.00010191902858036291,0.0038139391635257118,0.005209199236711593,0.00010425235622037835,0.9999998075411038,-0.0006115956172069954,-0.003267878193986805,-0.0038138760962679896,0.0006119887779833418,0.9999925398816014,0.004018103239210394,0.0,0.0,0.0,1.0
1544581078992163000,0.9999966139706785,-0.0004919242290010665,-0.002555397763178295,-0.0054953671500269875,0.0005002454267445533,0.999994571801998,0.0032567040168110404,-0.017544612669917418,0.002553781840360709,-0.003257971315560296,0.9999914318739023,-0.003133213829663782,0.0,0.0,0.0,1.0
1544581079067786000,0.9999935590832979,-2.2828729525509544e-05,0.0035890487273099957,0.004758146113627766,2.4321612608069917e-05,0.9999999132128324,-0.00041591199331212416,-0.002653734264797566,-0.00358903892108422,0.0004159966059104097,0.999993472851921,0.0022660183323378225,0.0,0.0,0.0,1.0
1544581079093020000,0.9999954087174696,-1.665691886170072e-05,-0.003030225490675589,0.015566470573919031,2.567011395516889e-05,0.9999955760857222,0.002974415914330624,-0.0038677254563206196,0.003030162540613225,-0.0029744800441804534,0.9999909852510891,-0.005316042507110528,0.0,0.0,0.0,1.0
1544581079168581000,0.9999946520608184,-1.879392940897621e-05,0.003270397001800741,0.004677860761009292,1.9488442594907037e-05,0.9999999772676964,-0.00021233183302546505,-0.0024391940527247508,-0.003270392936907592,0.0002123944324319827,0.9999946296949006,0.0008001904566315041,0.0,0.0,0.0,1.0
1544581079193904000,0.9999960000663143,-5.363179831203497e-05,-0.0028278923241344487,0.0028340109953761076,6.178606594993156e-05,0.9999958407801035,0.00288350567472224,-0.009371253445781645,0.002827725914713648,-0.002883668865232409,0.9999918441767548,-0.002962135639997044,0.0,0.0,0.0,1.0
1544581079269474000,0.9999953855888085,0.00010321142137220568,0.0030361403936308073,0.0048804592296431155,-0.00010292199569993103,0.999999990145035,-9.548292961133294e-05,-0.002614689737466295,-0.0030361502186386294,9.517000338531358e-05,0.9999953863566158,-0.0005515134637567583,0.0,0.0,0.0,1.0
1544581079294760000,0.999996178892124,-0.0001757028486025466,-0.0027588638345922285,0.0012041336898774206,0.00018399461273299023,0.9999954664469611,0.003005533481343694,-0.006855251167743303,0.0027583232463424673,-0.0030060296129588698,0.999991677684787,-0.004943035724675068,0.0,0.0,0.0,1.0
1544581079370323000,0.9999966572123612,0.00014410056028074737,0.0025816272253640113,0.005411080248145546,-0.00014470218376539756,0.9999999624198781,0.00023285514865635775,-0.002894181564767217,-0.0025815935737887514,-0.00023322793736821337,0.9999966404840297,-0.0016883103702350997,0.0,0.0,0.0,1.0
1544581079395622000,0.9999965840514615,-0.0004231684998575716,-0.0025793049120701557,-0.002596849825716835,0.00043141190185399527,0.9999947988891881,0.003196260055653266,-0.011393899947943192,0.0025779389402465856,-0.0031973618802309703,0.9999915655183443,-0.0033891216911881234,0.0,0.0,0.0,1.0
1544581079471170000,0.9999978474108105,9.449240121369352e-05,0.0020727385097970993,0.006221914102288625,-9.581059349664596e-05,0.9999997932407207,0.0006358764374273949,-0.003223644221943239,-0.002072677995747721,-0.000636073658953429,0.9999976497053514,-0.002628309118198752,0.0,0.0,0.0,1.0
1544581079496483000,0.9999956043296476,5.161508194343842e-05,-0.002964566960812179,0.012916017274553111,-4.3142785618072124e-05,0.9999959154197936,0.002857845767308638,0.00029956125241558236,0.002964702359744106,-0.0028577053054838837,0.9999915219942146,-0.0036206982425386175,0.0,0.0,0.0,1.0
1544581079572021000,0.9999985585730995,0.00012318454534446718,0.0016934217701015848,0.007218902745390038,-0.00012476798237769267,0.9999995551245066,0.0009349779358484671,-0.003985390454097123,-0.0016933058419077941,-0.0009351878729636843,0.9999981290677312,-0.003378742710817575,0.0,0.0,0.0,1.0
1544581079597337000,0.9999965550080981,-0.00041578095922625423,-0.0025917365078571316,-0.003722808689331089,0.0004240262486665302,0.9999948486735694,0.003181639210507035,-0.016747082453186665,0.002590400291973499,-0.0031827272140946728,0.9999915800014576,-0.0016954914988014677,0.0,0.0,0.0,1.0
1544581079672891000,0.9999989355524795,0.00020309338217838223,0.0014448691937254366,0.008429995132719165,-0.00020461571200073005,0.9999994240916862,0.001053541032969998,-0.0049731732172370305,-0.0014446543944015909,-0.001053835554469668,0.999998401200873,-0.0039276885051213704,0.0,0.0,0.0,1.0
1544581079698196000,0.9999957642105577,-1.823448622249281e-05,-0.002910537483715974,0.013930657577184058,2.659090248078554e-05,0.9999958780948595,0.0028710775354643067,-0.005882165078106512,0.0029104731341327967,-0.0028711427680027882,0.9999916428077487,0.0012542816843587768,0.0,0.0,0.0,1.0
1544581079773743000,0.9999992524164546,0.0002267670036451038,0.0012015586785966573,0.009807235721150161,-0.00022825198487440721,0.9999992102429647,0.0012358861112644393,-0.005942622546239182,-0.001201277471466926,-0.0012361594454896384,0.9999985144200265,-0.004299097153206705,0.0,0.0,0.0,1.0
1544581079799051000,0.999996254295911,-0.00024014681833424436,-0.0027264855861261197,-0.00036650481502088295,0.0002484751827466572,0.9999953035610469,0.003054687534432678,-0.014010838479811176,0.002725739207860605,-0.003055353556481357,0.9999916175450766,-0.0013212265627144991,0.0,0.0,0.0,1.0
1544581079869767217,0.9999996399295527,0.00022865586956833262,0.0008172253411687579,0.011255723614680493,-0.0002299048784128884,0.9999988052835309,0.0015285860320850171,-0.006888769195919762,-0.0008168748446478072,-0.0015287733657790591,0.9999984977826133,-0.004509343836864003,0.0,0.0,0.0,1.0
1544581079874614000,0.9999998115801974,-0.00010370977213302465,0.0006050486372378166,0.02108530687350396,0.00010282538147444297,0.9999989266731317,0.001461533278567584,-0.015996548547861117,-0.0006051995631061349,-0.0014614707888288276,0.9999987489175266,-0.00859643441814109,0.0,0.0,0.0,1.0
1544581079899882000,0.9999963750564969,-0.00035217688723137013,-0.0026694278983210836,0.000682249872648767,0.0003606387272319215,0.9999949102233542,0.0031700894459561835,-0.015656388248697896,0.002668297879295981,-0.0031710406536407327,0.9999914123069262,-0.0004432517350967664,0.0,0.0,0.0,1.0
1544581079975490000,0.999999832748006,-0.00011883181114157962,0.000566023816004528,0.019180091212012553,0.0001179507499365498,0.999998781916605,0.0015563588679698768,-0.013944593987691252,-0.0005662080714833728,-0.0015562918447321562,0.9999986286811161,-0.009299999276969922,0.0,0.0,0.0,1.0
1544581080000752000,0.9999957406567023,2.3338354024261623e-05,-0.002918582493852498,0.010101241095667098,-1.5006039215610612e-05,0.9999959246301394,0.002854907692217835,0.000118651542051309,0.0029186372283957884,-0.002854851735822527,0.9999916656544181,-0.004210026464770479,0.0,0.0,0.0,1.0
1544581080076334000,0.9999998863778524,-0.00014162822160945836,0.0004551765956059879,0.017571247278942576,0.00014086629132103215,0.9999985897448664,0.001673518738503317,-0.012402626906816747,-0.00045541297117360436,-0.0016734544293155944,0.9999984960735182,-0.009724254457463841,0.0,0.0,0.0,1.0
1544581080101612000,0.9999959302756309,-6.730240264786728e-05,-0.002852175057304252,0.011500897793235824,7.564172089647223e-05,0.999995722715217,0.002923838162671435,-0.0069131872670493135,0.0028519660764059775,-0.0029240420068856496,0.9999916580991287,0.0012878025764993673,0.0,0.0,0.0,1.0
1544581080177215000,0.9999999364856255,-0.00010032788763548054,0.0003419986238971613,0.016227638263557633,9.969876432089776e-05,0.9999983039390021,0.0018390702206435333,-0.010859440957511929,-0.000342182553877072,-0.0018390360069959247,0.9999982504273016,-0.01010148349421219,0.0,0.0,0.0,1.0
1544581080202455000,0.9999964222754957,-0.00036251446911664427,-0.002650286676299628,-0.00044275636227748404,0.000370864894590255,0.9999949669711882,0.003150950892071305,-0.014686026080705615,0.0026491310720405687,-0.003151922517125931,0.9999915237085806,-0.0021551497008556707,0.0,0.0,0.0,1.0
1544581080278056000,0.9999999941906693,-9.206275390330357e-05,5.6063461391330315e-05,0.015047906453725066,9.194642965836221e-05,0.9999978505310301,0.0020713471879311015,-0.009433328822214801,-5.625403481105688e-05,-0.002071342021062841,0.9999978531865525,-0.0104556510310175,0.0,0.0,0.0,1.0
1544581080303314000,0.9999963458069651,-0.00034271004149011324,-0.0026815895546575858,0.0016715191754040656,0.00035112808755533703,0.9999950105539116,0.0031393592259632546,-0.008046413236756058,0.002680500285080486,-0.0031402893355505805,0.9999914767142316,-0.004428629663304213,0.0,0.0,0.0,1.0
1544581080378907000,0.9999999722474661,-0.0001298971133348084,-0.00019654975496723572,0.013876639063339309,0.00013033407084197656,0.9999975167200581,0.0022247621778701382,-0.00825125178444188,0.00019626027669442575,-0.002224787733257036,0.9999975058976114,-0.010636488711841783,0.0,0.0,0.0,1.0
1544581080404171000,0.9999956896836287,8.459542839025895e-05,-0.002934869294312565,0.004185294225332241,-7.640983090872741e-05,0.9999961075778813,0.0027890841908344817,-0.006563310238408807,0.0029350938143343466,-0.002788847916132716,0.9999918037422125,-0.0034088195407804087,0.0,0.0,0.0,1.0
1544581080479758000,0.999999927819681,-0.00013374942175780938,-0.0003556286270639878,0.012931373067922648,0.00013459530218132084,0.9999971597119237,0.002379590760745543,-0.007230547866833359,0.0003553093480879793,-0.0023796384549284377,0.9999971055338551,-0.010747253144630176,0.0,0.0,0.0,1.0
1544581080505041000,0.9999963732238291,-0.0003007538840922867,-0.0026763942699796015,0.0010565758309807355,0.0003090295921128789,0.9999951712806728,0.0030922347982607792,-0.007267952337847985,0.0026754513447967603,-0.003093050668446883,0.9999916374638662,-0.004282130942049176,0.0,0.0,0.0,1.0
1544581080580597000,0.999999877906446,-0.00011869358922118032,-0.00047968627654033577,0.012078252995682718,0.00011988108786396797,0.9999969267701656,0.0024763034441498423,-0.006219909977106337,0.0004793908810103825,-0.0024763606471218135,0.999996818906104,-0.010718726971087755,0.0,0.0,0.0,1.0
1544581080605914000,0.9999962345219183,-0.0002048537215638505,-0.0027365995203483917,0.007825974046618871,0.00021308813953688005,0.9999954501142585,0.0030090437398974045,-0.006914870466816958,0.002735970655324784,-0.0030096155463095998,0.9999917283052069,-0.0002825278574683311,0.0,0.0,0.0,1.0
1544581080681471000,0.9999997761912748,-0.00012088821369869941,-0.0006580299691794934,0.011225713260612051,0.00012263265577301113,0.9999964769498576,0.0026516125480105547,-0.005317784279767884,0.0006577071022025742,-0.0026516926505192285,0.9999962679667616,-0.010599475697502447,0.0,0.0,0.0,1.0
1544581080706768000,0.999996080294507,-0.0001718652957395355,-0.0027946123058979725,0.005153854048383947,0.00018028282181518085,0.9999954474192413,0.003012082152835584,-0.009380056650485706,0.00279408191080977,-0.0030125741669530114,0.9999915587159544,-0.0021526264840331655,0.0,0.0,0.0,1.0
1544581080782325000,0.9999996848789655,-0.00016475033657107618,-0.0007765946773061832,0.010518943840290462,0.00016690244150263818,0.9999961441896528,0.0027719576839827465,-0.004617937623062902,0.0007761350019430069,-0.002772086426028267,0.9999958565670678,-0.010367286220135274,0.0,0.0,0.0,1.0
1544581080807615000,0.9999961361324543,-0.00021712121226142545,-0.0027713856715536013,0.004016450320427772,0.00022558324304637606,0.9999953128886815,0.0030534100393538764,-0.010997094833743375,0.00277070972167118,-0.003054023419549444,0.9999914980181532,-0.001956003886147672,0.0,0.0,0.0,1.0
1544581080869667311,0.999999547437296,-0.00011757843918111172,-0.0009440871325056097,0.00998002451294548,0.00012026402746140362,0.9999959454983937,0.0028450875800908183,-0.004088261533821239,0.0009437487837458138,-0.0028451998322311187,0.9999955070779812,-0.010043245263140991,0.0,0.0,0.0,1.0
1544581080883186000,0.9999995244087901,-0.00011763273028685532,-0.0009681656529456063,0.009928210476831895,0.00012040188394830769,0.9999959010974094,0.002860645341016024,-0.0040388309205146465,0.0009678251790070628,-0.00286076054948683,0.9999954396713516,-0.010008774986874644,0.0,0.0,0.0,1.0
1544581080908513000,0.9999959907632945,-8.07174209388863e-05,-0.0028305374107705054,0.005116939906165277,8.903159651947482e-05,0.9999956821309814,0.0029373104652958898,-0.007892103324033553,0.0028302880967554516,-0.0029375506961876446,0.9999916800979888,-0.001156724152337946,0.0,0.0,0.0,1.0
1544581080984022000,0.9999993850709274,-0.00010002702872722211,-0.0011044692657053736,0.009322394756128947,0.00010332331678904569,0.9999955399994419,0.0029848459782719737,-0.0034230202794328446,0.0011041657744974237,-0.0029849582602312183,0.9999949354082383,-0.009502219702742514,0.0,0.0,0.0,1.0
1544581081009369000,0.9999959859464762,-0.00012363557666190316,-0.0028306898763536224,0.010687161566738053,0.0001320551722647186,0.999995567733185,0.0029744033715796677,-0.008204607574975875,0.0028303095879047397,-0.002974765239404586,0.9999915700241709,0.0012263213897435825,0.0,0.0,0.0,1.0
1544581081084879000,0.9999992115952149,-9.238451747355146e-05,-0.0012523074887411665,0.008811133400425572,9.636879758481405e-05,0.9999949332141506,0.003181864088477208,-0.002873428372507633,0.0012520071885888315,-0.003181982263247234,0.9999941537163475,-0.008934307024415252,0.0,0.0,0.0,1.0
1544581081110204000,0.9999964858454631,-0.00033149395556383946,-0.0026302867672500993,-0.003135296990068666,0.00033966474194339804,0.9999951168643976,0.0031065857825142923,-0.009385800624815952,0.002629244108793792,-0.0031074682811678103,0.9999917153238309,-0.005384870141819814,0.0,0.0,0.0,1.0
1544581081185751000,0.9999993173310815,-9.574806544202488e-05,-0.001164546983467934,0.008319984252302607,9.948966910717212e-05,0.9999948324119756,0.0032132928823547877,-0.002456675288936236,0.0011642332989917057,-0.0032134065491336472,0.9999941592725293,-0.008305678653011177,0.0,0.0,0.0,1.0
1544581081211059000,0.9999963125592465,-0.0002583136547135618,-0.0027033575355282346,-0.0019700036814729225,0.00026656692767404943,0.9999953038832557,0.0030530564208829276,-0.013201023881350003,0.0027025561940835184,-0.0030537657886309127,0.9999916853176961,-0.0026561649645578706,0.0,0.0,0.0,1.0
1544581081286619000,0.9999995080098454,-0.00011480603145745467,-0.0009852916535827718,0.00785989483184628,0.00011814949419268295,0.9999942334312898,0.0033939865739211817,-0.002060291671730068,0.0009848963217013857,-0.003394101315823706,0.9999937550082464,-0.007741666559746387,0.0,0.0,0.0,1.0
1544581081311904000,0.999996471473933,-0.00033022934708949183,-0.002635903688922716,-0.0036648209328517113,0.0003383941690918376,0.9999951448691707,0.0030976971240149996,-0.013294961928853988,0.0026348679407667093,-0.0030985781681485743,0.999991728107923,-0.0033096094536698532,0.0,0.0,0.0,1.0
1544581081387473000,0.9999996256222445,-0.00014682920630462463,-0.0008527582040623183,0.00744906884407401,0.0001497951736811367,0.9999939368143463,0.003479065384625019,-0.00166397965337497,0.0008522422052219127,-0.0034791918212036064,0.999993584433166,-0.007244184444856634,0.0,0.0,0.0,1.0
1544581081412787000,0.9999954643302211,7.165088899677659e-05,-0.003011010649403627,0.012017835795464869,-6.305121206782279e-05,0.999995919423365,0.0028560744324047558,-0.0030524694520560774,0.0030112030030160428,-0.0028558716303232843,0.9999913882897723,-0.0035245745788256163,0.0,0.0,0.0,1.0
1544581081488335000,0.9999997514308144,-6.003575465904773e-05,-0.0007025197619304055,0.007090089798690703,6.247886950221312e-05,0.9999939492985515,0.0034781406924537708,-0.0013154752337841335,0.000702306698391796,-0.0034781837205356964,0.9999937044818357,-0.006790045218567474,0.0,0.0,0.0,1.0
1544581081513630000,0.999996330298407,-0.00030202072592234395,-0.0026922431532645933,0.005717775175463902,0.00031048186149474814,0.9999950128178353,0.00314291910027243,-0.006047624417004238,0.00269128049984937,-0.003143743459363031,0.999991436906504,-0.0032055174214342345,0.0,0.0,0.0,1.0
1544581081589200000,0.9999998355341488,2.1376796956247608e-05,-0.0005731271303354806,0.006808886807702794,-1.939817488571191e-05,0.9999940412624712,0.003452109972424347,-0.0009809026930994922,0.0005731975102753062,-0.0034520982870498277,0.9999938772122703,-0.006464564784307653,0.0,0.0,0.0,1.0
1544581081614489000,0.9999958224998575,-6.65842031411025e-05,-0.002889731713166243,0.009330211836612565,7.503437202934432e-05,0.9999957217162847,0.002924195439917887,-0.006686622754530011,0.00288952464485091,-0.00292440005329546,0.999991549230121,-0.0024761257930843413,0.0,0.0,0.0,1.0
1544581081690083000,0.9999998802269162,1.9370193135275795e-06,-0.0004894306878287287,0.006638067076198982,-2.2718278221601075e-07,0.9999938977200065,0.0034934972014416515,-0.0006254384561053734,0.0004894344681571819,-0.003493496671824492,0.9999937779480943,-0.006258624547103089,0.0,0.0,0.0,1.0
1544581081715321000,0.9999963448226352,-0.00026939858300612684,-0.002690309605130167,-0.0036546698308822906,0.00027766330848351726,0.9999952424358369,0.0030721342383814255,-0.009741108002726522,0.002689469177198975,-0.003072870009451702,0.9999916620779659,-0.006378045283782224,0.0,0.0,0.0,1.0
1544581081790933000,0.9999999027631774,-3.066231731099002e-05,-0.0004399243749530517,0.006530401845504382,3.2215987231231445e-05,0.9999937615868696,0.0035321026982633604,-0.0002441731430431613,0.00043981332806934925,-0.0035321165274109635,0.9999936653384716,-0.0062391801300833855,0.0,0.0,0.0,1.0
1544581081816204000,0.9999959415798539,-0.00010619220285102806,-0.002847024241998811,0.010448216909171089,0.00011461530916080832,0.9999956168682872,0.002958565116105883,-0.005708066093349459,0.002846697586569608,-0.0029588794215693044,0.9999915706371821,-0.0008119699347852205,0.0,0.0,0.0,1.0
1544581081870447889,0.9999999432147326,1.19936872153413e-05,-0.0003367887722074478,0.006515624924783644,-1.0843767454409895e-05,0.9999941716828163,0.0034141591660316263,5.2413870054626863e-05,0.00033682775765278415,-0.003414155320098568,0.9999941150279404,-0.006338691732874729,0.0,0.0,0.0,1.0
1544581081891773000,0.9999999404655897,3.4140457583254445e-05,-0.0003433704200745262,0.006525553981497964,-3.2986653948885595e-05,0.9999943557330911,0.003359674662836495,0.0001172537512506727,0.0003434831828305635,-0.0033596631361790196,0.9999942973251946,-0.006376579435969127,0.0,0.0,0.0,1.0
1544581081917039000,0.9999962684927308,-0.0002987810629374947,-0.002715461376624561,0.007142620739478142,0.0003073164679980025,0.9999950123219996,0.0031433879354934658,-0.0054694043196830385,0.0027145086479889976,-0.003144210711917792,0.9999913726536835,-0.002168069246792906,0.0,0.0,0.0,1.0
1544581081992654000,0.999999904634497,3.9494494940194215e-05,-0.0004349381313219611,0.006650814703331261,-3.80849959262818e-05,0.9999947497477286,0.00324022013311539,0.0004918154594944859,0.0004350638186447012,-0.0032402032594932013,0.9999946558868739,-0.0066624727444674035,0.0,0.0,0.0,1.0
1544581082017918000,0.9999961485054637,-0.0001510588875047124,-0.0027713093381444157,-0.0028848476823164003,0.00015930186243680308,0.9999955637213198,0.0029744176904669397,-0.014305507216717491,0.0027708477316165814,-0.002974847709252423,0.9999917363078338,-0.002168853806436086,0.0,0.0,0.0,1.0
1544581082093496000,0.9999999180433387,0.00012590233170781348,-0.0003847881465828577,0.006873357242865909,-0.00012474807637206998,0.9999954973979853,0.0029982697797905035,0.000879926014962383,0.00038516390319132994,-0.0029982215324812194,0.999995431147767,-0.007106478799443315,0.0,0.0,0.0,1.0
1544581082118800000,0.9999962129670842,-0.00022215308725622774,-0.0027431185704283427,-0.00424471209737055,0.00023054235706109163,0.9999952966339052,0.003058359084832028,-0.013326918446736493,0.0027424262446248235,-0.0030589799077464313,0.9999915608344991,-0.00448089819601308,0.0,0.0,0.0,1.0
1544581082194360000,0.9999998580296684,9.32723103480887e-05,-0.0005246340780227323,0.007220505340332984,-9.167710605895168e-05,0.9999953755758012,0.0030398062965695046,0.0012150918339053182,0.0005249151816485037,-0.0030397577680731846,0.9999952421570613,-0.007645615516659567,0.0,0.0,0.0,1.0
1544581082219635000,0.9999956628549196,4.390955264811585e-05,-0.0029448842588720475,0.01392868608887233,-3.558370008527857e-05,0.9999960027765714,0.002827218541137617,0.0007601855615746611,0.002944996629413075,-0.002827101489202387,0.9999916672112943,-0.002753790786913826,0.0,0.0,0.0,1.0
1544581082295173000,0.9999996399589752,0.00015657879940747331,-0.0008340053943795456,0.007697007242608678,-0.00015411687656807628,0.9999956334019741,0.002951173490768821,0.001481287045137905,0.0008344638438152824,-0.0029510438939188673,0.9999952974939562,-0.008205728546425664,0.0,0.0,0.0,1.0
1544581082320494000,0.9999960621888504,-0.0001324208729990646,-0.0028032251962346773,0.007530485150168358,0.00014072106958147143,0.9999956064612653,0.0029609552085814545,-0.005463716764738738,0.0028028207878825597,-0.0029613380217469202,0.9999916873018257,-0.00048331204598759395,0.0,0.0,0.0,1.0
