1544580839822268000,-0.9422659929720926,-0.33486525679637263,0.00024141046785647885,1.816326414222895e-06,0.33486527158817264,-0.9422660183715655,2.250279071570912e-05,9.71899683960008e-08,0.0002199374775486905,0.00010204359632136865,0.9999999706073047,1.4198689873156678e-07,0.0,0.0,0.0,1.0
1544580839833353000,-0.942262927766555,-0.33487396831516036,1.7368319671646017e-05,1.2751259619710078e-07,0.3348739677651413,-0.942262927693293,-2.8427018766641802e-05,-3.1848943777495485e-07,2.5884992324673514e-05,-2.0969527808873226e-05,0.9999999994451234,1.070352585723506e-08,0.0,0.0,0.0,1.0
1544580839923114000,-0.9422687597508311,-0.3348575097581,0.0001804334591990711,0.033972364990695454,0.33485746840233016,-0.9422687647849438,-0.00022531275966436974,0.01013595740560878,0.0002454644823433195,-0.00015188568324250618,0.9999999583389629,0.0028297541945016547,0.0,0.0,0.0,1.0
1544580839934186000,-0.9423111243616654,-0.3347370280831617,-0.0009310930701621164,0.005315644206185672,0.33473755905130237,-0.9423112711455341,-0.0004845951529764242,0.01195139824364678,-0.0007151675531684296,-0.0007683112250170782,0.9999994491164647,-0.00393691376942951,0.0,0.0,0.0,1.0
1544580840023985000,-0.9422127215320415,-0.335014994247762,0.0003755161204236699,-0.015415151281575607,0.3350149282988751,-0.942212792117314,-0.00022844560130781352,-0.009604139057773476,0.0004303487941175113,-8.944084557145106e-05,0.9999999034001208,0.0034445842064975717,0.0,0.0,0.0,1.0
1544580840035055000,-0.9423337310564046,-0.334674645367134,0.0001451264981245836,0.005530133941918019,0.33467464312497885,-0.9423337421709677,-4.018990448383314e-05,-0.0060619489098464666,0.00015020813809637232,1.0697856324771794e-05,0.999999988661536,-0.0025088664402839467,0.0,0.0,0.0,1.0
1544580840124832000,-0.9422572758065878,-0.3348897763838096,0.0002527115941010133,0.022082704755416193,0.3348897555777175,-0.9422573092116735,-0.0001218452763101519,0.0008019081564630629,0.0002789240840011444,-3.017907414576074e-05,0.99999996064529,-0.0007627194086904629,0.0,0.0,0.0,1.0
1544580840135926000,-0.9423051052051895,-0.3347552163921485,0.00018385452676329046,-0.0037664079487009804,0.3347552048515097,-0.9423051228248176,-9.123009275001998e-05,0.003951926210405438,0.00020378681186359056,-2.442032237716435e-05,0.9999999789372909,-0.003411803259076062,0.0,0.0,0.0,1.0
1544580840225700000,-0.9421860964756942,-0.33508951847140017,0.0006117340093815153,-0.013763674491476915,0.33508900390165014,-0.9421861294025965,-0.0008105711262449229,-0.0031971464730400825,0.0008479811869033341,-0.0005587235054961961,0.9999994843778424,-0.001262644013233021,0.0,0.0,0.0,1.0
1544580840236762000,-0.9423234248731016,-0.33470366812833663,0.00013220009116222083,-0.0021404928244730236,0.3347036512493408,-0.9423234305252246,-0.00013462365918109927,0.012311076609225374,0.00016963427596450404,-8.261117438099186e-05,0.9999999821998046,-0.004252914587424971,0.0,0.0,0.0,1.0
1544580840326532000,-0.9420790318307691,-0.3353898263122561,0.0008730355300120826,-0.0050321106658978865,0.33538959314512334,-0.942079432142801,-0.000405392951428093,-0.008726208150652033,0.0009584334879219531,-8.910516798040612e-05,0.9999995367326514,-0.006995526397562351,0.0,0.0,0.0,1.0
1544580840337642000,-0.9424207075300438,-0.33442967727833656,3.121022607329384e-05,0.006486545935928914,0.33442964042287576,-0.9424206401342564,-0.0003907116131589778,-0.01074633464662402,0.00016007871993238323,-0.000357777090230281,0.9999999231851768,-0.0013518120840272042,0.0,0.0,0.0,1.0
1544580840427416000,-0.9420344911274198,-0.3355145747237669,0.0009938180090182849,0.014659708477635034,0.33551456115351924,-0.9420350019561607,-0.00018531977389877935,-0.0009009630912235495,0.0009983888351971606,0.00015886279426164944,0.9999994889910421,-0.006335344882196497,0.0,0.0,0.0,1.0
1544580840438468000,-0.9425683325222421,-0.3340133159466694,0.000208078228559835,0.0043793420446910855,0.3340130514887392,-0.9425680951666394,-0.0008169511078466267,0.0014041730128659113,0.0004690004480374495,-0.0007005313994055536,0.9999996446471054,-0.0069558700392590486,0.0,0.0,0.0,1.0
1544580840528273000,-0.9419154947396983,-0.33584738310057605,0.0013175863401330237,0.015927233039713037,0.3358474480455052,-0.9419163762574817,-0.00017826748722079764,-0.008147634269223719,0.001300926819979475,0.0002745951014917118,0.9999991160930778,-0.01154584752148998,0.0,0.0,0.0,1.0
1544580840539316000,-0.9426756764524796,-0.33371002390110693,0.0004347099952836992,-0.0006043138695226474,0.3337092647484461,-0.9426751881109716,-0.001271354000506475,0.022615138791310063,0.0008340539004735645,-0.0010534077395330857,0.999999097342705,-0.015210408824681849,0.0,0.0,0.0,1.0
1544580840629126000,-0.9418137294198295,-0.33613094514554964,0.0016990561712735732,-0.009051712614348095,0.336131015082874,-0.9418152031065901,-0.0002527778657879604,-0.013948919829412241,0.00168516339597671,0.0003330358110404626,0.9999985246546498,-0.012091917667538669,0.0,0.0,0.0,1.0
1544580840640184000,-0.9427124490385572,-0.33360411799608203,0.00123728888346896,0.009005056359531773,0.3336032474497154,-0.9427131771514183,-0.0008596022813744724,0.0017477357218888788,0.0014531753952945058,-0.00039759418231498264,0.9999988650994239,-0.009861196939442828,0.0,0.0,0.0,1.0
1544580840729958000,-0.9418690320449566,-0.3359767227083953,0.0015389193689206839,-0.0052281978551669914,0.33597641336358325,-0.9418702857885678,-0.000463046330925331,-0.0006563048041980439,0.0016050352145373236,8.09116105251106e-05,0.9999987086568014,-0.002519151741537562,0.0,0.0,0.0,1.0
1544580840741027000,-0.9427720376921338,-0.33343044363624047,0.002241473256321668,-0.012921008938335844,0.33342998855611994,-0.942774681885437,-0.0005847454811225866,0.01367635137780512,0.002308176181368369,0.00019609271343497582,0.9999973169315821,-6.960215299652004e-05,0.0,0.0,0.0,1.0
1544580840830828000,-0.9418030779877236,-0.3361608981086483,0.0016771629722442693,-0.021369034752050438,0.3361616756332499,-0.9418042731930414,0.00019705525115024393,-0.010591447046685782,0.0015133169838971036,0.0007493851571266212,0.999998574145781,-0.00037588987021341366,0.0,0.0,0.0,1.0
1544580840841878000,-0.9427400822493939,-0.3335222893357432,0.0020049530290759234,-0.03467477922572886,0.33352162634740873,-0.9427422133692666,-0.0006662508481003692,0.04113211263531493,0.002112363364462767,4.059381567069296e-05,0.9999977681340897,0.006824849751900318,0.0,0.0,0.0,1.0
1544580840931697000,-0.9418253984463448,-0.3360979213034623,0.0017624235798654856,-0.06978190933479142,0.33609763208203963,-0.9418270350426508,-0.00046666006314701955,-0.007830741567997436,0.0018167416518930191,0.0001528340920059032,0.9999983380443751,0.015096526478054517,0.0,0.0,0.0,1.0
1544580840942775000,-0.9427799623875142,-0.333409641507895,0.0019883335167278074,-0.047946420766611535,0.33340857978482297,-0.9427820484790406,-0.0008532241965275791,0.03589458956092015,0.002159038319450307,-0.00014147522195960747,0.9999976592664085,0.0203818292904474,0.0,0.0,0.0,1.0
1544580841032552000,-0.9416985676514958,-0.3364509845494801,0.0021313560961988775,-0.09725924161663083,0.3364517397913495,-0.9417007097647753,-4.4600412861969425e-06,-0.009707640487925285,0.0020086001338338404,0.000712898452190134,0.9999977286480705,0.021662130727262276,0.0,0.0,0.0,1.0
1544580841043642000,-0.9427059141291909,-0.33362442285534155,0.0005513077970259405,-0.0748816276110905,0.3336233644849154,-0.9427053274611482,-0.0014547323241034102,0.07107995366461285,0.00100505502936523,-0.0011874556032966275,0.9999987899060574,0.031606105312924064,0.0,0.0,0.0,1.0
1544580841133396000,-0.941687845923183,-0.33648050037319843,0.002207647878649063,-0.13332127950008144,0.33647984709991946,-0.9416904272556235,-0.0006720942918500793,-0.014979925303484586,0.0023050674976946915,0.00010992599470873094,0.999997337286508,0.031413143167037375,0.0,0.0,0.0,1.0
1544580841144481000,-0.9425931353419004,-0.33394336512858735,-0.00010046352878262854,-0.10477785276790356,0.33394309049054416,-0.9425918785343177,-0.0016008856207220415,0.08349745881907955,0.00043990902505048035,-0.0015425328978434115,0.9999987135353269,0.048304824558983675,0.0,0.0,0.0,1.0
1544580841234254000,-0.9415187430780777,-0.33694961982771965,0.0027221555119034905,-0.17225117025112036,0.336950309067416,-0.9415224070279746,-0.00021513628787975762,-0.03059530281748986,0.002635460500284073,0.0007146762937104177,0.9999962717859242,0.030308779973080593,0.0,0.0,0.0,1.0
1544580841245339000,-0.9427351474135597,-0.3335422263107277,-0.0001584260665967998,-0.13766406180825952,0.3335417305608547,-0.9427326840851246,-0.002236142242056005,0.13359694232221278,0.0005964944307709714,-0.002160931590621001,0.9999974872813706,0.05293726988068609,0.0,0.0,0.0,1.0
1544580841335133000,-0.9413316743588968,-0.3374664782736284,0.003324889512744261,-0.24567051065865328,0.3374669195496832,-0.941337283211129,-0.00044434934628140576,-0.03927581702101183,0.0032797954699166237,0.0007037601075734958,0.9999943738158688,0.04459307384246828,0.0,0.0,0.0,1.0
1544580841346210000,-0.9427992748314625,-0.33336095505186325,3.200276787627679e-05,-0.1488153354167771,0.33335979397560217,-0.9427962359697385,-0.0025505297170039264,0.166761993266856,0.0008804191114429537,-0.0023939691315215173,0.9999967468817018,0.04609704499780083,0.0,0.0,0.0,1.0
1544580841435989000,-0.9411025858854315,-0.3380969448987746,0.004047059409915937,-0.3350697805208045,0.33809965638330663,-0.9411103134740016,-1.5045240275940323e-05,-0.07076454060388938,0.0038138160996864516,0.0013541502813264508,0.9999918105083531,0.04896313887829795,0.0,0.0,0.0,1.0
1544580841447065000,-0.9426646702949282,-0.33373644154586024,-0.0018185054477154947,-0.1605228955263421,0.3337407124502504,-0.9426597735473708,-0.003112585552286366,0.1796328457873216,-0.0006754487073110402,-0.003541033737126021,0.9999935024034486,0.054625012947826804,0.0,0.0,0.0,1.0
1544580841536826000,-0.9410624894848132,-0.33820628885581794,0.004230492054201479,-0.40396825732234987,0.3382081348418794,-0.9410712894098466,-0.0002928741463032256,-0.09015394669266168,0.004080246490408529,0.0011551739538890257,0.9999910085404344,0.053941494894221516,0.0,0.0,0.0,1.0
1544580841547931000,-0.9426125015449714,-0.3338792957035353,-0.0025075549132142854,-0.21947360392374743,0.3338867253700432,-0.9426062168374774,-0.003629683320740512,0.23820462589149952,-0.0011517607395014375,-0.004258624173437971,0.9999902687363265,0.07648049790364002,0.0,0.0,0.0,1.0
1544580841637728000,-0.9410625455244612,-0.33820518952153183,0.004305251644674136,-0.47437290060620163,0.3382084681468661,-0.9410712145224063,3.565213439192071e-05,-0.10288317172631745,0.004039490657209212,0.0014896234520762556,0.9999907317256488,0.0682134903807601,0.0,0.0,0.0,1.0
1544580841648803000,-0.9428287585189916,-0.3332665884929749,-0.0027042750950564305,-0.278052738370225,0.333276260674615,-0.9428167031282022,-0.004857815683330456,0.2829320818107863,-0.000930688069161598,-0.005481359021344452,0.9999845441420561,0.09012662607271625,0.0,0.0,0.0,1.0
1544580841738560000,-0.9409220377393653,-0.3385898395951091,0.004758089885272528,-0.5817011902027289,0.33859624732812793,-0.9409315784342165,0.0005882181586674791,-0.1339563268650608,0.004277872334091209,0.002164538808091906,0.9999885072239794,0.0791922880216055,0.0,0.0,0.0,1.0
1544580841749640000,-0.9427814660832194,-0.3333927109845915,-0.003522424210417231,-0.31588470823796055,0.33340755388841953,-0.9427684100279369,-0.0052084607646068195,0.3342288397741937,-0.001584367417929823,-0.006084843115445495,0.9999802320366868,0.10372032136586147,0.0,0.0,0.0,1.0
1544580841839423000,-0.9408560674496171,-0.33876924889637994,0.005025569163918412,-0.6693239322663856,0.33877907709652266,-0.9408651494875798,0.001227762738500121,-0.14431800218771357,0.004312454621925621,0.0028577057051434223,0.99998661803708,0.10149791157075821,0.0,0.0,0.0,1.0
1544580841850501000,-0.9429314550905216,-0.3329778510033706,-0.0024539238071896704,-0.40064517341695827,0.33298666754047435,-0.9429137896313645,-0.00578485637750412,0.4140904473387708,-0.0003876095515593752,-0.006271846952483952,0.9999802566524205,0.12000206070594609,0.0,0.0,0.0,1.0
1544580841940303000,-0.940793675651882,-0.33893766438666245,0.005340366423372945,-0.8008123503816303,0.33894873443614804,-0.9408039488667571,0.0012981605643780257,-0.18653407517530932,0.004584242309815541,0.0030314116895750844,0.9999848975187635,0.10537754796651042,0.0,0.0,0.0,1.0
1544580841951325000,-0.9429475711785853,-0.3329253289972807,-0.003256274014901609,-0.4628266122441602,0.33293979774692295,-0.9429272676837932,-0.0062656950624345,0.47991632680465085,-0.0009844209696432693,-0.006992365152798179,0.9999750685616761,0.139329269859626,0.0,0.0,0.0,1.0
1544580842041141000,-0.9405175452496056,-0.33968685050452035,0.006292111885317957,-0.9099263512307246,0.3396965013560177,-0.9405349728998957,0.0005017157322203384,-0.2100439426633119,0.005747525044614131,0.0026092808424641057,0.9999800786062429,0.11179825171390877,0.0,0.0,0.0,1.0
1544580842052195000,-0.9432714409265031,-0.33201784955820807,-0.0017709622187427137,-0.5489404474932378,0.33202184290449704,-0.9432447668568247,-0.007127806921935563,0.5624731945385308,0.0006961082811569419,-0.007311454845481274,0.9999730286669256,0.15907660807744767,0.0,0.0,0.0,1.0
1544580842141988000,-0.9404655651672941,-0.3398231020188772,0.006691791152438382,-1.0351349162570318,0.3398322720964862,-0.9404860256659071,0.0002497376376673668,-0.21046446280029296,0.006208669446820058,0.0025089562402806774,0.9999775785297813,0.13779504208393875,0.0,0.0,0.0,1.0
1544580842153045000,-0.9437430280237251,-0.3306665950973013,-0.0029495666410038657,-0.5766198206357777,0.33067950952245967,-0.9436940412762974,-0.009623847546291529,0.6523955332290341,0.00039879643640503785,-0.010057800274726792,0.9999493395242777,0.1572152131811975,0.0,0.0,0.0,1.0
1544580842242842000,-0.9403718462386474,-0.3400727837250027,0.007161883219116975,-1.1353704688304882,0.3400863747833482,-0.9403939148303585,0.0007366388213383701,-0.23887165254094403,0.006484480583410826,0.00312837330904422,0.9999740820601318,0.15249754966449364,0.0,0.0,0.0,1.0
1544580842253907000,-0.9437350441366118,-0.33069120415480213,-0.002737510385639282,-0.6404542450095165,0.3307018147744717,-0.9436833825231162,-0.00989864913005232,0.7375760650352133,0.0006900531399106495,-0.010247001726137656,0.9999472600003922,0.16154822557770454,0.0,0.0,0.0,1.0
1544580842343705000,-0.9401842350087742,-0.34056965974272285,0.008118565371339663,-1.2952913300514404,0.34057867758423616,-0.9402159761943567,-0.000287200046033829,-0.27179005356785846,0.007731016487867653,0.0024949893024772325,0.9999670026618103,0.15747599389339637,0.0,0.0,0.0,1.0
1544580842354766000,-0.9440462137850535,-0.3298098522550811,-0.0014857972900435836,-0.6850218752143634,0.32980743373093874,-0.9439934952884088,-0.01016550584004149,0.7779508188163904,0.001950101002083963,-0.010086734290774672,0.9999472260561704,0.16727127392419341,0.0,0.0,0.0,1.0
1544580842444568000,-0.9400553586087935,-0.34091146623515484,0.008677265714963014,-1.434778929216618,0.3409183786591492,-0.9400926270242946,-0.0007153369689009443,-0.3024509226004556,0.008401300096287657,0.00228578300791351,0.9999620959580088,0.16461824662372815,0.0,0.0,0.0,1.0
1544580842455643000,-0.944381380476224,-0.32881883184643446,-0.004688713359468254,-0.7543767127101045,0.32885220944260724,-0.9442774213812286,-0.014013415512722246,0.8585666958191647,0.0001804287583976313,-0.014775902434795785,0.9998908141155735,0.1677004614094501,0.0,0.0,0.0,1.0
1544580842545405000,-0.9399006417964874,-0.34131749813556556,0.009441875715498647,-1.6003579420852647,0.3413159130739468,-0.9399468621304645,-0.001828620679688335,-0.32095769648656797,0.009499001686838975,0.0015039406805247419,0.9999537524952758,0.17856925467401208,0.0,0.0,0.0,1.0
1544580842556490000,-0.944515630349918,-0.32845592666856616,-0.0026321589978517716,-0.8758943173008872,0.32846061373428614,-0.9444205898578548,-0.013541590668614049,0.9731254473775934,0.0019619505582752082,-0.01365480460618718,0.9999048440032561,0.21898906888755515,0.0,0.0,0.0,1.0
1544580842646274000,-0.9397902915665944,-0.34160260707225365,0.010092904369538287,-1.7008468356528827,0.3416027391240386,-0.9398427825207573,-0.0017643034305093923,-0.3288877424091878,0.010088433977911307,0.0017896885429808966,0.9999475088797375,0.19116696022712681,0.0,0.0,0.0,1.0
1544580842657348000,-0.9445266788453459,-0.328428741268457,-0.001978600059523556,-0.988849421349215,0.32842360042594176,-0.9444280850806291,-0.013911534573737859,1.0847417901683318,0.002700302323809092,-0.01378963450392655,0.999901272300225,0.24969328260317708,0.0,0.0,0.0,1.0
1544580842747142000,-0.9394212902492856,-0.34256871214567547,0.011589516177064477,-1.9207937894621414,0.3425581504905715,-0.9394920075475834,-0.0029464023300676107,-0.3523827589572072,0.011897603071369788,0.0012021701481901453,0.9999284983578036,0.1968383910374649,0.0,0.0,0.0,1.0
1544580842758219000,-0.944607518967582,-0.3282014585792411,-0.0006615862527626253,-1.0682334553524107,0.32817989430690386,-0.9445181541935721,-0.013543019289457277,1.1961776729464721,0.0038199584580674885,-0.013009957156850853,0.9999080702405381,0.2654421863707022,0.0,0.0,0.0,1.0
1544580842847999000,-0.9391171611301402,-0.3433622264936384,0.012701932459101213,-2.0911273065929623,0.3433542634337993,-0.9392015802506984,-0.0028707902092507086,-0.3965996547557403,0.012915395955869968,0.0016652543121688452,0.9999152061426895,0.19387183451356152,0.0,0.0,0.0,1.0
1544580842859084000,-0.9449810617325051,-0.3271246773991109,-0.0004882657443275811,-1.1186579674223995,0.32709443341341915,-0.9448711714985846,-0.015089761457564741,1.2632459668111133,0.004474885122989977,-0.014419247810455765,0.9998860238525777,0.24849306944350996,0.0,0.0,0.0,1.0
1544580842948847000,-0.9390161000134728,-0.34361257470782613,0.013385156635026228,-2.2304743287608724,0.3436024788374599,-0.9391100086483755,-0.0031190051622706,-0.41159789982541306,0.013641863957614148,0.0016703769360254563,0.9999055502339468,0.21043621921456696,0.0,0.0,0.0,1.0
1544580842959941000,-0.9450240086787459,-0.3269937036096844,-0.0021773425028329694,-1.2119910816511352,0.326981736190903,-0.9448753402196999,-0.017132881902601402,1.386211791409315,0.0035450272686998645,-0.01690293596767446,0.9998508506459053,0.2571676334796754,0.0,0.0,0.0,1.0
1544580843049724000,-0.9387105907065126,-0.3444027145768522,0.014463647103149664,-2.4385094510166234,0.3443804719446397,-0.9388213062257896,-0.004079892117537315,-0.46505694226651584,0.014983905986628387,0.0011511596757511062,0.9998870723200622,0.21778798263328122,0.0,0.0,0.0,1.0
1544580843060799000,-0.9453504596328751,-0.325963925344111,-0.007747763946467744,-1.3454076811973084,0.3260559744332513,-0.9450761973684088,-0.02277021528333485,1.4947994727228746,0.00010004146605049468,-0.02405203820728446,0.9997107028784784,0.25866072014596053,0.0,0.0,0.0,1.0
1544580843150573000,-0.938603859461531,-0.34464927175286053,0.015481423840858304,-2.6620668246734835,0.3446129095726537,-0.9387313336297751,-0.005042401960877835,-0.48525216758950473,0.016270757812318442,0.0006022805726893059,0.999867441063226,0.24524384173909988,0.0,0.0,0.0,1.0
1544580843161655000,-0.9449078521372353,-0.3271811702929012,-0.010081308206996377,-1.4548896285266324,0.3273323227510249,-0.9446023511019787,-0.024082125633598545,1.6072551732912317,-0.001643609386571007,-0.026055327639107805,0.9996591511359282,0.24801746893714421,0.0,0.0,0.0,1.0
1544580843251433000,-0.938362741414918,-0.3452548451045135,0.016566757562572875,-2.8767138121918387,0.3452177395368176,-0.9385085453481877,-0.0051402935245230316,-0.5284480275695687,0.017322754785787296,0.0008956786738570959,0.9998495486453666,0.26129379668458363,0.0,0.0,0.0,1.0
1544580843262494000,-0.9453436927373172,-0.32590810492550154,-0.010450346675586503,-1.5380026400704896,0.32607353219875784,-0.9449664324336924,-0.02673000510593654,1.6933705762974567,-0.00116370150699953,-0.028676623186943497,0.9995880636949387,0.2436667069482841,0.0,0.0,0.0,1.0
1544580843352279000,-0.9380705599131771,-0.3459853465916339,0.017825952093571806,-3.093551899307845,0.34595438873486917,-0.9382385865287574,-0.004890364363064568,-0.5649843299993291,0.01841699050491646,0.0015794595239092683,0.9998291452885112,0.2814511031884184,0.0,0.0,0.0,1.0
1544580843363356000,-0.94548051686063,-0.325383195576225,-0.01386968902169799,-1.650677100316869,0.32566489900944395,-0.9449743601187868,-0.03107784212675552,1.8808137626061032,-0.0029942929255084953,-0.03390036511146153,0.9994207319518577,0.20632860655263802,0.0,0.0,0.0,1.0
1544580843453137000,-0.9379074752684187,-0.3463719936049638,0.018868224127854803,-3.2997874759445645,0.34633202917119676,-0.9380961667747445,-0.005450454356459075,-0.5947024541038943,0.01958809346968694,0.001422648464524611,0.9998071227319643,0.30090528742203265,0.0,0.0,0.0,1.0
1544580843464187000,-0.945386535340881,-0.3254561034592718,-0.017961723672099764,-1.7878164565866652,0.32589956675644405,-0.9447824802709639,-0.03428611032190713,1.9900026961210662,-0.005811297972725521,-0.03826734501047932,0.9992506387897488,0.21455946549484037,0.0,0.0,0.0,1.0
1544580843554005000,-0.9378465757647512,-0.3464983654255419,0.019562287283365794,-3.4860303676091005,0.3464436240740074,-0.9380501099031975,-0.006229498299659903,-0.6251633414076015,0.020508916714372556,0.0009349160525577268,0.9997892329222081,0.30714535753050154,0.0,0.0,0.0,1.0
1544580843565056000,-0.9456669109931324,-0.32457293935713927,-0.01914420251078079,-1.9189966826364746,0.3250761004704813,-0.9449892102307554,-0.03634448308005804,2.1178992839456576,-0.006294629108450166,-0.040593097744782515,0.9991559328052207,0.24869912143445977,0.0,0.0,0.0,1.0
1544580843654850000,-0.9381593216485478,-0.3456656387060395,0.01929646138237473,-3.67013760920591,0.3456174118506853,-0.9383570491234936,-0.005886678680075826,-0.640624940223387,0.020141793107096254,0.0011465505635901514,0.9997964760851261,0.34988203685737884,0.0,0.0,0.0,1.0
1544580843665928000,-0.9459269454214407,-0.3237476990031908,-0.020239597718375746,-2.0631322165423005,0.32431462019593205,-0.9451444831742813,-0.03901196037610951,2.2679515275804505,-0.006499311719820506,-0.04346646196042911,0.999033745992503,0.27781318953998135,0.0,0.0,0.0,1.0
1544580843755715000,-0.9380629431616254,-0.34586935443656147,0.020305278342888672,-3.90181087668082,0.3457880341257867,-0.9382826810020848,-0.007499732459549557,-0.628347136795906,0.021646018626290505,-1.3898823365460877e-05,0.9997656973933701,0.39769061609924217,0.0,0.0,0.0,1.0
1544580843766793000,-0.945354708496188,-0.32472704547251785,-0.029271505987515108,-2.164079539251748,0.32576655299189133,-0.944437659116631,-0.043745411120217445,2.4263182042207805,-0.01343979448761845,-0.05089060798403343,0.9986137981938499,0.26388744926848406,0.0,0.0,0.0,1.0
1544580843856554000,-0.9376695331963317,-0.34683080437435804,0.022005445971555872,-4.165191467729931,0.3467497098118275,-0.9379275344224586,-0.007521895879467954,-0.6637232072329297,0.023248338882264075,0.0005773294068647219,0.9997295541445052,0.42333093422614265,0.0,0.0,0.0,1.0
1544580843867648000,-0.9448549506965509,-0.32581603090753153,-0.03306109719715275,-2.3972359082138603,0.3271005898235198,-0.9438286944836396,-0.04682520268416234,2.561542735711236,-0.01594761052079096,-0.05505732896690169,0.9983558304761433,0.28692406680300675,0.0,0.0,0.0,1.0
1544580843957432000,-0.9375502483500769,-0.34708847463324644,0.02300266496458414,-4.382095112874274,0.34699265571975996,-0.9378323315469388,-0.008161787903413474,-0.691258336421857,0.02440550542920493,0.000329669528866983,0.9997020869352753,0.45235712292656766,0.0,0.0,0.0,1.0
1544580843968496000,-0.9445457990718855,-0.32655669630287953,-0.034553690908508135,-2.5748041391533785,0.3279459751723484,-0.9434679200838383,-0.04816348348003789,2.70855592446186,-0.016872190844990555,-0.05682435985053259,0.9982416146923886,0.3236555484583823,0.0,0.0,0.0,1.0
1544580844058282000,-0.9376302440142699,-0.3468222122456444,0.02374612816389132,-4.660177955802281,0.34672839528078714,-0.9379306668663614,-0.00809222204547373,-0.7238780621458055,0.025078784176046875,0.0006459447812827705,0.9996852691420389,0.46005480291383927,0.0,0.0,0.0,1.0
1544580844069353000,-0.9447098177727326,-0.32617274788461564,-0.03368528968568024,-2.7722941253084468,0.3275317634190025,-0.9435515926180345,-0.049328855851388,2.8591605966196485,-0.01569408026767213,-0.057634456754333,0.9982143884152265,0.3639238727479924,0.0,0.0,0.0,1.0
1544580844159127000,-0.9376083938799632,-0.3468044744578139,0.024842629125632017,-4.989996188106399,0.3467008393964007,-0.937937228715197,-0.008501938125367349,-0.7575393645861274,0.026249336899535642,0.0006414718200775878,0.9996552209768318,0.505741377910604,0.0,0.0,0.0,1.0
1544580844170236000,-0.9455813035072884,-0.32309769331740146,-0.038521150429755915,-2.916232433357157,0.3249086055755936,-0.9439643295106184,-0.0580150207661002,3.0994529988483692,-0.017618072550114144,-0.0673737722303111,0.9975722421634823,0.2967226071559083,0.0,0.0,0.0,1.0
1544580844260009000,-0.9377598426885346,-0.34639338932355934,0.024861562173535093,-5.243309071446762,0.34625888878880734,-0.9380892360948795,-0.009662663073142355,-0.7863626081837216,0.02666944647929428,-0.00045272051166019467,0.9996442045391077,0.5433863088642011,0.0,0.0,0.0,1.0
1544580844271093000,-0.945523216020272,-0.32291004684031704,-0.041411950162546875,-3.1429237220043036,0.3249855332945434,-0.9437211423572716,-0.06143947116588771,3.256476192933549,-0.019241910402620074,-0.07155073107569736,0.9972513433265408,0.35661330441494726,0.0,0.0,0.0,1.0
1544580844360893000,-0.9377543885321674,-0.34635029729269096,0.025654986921091694,-5.545417518074106,0.3462515390244532,-0.9381046532140634,-0.008338545515800938,-0.7989153539263036,0.026955120327208374,0.001063571053662651,0.9996360789331082,0.6056104862363998,0.0,0.0,0.0,1.0
1544580844371927000,-0.9455486726165935,-0.3224240132253265,-0.044502397785667384,-3.3107521803941093,0.324785490662914,-0.9435998334673061,-0.06429416252912712,3.3604023925083015,-0.021262473229849015,-0.07524699313690593,0.9969382113531434,0.41705909175532213,0.0,0.0,0.0,1.0
1544580844461724000,-0.9376313494304256,-0.346619777168433,0.02649872904467309,-5.792882072809924,0.34654200997775125,-0.9380035047515436,-0.007619737160886744,-0.8402186094702961,0.02749705231215352,0.0020384183885294323,0.9996198062086477,0.6350832875462917,0.0,0.0,0.0,1.0
1544580844472784000,-0.9455637019348001,-0.3224157318377796,-0.04424230381507938,-3.5143424092533895,0.3247899894071298,-0.9434912029394165,-0.06584688874084049,3.5200333331811753,-0.020512151624681493,-0.0766318852661248,0.9968484367225976,0.472341893870685,0.0,0.0,0.0,1.0
1544580844562579000,-0.9371751323357107,-0.34769736264964013,0.02844846811385628,-6.099181521349557,0.3476474553285929,-0.9376003645729976,-0.006841283222904333,-0.874706386250817,0.029051990208838023,0.003478557038007301,0.9995718490963217,0.6651509966024236,0.0,0.0,0.0,1.0
1544580844573643000,-0.9452438032540802,-0.322981436560642,-0.046873703149913785,-3.7849658955650893,0.32564208401516476,-0.942926206756193,-0.06962328439995383,3.6246207453957413,-0.02171141469419682,-0.08107502852049901,0.9964715019619865,0.553136198015396,0.0,0.0,0.0,1.0
1544580844663436000,-0.9368946974997112,-0.3482595205553662,0.030718595987913,-6.43166613867213,0.3482355006087459,-0.9373859014753323,-0.006301415004209123,-0.8964996423012445,0.030989706560372636,0.004793543347660052,0.9995082090855862,0.6796385418952088,0.0,0.0,0.0,1.0
1544580844674502000,-0.9458750005894037,-0.3209693043358261,-0.04794985854171248,-3.999838393638773,0.3238242830019743,-0.943202624112606,-0.07420676253112816,3.80773671648682,-0.0214083394557414,-0.08571765011518484,0.996089437480631,0.5967599021491738,0.0,0.0,0.0,1.0
1544580844764298000,-0.9369073066484386,-0.3481415373147508,0.03165704889733382,-6.737170094998866,0.34812793391623414,-0.9374270665061881,-0.006118546299258136,-0.9523463749717285,0.03180629459682587,0.005288192292672322,0.9994800621554668,0.6973035776599738,0.0,0.0,0.0,1.0
1544580844775341000,-0.945846320672115,-0.3208153396242855,-0.04952025376323374,-4.191180782890931,0.3238723796949073,-0.9429491820608479,-0.07715906765594739,3.9402138583813775,-0.021941270286350876,-0.08901886267826299,0.9957882419197819,0.6523001624878646,0.0,0.0,0.0,1.0
1544580844865154000,-0.9373033576864459,-0.3471426556306393,0.030893240545779736,-7.043136654564745,0.34718530317410856,-0.9377873873737933,-0.004145038303397771,-1.0317622933599213,0.03041021094326918,0.006840520765403557,0.9995140951212466,0.7149854154067647,0.0,0.0,0.0,1.0
1544580844876218000,-0.9453486685347254,-0.32114673283647827,-0.056397436892797935,-4.397162361865869,0.32499741254330533,-0.942022821630093,-0.08348464151108162,4.0770578177250565,-0.026316852771150163,-0.09725111575983367,0.9949118773759252,0.6675402359286395,0.0,0.0,0.0,1.0
1544580844966011000,-0.9377325672171684,-0.34601400267609417,0.03052773054724384,-7.361365796749213,0.34606209589641557,-0.9382036605457551,-0.0038622690644253893,-1.0754653138043526,0.029977627725972514,0.006942714931073171,0.9995264581517138,0.7454976133657589,0.0,0.0,0.0,1.0
1544580844977054000,-0.9459514870137131,-0.3185126684881408,-0.06103658107322106,-4.525803246185245,0.3230675581887069,-0.941939397555958,-0.09152881610675558,4.242978705377866,-0.028339672943262208,-0.10630075890830283,0.9939300838554932,0.6355939420003941,0.0,0.0,0.0,1.0
1544580845066868000,-0.9378964047736466,-0.3454993666306308,0.03131328105612697,-7.708519398140908,0.3455870461809532,-0.938382698662037,-0.0027394093663293236,-1.0925251548852137,0.030330305382420108,0.008252182110537408,0.9995058649481864,0.7736677651901539,0.0,0.0,0.0,1.0
1544580845077926000,-0.9461298196110489,-0.3173638708115282,-0.06417583615573506,-4.7263288600625915,0.32239890598938936,-0.9417190395458663,-0.09604267787631823,4.403002725251566,-0.029955130772698745,-0.11155906086164644,0.9933062297600166,0.677618282910481,0.0,0.0,0.0,1.0
1544580845167742000,-0.9376284733547178,-0.3460736385158483,0.032952734012544324,-8.030381754905504,0.34620277655116943,-0.9381578146749734,-0.0018847473409539268,-1.1316349225827327,0.0315671262987413,0.009641135238137026,0.9994551340848462,0.8021007726227416,0.0,0.0,0.0,1.0
1544580845178811000,-0.9468230531559941,-0.3148111152604792,-0.06648358986106198,-4.818225932599475,0.32025504421432044,-0.9419990168380573,-0.10037210235626544,4.525396190210927,-0.031029222801170132,-0.1163263254151266,0.9927262328294589,0.7082237754848117,0.0,0.0,0.0,1.0
1544580845268562000,-0.9378974451143549,-0.34522170949153524,0.034210433258091304,-8.421045107827599,0.34539122185511484,-0.9384582462968502,-0.001011841327108594,-1.1041209296420433,0.032454372793122424,0.010866979947648747,0.999414139600507,0.8575296731937411,0.0,0.0,0.0,1.0
1544580845279648000,-0.9471048710438971,-0.3134968956108161,-0.06864444396528908,-4.992449997844636,0.3193460687268564,-0.9418222610821703,-0.10482803498477207,4.657926146219716,-0.03178760188540886,-0.12120447587629378,0.9921184522998895,0.7343200255929276,0.0,0.0,0.0,1.0
1544580845369414000,-0.9382876171126694,-0.34411548707851725,0.034653702915305236,-8.75441512597798,0.3443596185866076,-0.9388371117132432,0.0011535843359209803,-1.1406875741263587,0.03213721611953243,0.01301572981621794,0.9993987142864637,0.8548502643961828,0.0,0.0,0.0,1.0
1544580845380514000,-0.9473358530373428,-0.31266635405008764,-0.06924256346377342,-5.197071486353996,0.31868924250233854,-0.9417072154986431,-0.10781784171034282,4.745657791068242,-0.03149521016433582,-0.12420656714850302,0.9917564118340194,0.7835594516353639,0.0,0.0,0.0,1.0
1544580845470302000,-0.938833250950073,-0.3426426178669457,0.03446974516590325,-9.149249634353467,0.3429117911476787,-0.9393653895697223,0.0020416587409136273,-1.200252320067499,0.03168012630036024,0.013736859168306501,0.999403656336009,0.8751292224570943,0.0,0.0,0.0,1.0
1544580845481384000,-0.9481157279988465,-0.30985797514374247,-0.07116601408703752,-5.357988451070038,0.3163106386799375,-0.9418958685053317,-0.1130475685296899,4.825579354280676,-0.03200228396703973,-0.1296927451032029,0.9910376610848292,0.8141578983884624,0.0,0.0,0.0,1.0
1544580845571184000,-0.9398990162394482,-0.33977670585231723,0.03378800722541131,-9.531491588911814,0.3400462154369815,-0.9404056574743698,0.002402240034492546,-1.2170443457154958,0.030958207943975306,0.013747347029349072,0.9994261352448973,0.8976366045329341,0.0,0.0,0.0,1.0
1544580845582250000,-0.9488213783135595,-0.30723334398240004,-0.07311405063699353,-5.455794002383384,0.3141027744147298,-0.9421072522140154,-0.11736001206000786,4.935467361057542,-0.032824368388843374,-0.1343190145554514,0.9903943473024909,0.843275906933172,0.0,0.0,0.0,1.0
1544580845672005000,-0.9407110712555109,-0.3376067305744439,0.032929863166179796,-9.885534089990692,0.33784196530505506,-0.9412013268988342,0.0016937304069755005,-1.3065014494586313,0.030421816121431983,0.012718400634852696,0.9994562298515953,0.8878139027946808,0.0,0.0,0.0,1.0
1544580845683110000,-0.949387356961867,-0.3038951148246815,-0.07944435553677642,-5.5150839563559675,0.3119446955199852,-0.9418253847536948,-0.12512174699266612,5.00014630999346,-0.036798823050532774,-0.14357124997451998,0.9889555818149013,0.8430219159358517,0.0,0.0,0.0,1.0
1544580845772879000,-0.9419481425600984,-0.33420515021426606,0.0322585538708593,-10.239068654337075,0.33445046561420266,-0.9424103387633358,0.0023747510222379125,-1.3213258350116486,0.02960714065934335,0.013025780676589438,0.9994767362273836,0.87470835349923,0.0,0.0,0.0,1.0
1544580845783914000,-0.9493967236624689,-0.30217602270576505,-0.08564760592506071,-5.597906810882976,0.31137004154944153,-0.9412767561942896,-0.13056326234378743,5.091124421921177,-0.04116501335441294,-0.15062443211537155,0.9877336291356354,0.8410539996053132,0.0,0.0,0.0,1.0
1544580845873752000,-0.9434777258532211,-0.32995624776521204,0.031283468150689754,-10.65422318997326,0.3301237254262781,-0.9439376493758879,0.00020000349596691684,-1.341234228883082,0.029463650987418405,0.010516113893697587,0.9995105325203265,0.8830134039531693,0.0,0.0,0.0,1.0
1544580845884818000,-0.9502313440613508,-0.2979819480671327,-0.09092387689421895,-5.611254023047511,0.30829377583917444,-0.9414317739068875,-0.1366058668482222,5.175500892812246,-0.04489254439418345,-0.15783844178350717,0.9864439597631337,0.8406221128124037,0.0,0.0,0.0,1.0
