1544681931133362188,-0.5463276686390474,-0.8279800625756812,-0.12639262026160034,-3.721125148739653e-05,0.7689600111633165,-0.5556467491682925,0.31616007238489097,4.507042970233326e-05,-0.33200388508439355,0.07553612457546897,0.9402487512211769,2.8477411294197483e-05,0.0,0.0,0.0,1.0
1544681931159665000,-0.5453335233220324,-0.8284955928641584,-0.1273043634202813,-0.024150376549413197,0.7689386722811399,-0.554916731046347,0.31749132251976797,0.03183702947722433,-0.33368348267735937,0.07524941334989019,0.939676997259592,0.001996057357770833,0.0,0.0,0.0,1.0
1544681931231570000,-0.5425093147503999,-0.8300017403748405,-0.12954055111735074,-0.11025634706100214,0.7688744967093443,-0.5527241128604992,0.3214468282197344,0.1455997638935444,-0.33840161305614946,0.074787472462373,0.9380251501125563,0.00850312059514138,0.0,0.0,0.0,1.0
1544681931260506000,-0.5417293823491943,-0.8304092858173978,-0.1301909917306035,-0.13442148593864034,0.768828115443498,-0.5521295202037273,0.3225776213924305,0.17771909396143837,-0.33975374200022956,0.07465528077663339,0.9375467902184947,0.010190677945199834,0.0,0.0,0.0,1.0
1544681931332447000,-0.5396089216547947,-0.8314377083870724,-0.13241430716730543,-0.2061570421685722,0.7684144531193026,-0.5506394716880207,0.32609109226794214,0.27416189031249444,-0.3440369746232357,0.07421259523280284,0.9360187235311597,0.014797659870764849,0.0,0.0,0.0,1.0
1544681931361392000,-0.5385322849588634,-0.8319444669283781,-0.1336090640796556,-0.2301450907444172,0.7683228552227002,-0.5499418910370788,0.32748115461046096,0.3066705877240027,-0.34592335596114965,0.0737042768760243,0.9353634113919346,0.016187195822570215,0.0,0.0,0.0,1.0
1544681931433284000,-0.5356786907802016,-0.8332689266902661,-0.13678902023356665,-0.2994751284563557,0.7680435694074845,-0.5481139827273536,0.3311799170097278,0.4008791106772902,-0.35093790866166025,0.07234609700052687,0.9335998213972474,0.019641635310937086,0.0,0.0,0.0,1.0
1544681931462225000,-0.5346082844819718,-0.8338911180278479,-0.13718449415845096,-0.3233456690628505,0.7682070975367178,-0.5471740078228964,0.3323529155239102,0.433309832319389,-0.35220993378588494,0.07229251992631255,0.9331248330771439,0.020592213740219942,0.0,0.0,0.0,1.0
1544681931534118000,-0.5324473200516314,-0.8348758138022424,-0.13957874801659814,-0.3911587448346518,0.7679180965797018,-0.545797083338022,0.33527203993938537,0.5253034703220556,-0.3560921907529644,0.07132965265408489,0.9317244401307733,0.02287702447591065,0.0,0.0,0.0,1.0
1544681931563064000,-0.5317062977938766,-0.8352073609405053,-0.14041751000898609,-0.4151762346034114,0.7678533265114335,-0.5453434212235047,0.3361574361717553,0.5579874602573093,-0.3573369304335251,0.07091697370191287,0.931279281949999,0.023560129484970233,0.0,0.0,0.0,1.0
1544681931634999000,-0.5297153246318071,-0.8360715390192401,-0.14277974818656447,-0.4817405206224848,0.7676327138623982,-0.5441704349004136,0.3385536211422696,0.6495289710144161,-0.3607515647346088,0.06973463574360875,0.930051283058756,0.02509790956237798,0.0,0.0,0.0,1.0
1544681931663918000,-0.5283418115863886,-0.8368540689053537,-0.14328362602253206,-0.5057995464370733,0.7679365121322326,-0.5430006101949745,0.33974085809932647,0.6829896705946245,-0.3621166158350008,0.06946657242471017,0.9295407209217738,0.02551633704230994,0.0,0.0,0.0,1.0
1544681931735870000,-0.525474432287873,-0.8385872381362605,-0.1436943459108185,-0.5707230801471754,0.7691920281131933,-0.5404228745007479,0.3410084172032411,0.773753937378783,-0.3636210182303124,0.06866265907571747,0.9290130216255336,0.025978091526829134,0.0,0.0,0.0,1.0
1544681931764802000,-0.5242122286810597,-0.8392871590303896,-0.14421721113631203,-0.5946776661392625,0.7696929857909519,-0.5394194526400112,0.3414664869906842,0.8075752131076515,-0.3643820068629175,0.06799793232332613,0.9287637128324432,0.02575096293409784,0.0,0.0,0.0,1.0
1544681931836692000,-0.5214037571882043,-0.8407918639115214,-0.1456267955089671,-0.6572610543828621,0.7703776442165736,-0.5372139981354263,0.34339395087664537,0.8977745343642808,-0.3669555930645398,0.06685926852377869,0.9278326524385289,0.024102506516963208,0.0,0.0,0.0,1.0
1544681931865652000,-0.5195814311160052,-0.8418404678102868,-0.1460813581412767,-0.680753544054678,0.7709505424241692,-0.5356238002093912,0.34459019978102995,0.9321314916647445,-0.3683346271738815,0.06642116685370077,0.927317545945546,0.023167678927734813,0.0,0.0,0.0,1.0
1544681931937575000,-0.5151167636832512,-0.8443107182132479,-0.14762835392539986,-0.7417688215606817,0.7721401674780123,-0.5318822642553116,0.3477079503515412,1.0214895495787704,-0.37209445244389244,0.0651204121675608,0.9259076899883747,0.02011107639992003,0.0,0.0,0.0,1.0
1544681931966531000,-0.51340358140073,-0.8452746522800888,-0.1480794544076825,-0.7656269588193786,0.77251236271744,-0.5303792283945282,0.34917405908277477,1.0560054750295906,-0.3736862481462488,0.06487400327093858,0.9252837141363639,0.0186771567906075,0.0,0.0,0.0,1.0
1544681932038427000,-0.5092333223683513,-0.8474380895117128,-0.1501003258971522,-0.8272472654998813,0.7729832980858024,-0.5270449411082326,0.3531578272282976,1.1431955524867263,-0.37838901182524787,0.06381468872411941,0.9234443357522731,0.014272516901314078,0.0,0.0,0.0,1.0
1544681932067355000,-0.5089602753422878,-0.8474870155629078,-0.1507487863161039,-0.8518208379267348,0.7727977893649288,-0.5270066194250465,0.3536207005180284,1.1775972621131554,-0.3791345603821675,0.06348056028785728,0.9231615262722765,0.012142051606608669,0.0,0.0,0.0,1.0
1544681932132284734,-0.5065538196828311,-0.8485373802795645,-0.15292985984765897,-0.9072353476141872,0.7728175517880446,-0.5254829653397198,0.35583800357199913,1.2551546844364168,-0.38230388359663103,0.062064220014952494,0.9219499840993917,0.006384476034853156,0.0,0.0,0.0,1.0
1544681932139298000,-0.5066409187647171,-0.8493836702022318,-0.14785925817149884,-0.9311997823560583,0.7728877490663175,-0.5234494848056802,0.3586713874842386,1.1676004301250746,-0.38204647201151126,0.06743899206284497,0.9216791608651594,0.06436276286782783,0.0,0.0,0.0,1.0
1544681932168226000,-0.507640035557484,-0.8486568013667327,-0.1486042657301059,-0.9622782535924325,0.77200299550023,-0.5246260073863191,0.3588578093236406,1.2114499184180803,-0.3825087832166352,0.06744765279737894,0.9214867578507312,0.06031948679910386,0.0,0.0,0.0,1.0
1544681932240157000,-0.5101768262970007,-0.8468862260612287,-0.15001108631460713,-1.0387186500487462,0.7694170095984221,-0.5273496439871322,0.36041617378700286,1.319465498124249,-0.3843397861920344,0.06845489824996519,0.9206502352443344,0.050957790214898116,0.0,0.0,0.0,1.0
1544681932269063000,-0.5105856074233006,-0.8464742475162258,-0.15094265727096248,-1.059314147916863,0.7686177716043189,-0.5280210931921349,0.3611377110164379,1.3487137151678648,-0.3853946790839113,0.06837450867114668,0.9202151204461866,0.04858062434440106,0.0,0.0,0.0,1.0
1544681932341003000,-0.5167914993548695,-0.8418756524160336,-0.1554732519233595,-1.1331070707671598,0.7614872647640627,-0.5350192353682186,0.36591196125318687,1.459040748732013,-0.391233551471104,0.0707092897368219,0.9175709806593827,0.04283542799614853,0.0,0.0,0.0,1.0
1544681932369921000,-0.5168108363496745,-0.8418197779683081,-0.15571133822859756,-1.1525367869558198,0.7612549203278022,-0.5351004965869117,0.3662764049582635,1.4908350571630604,-0.39165993630733054,0.07075959280428554,0.9173851831798404,0.04271332491369018,0.0,0.0,0.0,1.0
1544681932441856000,-0.5171119599725537,-0.841476282789593,-0.1565659169677558,-1.2234038589228737,0.7605216262462864,-0.5356472853032098,0.36699978441275244,1.6060559364479354,-0.3926857227670105,0.07070821204012413,0.9169505285919418,0.04222976975103869,0.0,0.0,0.0,1.0
1544681932471791000,-0.5171765816421628,-0.8413111938249789,-0.1572382222798179,-1.2453396124609724,0.7601926413707835,-0.535947348676041,0.36724322655813896,1.641237464752249,-0.3932372457011687,0.07039825702323531,0.9167379963770743,0.04209217628166908,0.0,0.0,0.0,1.0
1544681932542705000,-0.5172287532690639,-0.8409563029639316,-0.1589556960192591,-1.309816937008307,0.7592908088320164,-0.536590843215514,0.36816807927967454,1.7428271782293492,-0.3949074377812509,0.06973351764037221,0.9160706043218213,0.041844113492206944,0.0,0.0,0.0,1.0
1544681932572676000,-0.5170741477672792,-0.8410123157639672,-0.15916221424720378,-1.3336462520034467,0.7590850790470132,-0.5364880059872117,0.36874172831407664,1.7798286890480794,-0.39550495379822154,0.06984915293109802,0.9158039786744098,0.041797557253553864,0.0,0.0,0.0,1.0
1544681932643562000,-0.5168970759782259,-0.8408041516824699,-0.1608284531999303,-1.4014479457573064,0.7581760473795696,-0.5368808076491195,0.3700379434030018,1.88395427606255,-0.3974751489402232,0.06933524999271401,0.9149896879656059,0.041627007308164016,0.0,0.0,0.0,1.0
1544681932673500000,-0.5169012701828062,-0.8405990298897252,-0.16188374789290388,-1.426950010796347,0.7577516159943614,-0.5372760766054853,0.3703335064038232,1.9227521116231214,-0.3982782511528056,0.06875818828231732,0.9146839597384441,0.041466292085444466,0.0,0.0,0.0,1.0
1544681932744421000,-0.5173438726357978,-0.8398738347081733,-0.16421711000618305,-1.4976994033636106,0.7563791767271537,-0.5385183185147664,0.37133349113375386,2.029709399748054,-0.4003072051059638,0.06789670387151774,0.9138622320369943,0.040843553392215036,0.0,0.0,0.0,1.0
1544681932774359000,-0.5168616023239251,-0.8400405964001015,-0.16488141327301742,-1.524913658456953,0.7561237504103825,-0.5382826422392967,0.37219439964784323,2.0706644092863864,-0.40141120824970244,0.06770224120101759,0.9133922752179789,0.040621989579461996,0.0,0.0,0.0,1.0
1544681932845278000,-0.5160386254619881,-0.8402783136657141,-0.16624227084109838,-1.5984745959911166,0.7556054105979249,-0.5379710504773877,0.3736945441445413,2.181606558053215,-0.4034409504579855,0.06722725958537332,0.9125326816406075,0.04008111991779637,0.0,0.0,0.0,1.0
1544681932875236000,-0.5153353564818319,-0.8406572750704411,-0.16650770622072367,-1.6271025842231341,0.7555900207590918,-0.5373795145605369,0.3745757304737682,2.225069058684543,-0.4043676432270796,0.06722055639327638,0.9121229116238444,0.039833766087366114,0.0,0.0,0.0,1.0
1544681932946137000,-0.5144179893604198,-0.8412859581709529,-0.16616879612840568,-1.7025893709298532,0.7555076998561036,-0.5362925085222636,0.37629570919828387,2.3399179237951113,-0.4056873767823242,0.06803147717990536,0.9114765331220549,0.03889286953307039,0.0,0.0,0.0,1.0
1544681932976073000,-0.5139739861362156,-0.8415785417842866,-0.16606113206733267,-1.7326736565754384,0.7553577028104433,-0.5357729067349343,0.3773355710951834,2.3854971864064667,-0.40652857510903523,0.06850511234229466,0.911066170595083,0.03838605070336005,0.0,0.0,0.0,1.0
1544681933046996000,-0.5142616668622605,-0.8413989181638867,-0.16608069878432521,-1.8107666476624045,0.7543952172519583,-0.5359075854025921,0.3790658466484856,2.5030803396369965,-0.40794949955039744,0.06964854930724593,0.9103440478170752,0.03678469672323433,0.0,0.0,0.0,1.0
1544681933076925000,-0.5146036287178303,-0.8411399123991546,-0.16633325909025407,-1.8425216868016132,0.7537986633643052,-0.5362632434085175,0.3797490077395327,2.550776113853977,-0.40862046011014586,0.07003842900949653,0.9100131526748713,0.03610771950236338,0.0,0.0,0.0,1.0
1544681933132455649,-0.5147680232844012,-0.8409714101841114,-0.1666762414287639,-1.9054848068523629,0.7526237277854247,-0.5363813385277532,0.3819065121905437,2.6447759115090634,-0.41057448359371307,0.07114876620238644,0.9090469990543047,0.0349273942295572,0.0,0.0,0.0,1.0
1544681933147852000,-0.5147781008997403,-0.8409205581930385,-0.1669015327741578,-1.9151378473444554,0.7524233090469996,-0.536459102672847,0.38219209196712445,2.65900522147108,-0.41092903382070817,0.07116351570678695,0.9088856271255633,0.034766422010891064,0.0,0.0,0.0,1.0
1544681933177803000,-0.5156209084059111,-0.8402385369661572,-0.16773276308353297,-1.9494844369146889,0.7512472469017484,-0.5374807550305742,0.38306920000739436,2.709065869675807,-0.4120226363165117,0.07150971240841081,0.9083632027961388,0.03421504954132076,0.0,0.0,0.0,1.0
1544681933248744000,-0.5163373591514042,-0.8394504511172538,-0.16946584217355948,-2.036243932532942,0.7497485199735748,-0.5387328564985422,0.3842447997388604,2.8330315864174653,-0.41385128771333773,0.07134318080912129,0.9075446337288576,0.03291285064808629,0.0,0.0,0.0,1.0
1544681933278663000,-0.5164743757187864,-0.8392723435946228,-0.16992984582786447,-2.0727155534735195,0.749506665537571,-0.5390411722368201,0.3842842345820405,2.8850654372571944,-0.41411831345720984,0.07110940803257476,0.907441168643244,0.03232716445052909,0.0,0.0,0.0,1.0
1544681933349572000,-0.5188959201281752,-0.8372685259506507,-0.172419371089093,-2.1613064121303287,0.7468270273200145,-0.5421534379428438,0.38512211179197203,3.012281866974943,-0.4159283776549619,0.07107084619714761,0.9066159713363386,0.03086914548051223,0.0,0.0,0.0,1.0
1544681933382403000,-0.5196728703787201,-0.8367057035441442,-0.1728110917998128,-2.202914696355992,0.7462491422514448,-0.5430139610593567,0.3850299414118464,3.071909016734543,-0.41599558348776855,0.0711294858080982,0.9065805373861439,0.030117146568379296,0.0,0.0,0.0,1.0
1544681933450433000,-0.5218222458284182,-0.8350088460239483,-0.1745330078247075,-2.2803992899751755,0.7443123886827595,-0.5456319762516146,0.3850776733921628,3.183316107619718,-0.4167740536693111,0.07103501638988564,0.9062303319987357,0.028620865365966825,0.0,0.0,0.0,1.0
1544681933483263000,-0.5225774812299746,-0.8343587281479734,-0.1753804118897925,-2.310313288921598,0.7434781757636547,-0.5466382219012581,0.38526206213404934,3.2267111067644647,-0.4173164006775784,0.07093776934697614,0.9059883302811291,0.028078072952360134,0.0,0.0,0.0,1.0
1544681933551294000,-0.522991598223987,-0.8339456034520975,-0.17610939404255946,-2.389693393531245,0.7431126377072449,-0.5473278793239739,0.38498805201525715,3.3414428734228356,-0.4174486745300553,0.07047640028860767,0.9059633994458394,0.02704975918986982,0.0,0.0,0.0,1.0
1544681933584116000,-0.5235129943205497,-0.8334794919030704,-0.17676561134602672,-2.421531676316177,0.7427142410370094,-0.548085987975409,0.38467818491024264,3.3868987233353205,-0.41750413283984933,0.07009769155984746,0.9059672249588431,0.02679129591839257,0.0,0.0,0.0,1.0
1544681933652163000,-0.5253071727568892,-0.8322364227681983,-0.17729893081504028,-2.5043774156429053,0.7420678518466236,-0.5500210523509655,0.38316073027709247,3.5045594995901705,-0.4163984600186477,0.06970924320870416,0.9065058984393695,0.026226618126303815,0.0,0.0,0.0,1.0
1544681933684969000,-0.5263567684948023,-0.8315883616674576,-0.17722682923006947,-2.5379172507014234,0.7417565465878587,-0.5509881871548661,0.38237317271200794,3.552228861353975,-0.4156269695938483,0.06980554673538465,0.9068524730027541,0.026071847284281063,0.0,0.0,0.0,1.0
1544681933752997000,-0.5294346480084505,-0.8298425206110104,-0.17623945209325761,-2.6226992853643707,0.7414621311552211,-0.5535793571947579,0.3791883481208208,3.67312248142625,-0.4122291371930494,0.07008056987355718,0.9083808959766118,0.02630583176405562,0.0,0.0,0.0,1.0
1544681933785862000,-0.5302528376840567,-0.8294649404628296,-0.17555580500513387,-2.657766705008883,0.7417361171634831,-0.5541385592637629,0.37783328285411977,3.723144768738167,-0.41068170232340334,0.07013108925486224,0.9090776477819045,0.026607157886145257,0.0,0.0,0.0,1.0
1544681933853880000,-0.5324614115606098,-0.8284108971796887,-0.17383966933017098,-2.744822112935579,0.7419948894304289,-0.5556349115926792,0.37511788690826425,3.8466212333182,-0.4073431345413959,0.07074765334154513,0.9105308013947995,0.02747079518607821,0.0,0.0,0.0,1.0
1544681933886723000,-0.5328248006266488,-0.8283281913875131,-0.17311885856215442,-2.7816317127365817,0.7423137333756867,-0.5557323880445814,0.3743418679764758,3.8983460976137203,-0.406285679145877,0.07095012495376264,0.9109873910708213,0.02784865866701373,0.0,0.0,0.0,1.0
1544681933954762000,-0.535493641997609,-0.8266793341510682,-0.1727652681174209,-2.871056023178475,0.7410627948296601,-0.5580606978761117,0.373355315490862,4.023308389752405,-0.40505862970610945,0.07189948521077624,0.9114592533553187,0.029029782593890753,0.0,0.0,0.0,1.0
1544681933987578000,-0.5365784553943278,-0.8259976642094868,-0.1726598387787654,-2.9094246648250928,0.740310592595687,-0.5589820410397504,0.3734692815823795,4.076691074400119,-0.4049985033271897,0.07257366268491874,0.9114325404478568,0.029717120820888756,0.0,0.0,0.0,1.0
1544681934055620000,-0.5387538196964702,-0.8245497594418638,-0.17280629608561207,-3.0010331139959234,0.7381267709893496,-0.5608686570781093,0.3749602905058577,4.203553686750855,-0.40609505255703576,0.07445833540822631,0.9107923828057266,0.031703810408707386,0.0,0.0,0.0,1.0
1544681934088439000,-0.539705602817011,-0.8239547272095077,-0.1726744619132558,-3.04114173614711,0.7371821725525373,-0.5616056989090377,0.37571463030285696,4.258657137169072,-0.4065468075863489,0.07548275605721967,0.9105064781644107,0.032648239437694716,0.0,0.0,0.0,1.0
1544681934132373453,-0.5412057087877478,-0.823049730169661,-0.17229487062359067,-3.101422174545321,0.7359292136970346,-0.5627311579332539,0.37648617015551405,4.340404915608976,-0.406822532811079,0.07695963590574839,0.9102596559435313,0.03411028637604007,0.0,0.0,0.0,1.0
1544681934156443000,-0.5418224259588611,-0.8226981045793459,-0.17203571562209194,-3.1251317894048776,0.7354504409783715,-0.5631531116634464,0.3767906868388573,4.372188203531012,-0.40686743245530743,0.07762990110343777,0.9101826689527198,0.03468987095252073,0.0,0.0,0.0,1.0
1544681934189259000,-0.5432922677978385,-0.8218001467284123,-0.17169167303116958,-3.167375421816468,0.7343413143777654,-0.5642895432365526,0.377253423300331,4.428640985117179,-0.4069107343742874,0.07887857903790817,0.9100559455439774,0.035765611600241415,0.0,0.0,0.0,1.0
1544681934257319000,-0.5463042867114207,-0.8199851325393929,-0.17080986135197201,-3.264451562825519,0.7312425201920469,-0.5663683937445468,0.3801463129249146,4.559224560904459,-0.4084556315977434,0.08277212683975162,0.9090174761986228,0.03843551732005804,0.0,0.0,0.0,1.0
1544681934292563000,-0.5484590835559768,-0.8186814575434735,-0.17015670641920752,-3.311500487290837,0.7293238294729332,-0.5678976353735328,0.3815481981350253,4.623080446286538,-0.4089980261906863,0.08516423434541198,0.9085525123846646,0.03997274834534523,0.0,0.0,0.0,1.0
1544681934358169000,-0.5546143461335827,-0.814444308500822,-0.1705385452425233,-3.395899833148753,0.7237893774458285,-0.5732905168533295,0.3840142189849523,4.737927751108933,-0.41052632578118453,0.0895458074767345,0.9074412841633007,0.043319057396797166,0.0,0.0,0.0,1.0
1544681934393394000,-0.5577405808257151,-0.8124098944722495,-0.17004589928540448,-3.4446877605238257,0.7210536701219857,-0.5757170893605211,0.38552747998276704,4.80469128853355,-0.4111046695232389,0.09241210084092831,0.9068919198638596,0.04543813006196714,0.0,0.0,0.0,1.0
1544681934459038000,-0.5640151854164264,-0.8081777879836569,-0.16951558521125995,-3.5313910188734767,0.7157737213397455,-0.580842285960327,0.38767282427303984,4.9240060177836,-0.41177038560237406,0.09731855861152007,0.9060762924228011,0.049077757267674035,0.0,0.0,0.0,1.0
1544681934494257000,-0.5681205575056675,-0.8051171248085569,-0.17036856364791403,-3.582222721022679,0.7122245386209356,-0.5847473112411933,0.3883384974251069,4.993878886409188,-0.4122805340125201,0.09928241201841782,0.9056311412148768,0.0511651788365896,0.0,0.0,0.0,1.0
1544681934559898000,-0.5754823943122007,-0.7993916980350303,-0.17260627725945382,-3.671997993312415,0.7059995412545149,-0.5921368249690334,0.38850820874726355,5.117486435257107,-0.4127767696771615,0.10171968161699536,0.9051344898890025,0.05491808624594207,0.0,0.0,0.0,1.0
1544681934595127000,-0.578600584930617,-0.7970389162155587,-0.17306163398013993,-3.7099580532240473,0.7035312960622849,-0.5950745383732964,0.38849711612923304,5.170277215021085,-0.41263189234337516,0.10303038298352758,0.9050522977173171,0.056423658621607815,0.0,0.0,0.0,1.0
1544681934660745000,-0.5857235087043473,-0.791182985140804,-0.17594730851807389,-3.8018522129662413,0.6967024866680123,-0.602400044771234,0.38951229907439916,5.299337348453436,-0.4141661700594074,0.10556358313026792,0.9040590210240813,0.05978527664041712,0.0,0.0,0.0,1.0
1544681934695984000,-0.5881659106528757,-0.7890368025273017,-0.17743107338729083,-3.8414728550804744,0.694224343866795,-0.6051253857622736,0.3897124938833451,5.355410574166722,-0.4148655468083551,0.10603863335382817,0.9036826800973117,0.06114984507856111,0.0,0.0,0.0,1.0
1544681934761605000,-0.591169964357138,-0.7857082186601273,-0.1821556158121626,-3.9356638832488855,0.6887386960588883,-0.6093034442014111,0.39292279322457274,5.490707823062331,-0.41971071203042126,0.10682653235140507,0.9013495493939582,0.06428596998265557,0.0,0.0,0.0,1.0
1544681934796869000,-0.5932645672175867,-0.7837082605411033,-0.18395248202665898,-3.9768629731518743,0.6859869467935508,-0.611753107184636,0.3939289843091063,5.550904040576807,-0.42125890152374945,0.10751510689004236,0.9005450792033847,0.06554988546064007,0.0,0.0,0.0,1.0
1544681934862440000,-0.5950455041307273,-0.7818711353493388,-0.1860063862380633,-4.073117301760698,0.6824977195033566,-0.6138104113279524,0.3967790844010412,5.693214312449245,-0.4244027696499255,0.10915267588540714,0.8988703924707542,0.06792366515165313,0.0,0.0,0.0,1.0
1544681934897710000,-0.5967854717737402,-0.7802221044162967,-0.18735145705331552,-4.116361513466379,0.6802622107380248,-0.6157892582146703,0.39755114653241763,5.7577213206693125,-0.42554720692493475,0.10980463217746206,0.8982496965937494,0.06870521862233425,0.0,0.0,0.0,1.0
1544681934963318000,-0.597522653451465,-0.7796686467931498,-0.18730584566440506,-4.21681776643332,0.6793412806560737,-0.6163208022059753,0.39830151037216793,5.906481218621512,-0.42598368866529135,0.110749582283278,0.8979267381112954,0.07019282662856838,0.0,0.0,0.0,1.0
1544681934998574000,-0.5986032134427081,-0.7788032859318452,-0.18745568723787687,-4.263099235804273,0.6783801293678368,-0.6173111917352019,0.39840593951062014,5.9743087002975495,-0.4259983485119915,0.11132086228655107,0.8978491369293827,0.07089968788936817,0.0,0.0,0.0,1.0
1544681935064177000,-0.6008365738974075,-0.7769915511001395,-0.1878284882179045,-4.367864204121521,0.6762088997015878,-0.6193427014022965,0.3989437832377833,6.127395826229734,-0.42630615223287,0.11268872054781785,0.8975323486257751,0.07296866487183265,0.0,0.0,0.0,1.0
1544681935099427000,-0.6015792971659415,-0.7761259270074884,-0.18902617450527662,-4.416548005133716,0.6751350889894548,-0.6204773984969886,0.39899926011160464,6.198224681435205,-0.4269601396342944,0.11241149132171395,0.8972562040923958,0.07422214918755858,0.0,0.0,0.0,1.0
1544681935131674672,-0.602473393775779,-0.7751752076784345,-0.1900768454941079,-4.469146220970405,0.6738705311600851,-0.6216512087304108,0.3993097568530502,6.274672352225435,-0.4276965244496659,0.11248631954469067,0.8968960424090238,0.07575048345467537,0.0,0.0,0.0,1.0
1544681935165024000,-0.6031895365923637,-0.7743314801147442,-0.19124105691194487,-4.510826548253201,0.6728566862896849,-0.6227585148877265,0.3992940167972714,6.3354380564013875,-0.4282829236156353,0.1121721491197413,0.8966555338038691,0.07708388776862073,0.0,0.0,0.0,1.0
