1544681931133362188,-0.46941362216629834,-0.8633021173334812,-0.18536532990892127,-4.9749704129992105e-06,0.8223956952951438,-0.5038845886947388,0.26413186410570555,9.861186521659586e-06,-0.32142833055711634,-0.028456554314665126,0.9465062349672092,-1.931337661423615e-06,0.0,0.0,0.0,1.0
1544681931159665000,-0.46899006319797737,-0.8634577041904927,-0.18571244895170214,0.00019668053727361716,0.8224007385787067,-0.503608902401295,0.2646414529270918,0.01293195639504947,-0.3220331439568861,-0.028615843448058304,0.9462958246219825,-0.0033499704897693434,0.0,0.0,0.0,1.0
1544681931231570000,-0.468667089173948,-0.8641499273155655,-0.18329228746928095,0.02026978801357211,0.822966023178145,-0.5025269956239007,0.26494064120773014,0.06803534428983031,-0.32105775838556955,-0.02667436577911315,0.9466838933829579,-0.026883177443179078,0.0,0.0,0.0,1.0
1544681931260506000,-0.46428965145562584,-0.8650890519015035,-0.189884311704185,-0.07302937868404075,0.8215586920735931,-0.5007527602816689,0.2725582296475695,0.11029276627349982,-0.33087223369382296,-0.02945514132455181,0.9432157545439998,0.010660484945342205,0.0,0.0,0.0,1.0
1544681931332447000,-0.4674946029887393,-0.8644182771237618,-0.18501307616163493,0.0019584329422440956,0.8228769156136997,-0.5020045367646719,0.2662048587418619,0.11537081776645182,-0.32298974894954224,-0.027793654708888567,0.945994257293052,-0.029290705738583712,0.0,0.0,0.0,1.0
1544681931361392000,-0.4603551856327391,-0.8661466793096598,-0.19458425676784888,-0.1450828412857576,0.8201629171388725,-0.49885071990032104,0.2801441568285576,0.20021186094480733,-0.33971442773497024,-0.03062497633928072,0.9400299029354964,0.015762833316952052,0.0,0.0,0.0,1.0
1544681931433284000,-0.4666405218235297,-0.864519694940287,-0.18668776192513933,0.004240410236685695,0.8226010510406363,-0.5017759762282933,0.2674852902628171,0.16143581985462777,-0.32492173552888676,-0.028750073747684107,0.9453038130888902,-0.04107276903110628,0.0,0.0,0.0,1.0
1544681931462225000,-0.45643394925455694,-0.8672637452933413,-0.19880051827812922,-0.23600811275983466,0.818908793690421,-0.4968406979624921,0.2872937668391659,0.321499282876726,-0.347931656484979,-0.03166886401355494,0.9369848693910215,0.01903947224580262,0.0,0.0,0.0,1.0
1544681931534118000,-0.4658147615383601,-0.8650633242083428,-0.18623118171395756,0.006277165799565655,0.8229479723372147,-0.5008605170163545,0.26813313357393787,0.20035230645029992,-0.3252279858176887,-0.02835820170118783,0.9452103308984974,-0.05177941634796318,0.0,0.0,0.0,1.0
1544681931563064000,-0.45369828785842437,-0.8676470592360805,-0.20333825068912412,-0.3612359350287433,0.8169514667425258,-0.49610391346634025,0.2940598715068323,0.4432810192328764,-0.3560170846765175,-0.03270302191482126,0.9339070337972999,0.007274869680475212,0.0,0.0,0.0,1.0
1544681931634999000,-0.46557722134599555,-0.8652685251404812,-0.18587154264427125,0.007953861302966754,0.8230566123093457,-0.5005255310820926,0.2684250466496263,0.2342685760898295,-0.3252931968203583,-0.028010214854703477,0.9451982670139552,-0.06043843023138214,0.0,0.0,0.0,1.0
1544681931663918000,-0.4512426223018595,-0.8675567019662538,-0.20910634780316048,-0.39656192986841093,0.8141863315290275,-0.4961619782529889,0.30153591641358674,0.5182919408416461,-0.36535012435941616,-0.034185672576626795,0.930242240720686,-0.0007275747256504563,0.0,0.0,0.0,1.0
1544681931735870000,-0.46523320981392885,-0.8657894188903568,-0.1843006853588083,0.01018127574655127,0.823448053464931,-0.49969461951980826,0.26877237668288556,0.26293576246644035,-0.32479434066966534,-0.026720205097466365,0.9454071434617505,-0.06731637468713093,0.0,0.0,0.0,1.0
1544681931764802000,-0.4485316230896267,-0.8682433177199089,-0.2120682067715647,-0.635718513437735,0.812911954876502,-0.49492292655552544,0.3069616431878394,0.8533144661738626,-0.37147481301893004,-0.03471077648852601,0.9277939562683699,0.03412617957157531,0.0,0.0,0.0,1.0
1544681931836692000,-0.4652760729255359,-0.8659347881396626,-0.18350781632537796,0.013951244490573205,0.8231916442584812,-0.49950734547583764,0.2699035543276473,0.2862916229021815,-0.32538237934160996,-0.025482435228959762,0.9452390981697665,-0.07374306610098613,0.0,0.0,0.0,1.0
1544681931865652000,-0.44743349094085205,-0.8676002281719295,-0.2169633961305366,-0.6939924933535425,0.8099829043123457,-0.49597807996293397,0.31294318800385695,0.9379320105986236,-0.3791186699520582,-0.035715378652556896,0.9246585563447113,0.03410646675521999,0.0,0.0,0.0,1.0
1544681931937575000,-0.46504973844757913,-0.86626017057879,-0.1825433034615159,0.018853110783090595,0.822390552556271,-0.49905922754570664,0.27315502277585096,0.3043848554102153,-0.3277232366434074,-0.023091216301610686,0.9444915435797603,-0.07884776985743028,0.0,0.0,0.0,1.0
1544681931966531000,-0.4461849374105335,-0.8669777408283954,-0.22196530930766306,-0.7868430840070294,0.807166608223475,-0.4969706027943371,0.318594234924678,1.0968735283353779,-0.3865243436020098,-0.037011037087916955,0.9215362797723768,0.029207358399208877,0.0,0.0,0.0,1.0
1544681932038427000,-0.46566978799416275,-0.8662943558435466,-0.1807919732263733,0.021957288902699643,0.8206787797102216,-0.499176398113669,0.2780454353151702,0.3151508849011695,-0.3311162772845986,-0.018894777052863316,0.9434007623048172,-0.0825149437336107,0.0,0.0,0.0,1.0
1544681932067355000,-0.44571821801189354,-0.8657369661568681,-0.22767251824012674,-0.9072196911024666,0.8037616563697265,-0.4990089769381113,0.32397104914632824,1.2551282813411853,-0.39408434361452993,-0.03859464165760544,0.9182635698715406,0.006376630850006014,0.0,0.0,0.0,1.0
1544681932132284734,-0.44571821801189354,-0.8657369661568681,-0.22767251824012674,-0.9072196911024666,0.8037616563697265,-0.4990089769381113,0.32397104914632824,1.2551282813411853,-0.39408434361452993,-0.03859464165760544,0.9182635698715406,0.006376630850006014,0.0,0.0,0.0,1.0
1544681932139298000,-0.46692743545906296,-0.8664571333226392,-0.17672239849531285,0.024008417424352592,0.8187566409915848,-0.4991027431142518,0.28378515579220176,0.31980872101525354,-0.33409030642597043,-0.012185562364595422,0.9424622959153643,-0.08542667453592506,0.0,0.0,0.0,1.0
1544681932168226000,-0.4461580880053515,-0.8640491903242964,-0.2331565079669351,-0.9853431522496624,0.7995777734327882,-0.5018738589252302,0.3298454395012338,1.3438593053967434,-0.4020178413201011,-0.03926355087641086,0.9147896090538512,0.019980362964101196,0.0,0.0,0.0,1.0
1544681932240157000,-0.4684926657518238,-0.8662702517902402,-0.17346605719858715,0.02754781624446303,0.8171269129667629,-0.4995272621818947,0.2877083982828215,0.3205051818378618,-0.33588425125652394,-0.006954509352491459,0.9418775953156069,-0.08742041078885533,0.0,0.0,0.0,1.0
1544681932269063000,-0.4459279553671496,-0.8632473889803658,-0.2365421823706119,-1.1175028210453841,0.7971098388939402,-0.5032158302896815,0.33375100431959925,1.4562617215288638,-0.407141453748631,-0.03972119792308759,0.9125009934652151,-0.03861597689370282,0.0,0.0,0.0,1.0
1544681932341003000,-0.46891602016257056,-0.866376689594776,-0.1717824140058983,0.03274572403298048,0.816302739145415,-0.4993742364613088,0.2903019290710585,0.3195980226461531,-0.33729453612323634,-0.004099229864508772,0.9413902443811117,-0.0883415963655294,0.0,0.0,0.0,1.0
1544681932369921000,-0.4461344243057191,-0.8622876066440863,-0.23963338431323414,-1.190909900853725,0.794406167420751,-0.5048595558030023,0.3376916790183992,1.5695333306492751,-0.41216855364434835,-0.039710355606635495,0.9102418200919574,-0.02569079155654506,0.0,0.0,0.0,1.0
1544681932441856000,-0.46946887173532825,-0.86660628637722,-0.16909323724810285,0.038019141698068096,0.8163644039230772,-0.4989901973831415,0.2907884848525665,0.3192755182822319,-0.3363749968099257,-0.0015255579361115265,0.9417268893867832,-0.08944689243426016,0.0,0.0,0.0,1.0
1544681932471791000,-0.4468118821903998,-0.8611809277511439,-0.2423356177105427,-1.2966652241109977,0.7922979179611728,-0.5067106578369125,0.33986514741713614,1.8360482575250847,-0.4154794232303928,-0.04014621915152949,0.9087161987991508,0.005131072138273771,0.0,0.0,0.0,1.0
1544681932542705000,-0.46965498615668333,-0.8666109848375313,-0.16855146079784625,0.04093741946944142,0.8164686589631346,-0.4989829779055883,0.29050803206006603,0.3196148677406058,-0.3358617616060335,-0.0011784393883189114,0.9419105522136909,-0.09047446992921422,0.0,0.0,0.0,1.0
1544681932572676000,-0.44832216510483164,-0.859703699891267,-0.24477905275774825,-1.3783234326086493,0.7899258251993048,-0.5092095546171598,0.3416472159549772,1.9719655125602629,-0.4183592080484281,-0.04018927568219556,0.9073920845815393,0.023633259060362535,0.0,0.0,0.0,1.0
1544681932643562000,-0.46962446309607453,-0.8668055498450502,-0.16763353608256365,0.041345654991385435,0.8170400988571236,-0.49864526983883106,0.2894794841208947,0.3206496156682648,-0.3345120932362011,-0.0010166735850633262,0.9423909092587618,-0.09129285240086804,0.0,0.0,0.0,1.0
1544681932673500000,-0.4510781956871482,-0.8570869010510335,-0.24885840436353432,-1.4351996571445804,0.7868768862949053,-0.5135027477623938,0.3422567659744771,2.0705495698352703,-0.4211332653572534,-0.04143636189641053,0.906051764924238,0.029019629921677434,0.0,0.0,0.0,1.0
1544681932744421000,-0.46991402559722584,-0.866459939272156,-0.16860599687882216,0.040321577946622354,0.8175431773986419,-0.4992378047343241,0.2870274680461552,0.32243567676042945,-0.33287229027953746,-0.002964449450229859,0.9429672583942192,-0.09267720897875904,0.0,0.0,0.0,1.0
1544681932774359000,-0.4540943626218451,-0.8544358071430121,-0.2524633860719752,-1.4729933578718928,0.7839478691260473,-0.5178235676072531,0.3424682340352535,2.103351100905519,-0.4233486132347515,-0.04240523909100409,0.9049738931979445,0.02483305868414849,0.0,0.0,0.0,1.0
1544681932845278000,-0.4700478634807652,-0.8662497111076508,-0.1693116772200868,0.03853321909776031,0.8181026393783242,-0.49958975096269814,0.2848124859890244,0.32573552786136156,-0.3313051123653038,-0.004638829479537337,0.9435122700747847,-0.0938012359309931,0.0,0.0,0.0,1.0
1544681932875236000,-0.45644448325805465,-0.8525813752368955,-0.254486605349772,-1.5485846569255481,0.781948287688081,-0.5208483597631476,0.3424527142741246,2.227182477411808,-0.4245177370675617,-0.042684713085635824,0.9044129069091357,0.03689397036214992,0.0,0.0,0.0,1.0
1544681932946137000,-0.46984583855070056,-0.8663111546771672,-0.16955786999871839,0.03772420086883429,0.81805962968094,-0.4994822105654712,0.2851244703895375,0.33008055804943287,-0.33169764889560827,-0.004743902459144188,0.9433738204479627,-0.09513577941967812,0.0,0.0,0.0,1.0
1544681932976073000,-0.45952540172100004,-0.8508030352408341,-0.2548933117956166,-1.712866559569318,0.7811682433918803,-0.5237263485590286,0.3398336171438456,2.4457814661690067,-0.4226258164016918,-0.042952381191394974,0.9052858732250225,0.037387052486879506,0.0,0.0,0.0,1.0
1544681933046996000,-0.46935531310369694,-0.8665722261932505,-0.16958233060022831,0.03711069257246144,0.8175025131717506,-0.4990379700030181,0.2874904267156341,0.33341386728096184,-0.33375924109933286,-0.003698822209777502,0.9426510954192212,-0.09746689507852073,0.0,0.0,0.0,1.0
1544681933076925000,-0.4621099284303344,-0.8501717471666307,-0.2523141184431616,-1.9054882154057147,0.7822542294289581,-0.5248059719948817,0.33564417513047173,2.644768647019164,-0.41777115097457057,-0.04226928054920146,0.9075684951204703,0.03502535527866482,0.0,0.0,0.0,1.0
1544681933132455649,-0.4621099284303344,-0.8501717471666307,-0.2523141184431616,-1.9054882154057147,0.7822542294289581,-0.5248059719948817,0.33564417513047173,2.644768647019164,-0.41777115097457057,-0.04226928054920146,0.9075684951204703,0.03502535527866482,0.0,0.0,0.0,1.0
1544681933147852000,-0.46917258195142714,-0.8665800761667397,-0.17004722854512508,0.03516284982841088,0.8158951870254975,-0.4990350468005579,0.29202579655467903,0.3371403764746804,-0.33792326367632813,-0.001730218371011021,0.9411720747083009,-0.099610250117601,0.0,0.0,0.0,1.0
1544681933177803000,-0.46635443788363506,-0.8478161631581755,-0.25243076625876626,-1.9616089411017532,0.7806239036325623,-0.5286578530774069,0.33338745545842846,2.7709086221356976,-0.4161007802728764,-0.04157677076610628,0.9083674987520015,0.04745478444345407,0.0,0.0,0.0,1.0
1544681933248744000,-0.46928123213605044,-0.866093753121176,-0.17221131196685943,0.029135023699360413,0.813423294928649,-0.49988134162706876,0.2974242551651478,0.3395741932801039,-0.3436825110946046,-0.0005050718730206681,0.9390857663015181,-0.1011874839504325,0.0,0.0,0.0,1.0
1544681933278663000,-0.4716709741171882,-0.8444651202029262,-0.2537817033121209,-2.0178561134443878,0.7786084311315675,-0.533952310990613,0.32964198846418324,2.932657870808512,-0.41387848838297886,-0.04211401605691933,0.9093574690435989,0.06845420363737081,0.0,0.0,0.0,1.0
1544681933349572000,-0.4689804322108343,-0.8659861107282176,-0.17356673134317716,0.023520390571377173,0.8122791499171284,-0.5000680170377603,0.30022418447858096,0.3415901487064079,-0.34678514502966573,-0.0001853691924203054,0.9379445766275406,-0.10278491610501074,0.0,0.0,0.0,1.0
1544681933382403000,-0.47703928964546566,-0.8413455440574656,-0.25410862171362014,-2.1885602827208452,0.776848954685645,-0.5388637156829316,0.32577844852630267,3.067880789155988,-0.41102216210122977,-0.041994897488046634,0.9106575705755705,0.021468240370438235,0.0,0.0,0.0,1.0
1544681933450433000,-0.46889417524710514,-0.8660955636769248,-0.1732533607133968,0.019208656415725958,0.8122603289321387,-0.49987841211132694,0.300590637159761,0.3428255385625414,-0.3469458321732525,0.00021836713636588887,0.9378851432096593,-0.10483533090184574,0.0,0.0,0.0,1.0
1544681933483263000,-0.4823254287911843,-0.8382617706999721,-0.25432141971203853,-2.288482973724856,0.7751540421575809,-0.5436549385665511,0.3218315066909448,3.160937490763101,-0.4080421444754978,-0.04191075703381819,0.9120006013028125,-0.008164050312737786,0.0,0.0,0.0,1.0
1544681933551294000,-0.46847254962149715,-0.8663691078591218,-0.17302612287895272,0.016639939977852534,0.8123735322691134,-0.4994039808447944,0.3010729280174106,0.34396550105825985,-0.34725021860286737,0.0004825595923216638,0.9377723885978415,-0.10608219928847125,0.0,0.0,0.0,1.0
1544681933584116000,-0.4884775019186534,-0.8342901280228864,-0.2556358981107051,-2.338810712243886,0.7727448325473757,-0.5496834900681065,0.31735387900240686,3.3646919414392444,-0.4052840410016649,-0.04252108923936472,0.9132014033493707,0.036315400775726654,0.0,0.0,0.0,1.0
1544681933652163000,-0.46747092342555274,-0.8667930052741603,-0.17361112222277228,0.012700580573117747,0.8126793856290896,-0.49866808540327856,0.3014670077699277,0.34481523273336495,-0.3478838195794488,-0.00016311964183250786,0.9375376373601206,-0.10643921354824122,0.0,0.0,0.0,1.0
1544681933684969000,-0.4953862145336863,-0.8297784443238232,-0.2570218507938971,-2.4865718399336108,0.7695865307594313,-0.5564608341332653,0.313189897265817,3.562990693054799,-0.40290081921441534,-0.04265059684513634,0.914249340423666,0.06678856871055325,0.0,0.0,0.0,1.0
1544681933752997000,-0.4680721196349124,-0.8665872049197296,-0.17301764964849908,0.009570344008091057,0.8132890708951889,-0.49902523683509936,0.29922349534104714,0.3458443692308036,-0.3456434260664047,-0.0006551878222455903,0.9383657030955443,-0.10563830956852299,0.0,0.0,0.0,1.0
1544681933785862000,-0.5033606106710128,-0.8239748576224942,-0.2601798025037605,-2.5996364467399906,0.7648136875172145,-0.5649813336100216,0.309606388917545,3.7353028872692184,-0.40210461202431524,-0.04314541317721916,0.9145765983833958,0.10983975055383335,0.0,0.0,0.0,1.0
1544681933853880000,-0.46820321789007713,-0.8666794044854897,-0.17219917711200944,0.006975404735480174,0.8150418848796652,-0.49885988322504393,0.29469567828609067,0.34672986592044536,-0.34130993634698203,-0.002372077016252799,0.939947818020473,-0.10348134473581767,0.0,0.0,0.0,1.0
1544681933886723000,-0.5096203888094517,-0.8199775389044855,-0.26062213068319096,-2.785569212829732,0.7621259330715148,-0.570785328406049,0.3055620575534032,3.967863409594424,-0.39931331238711976,-0.04290622995023209,0.9158099879242886,0.06883499767075248,0.0,0.0,0.0,1.0
1544681933954762000,-0.46824291774423377,-0.8668120612909666,-0.17142176169574413,0.004435801187864008,0.8173215959777466,-0.4986108639720418,0.2887431645553582,0.34541008230146664,-0.3357588103546317,-0.0049047660043781095,0.9419352231123348,-0.10112307165577185,0.0,0.0,0.0,1.0
1544681933987578000,-0.5164131920818196,-0.8156346018304708,-0.26087853752410434,-3.01070353381721,0.7589356830915998,-0.5770291171948067,0.3017515979073983,4.185321522335119,-0.3966535566135148,-0.0421615251886446,0.9169996520280785,0.03324457966823221,0.0,0.0,0.0,1.0
1544681934055620000,-0.46879415794794155,-0.8667000854740611,-0.1704787356626503,0.0019858569311670977,0.8190189724093836,-0.49878484443167587,0.283587026851977,0.3420054664779564,-0.3308171100583475,-0.006681377442042008,0.943671234534633,-0.09800278934484208,0.0,0.0,0.0,1.0
1544681934088439000,-0.5250484022889906,-0.8092157170730278,-0.26361733345090227,-3.10139827681055,0.7534327314430392,-0.5860058143744232,0.29822190514723956,4.340394128463014,-0.3958071429927174,-0.042036992772506866,0.9173710246103197,0.03400101759857577,0.0,0.0,0.0,1.0
1544681934132373453,-0.5250484022889906,-0.8092157170730278,-0.26361733345090227,-3.10139827681055,0.7534327314430392,-0.5860058143744232,0.29822190514723956,4.340394128463014,-0.3958071429927174,-0.042036992772506866,0.9173710246103197,0.03400101759857577,0.0,0.0,0.0,1.0
1544681934156443000,-0.46984867458199553,-0.8662537767712741,-0.16984291926084424,-0.0013098818547914702,0.8204584028637761,-0.499528459797213,0.27806353055164557,0.3347500123042423,-0.3257149553885499,-0.008701268995192598,0.9454279749161798,-0.09500224056644663,0.0,0.0,0.0,1.0
1544681934189259000,-0.533533900267091,-0.8030632585905906,-0.2653883568803455,-3.202942110286698,0.7489656060677486,-0.5943752325756316,0.29286277303240954,4.467987014000142,-0.3929275991749027,-0.04251453401519505,0.9185860962392787,0.05653050981203428,0.0,0.0,0.0,1.0
1544681934257319000,-0.47033025983210563,-0.8662448623311606,-0.1685505418891703,-0.005214454235855837,0.8218030961117391,-0.4995271907165609,0.27406615434230525,0.32396642315462554,-0.32160397682153224,-0.00961375159282881,0.9468254632575563,-0.09216742859430603,0.0,0.0,0.0,1.0
1544681934292563000,-0.5408735484330608,-0.7971080993149221,-0.26846691157754093,-3.3343005572209545,0.7444221520249296,-0.6022391670912409,0.28834639792413036,4.631502072971644,-0.3915245384136233,-0.04389377664092382,0.9191201619985261,0.019894388328352323,0.0,0.0,0.0,1.0
1544681934358169000,-0.47148514829002214,-0.8658237738988854,-0.16748417087422518,-0.007868267715760945,0.8222522183631279,-0.5002538249456633,0.2713805446677203,0.31093806069519003,-0.3187523244446256,-0.009762334696353483,0.9477877676370503,-0.08813259805644823,0.0,0.0,0.0,1.0
1544681934393394000,-0.5519152265155852,-0.7877752719013177,-0.27349534497145706,-3.502811917641332,0.735315711681234,-0.6144404270322081,0.2859611263497139,4.689574060390363,-0.3933197006189356,-0.04327912440523758,0.9183825621688098,0.004641003382289317,0.0,0.0,0.0,1.0
1544681934459038000,-0.47187326954708275,-0.8658364322002478,-0.1663216467020807,-0.010616884373800192,0.8221990619353735,-0.5002529806448307,0.27154310506539353,0.2961083567015351,-0.3183148127868702,-0.008615569087822905,0.9479459119220638,-0.08337060112322882,0.0,0.0,0.0,1.0
1544681934494257000,-0.5641491849555572,-0.7773484360445322,-0.2783255397786949,-3.6543430513863413,0.7259767825565064,-0.6275726240016943,0.2812655556454268,4.820960040810394,-0.3933108291197718,-0.04338214589840056,0.9183815008559179,0.004667874276784114,0.0,0.0,0.0,1.0
1544681934559898000,-0.47169670663383706,-0.8652500261038487,-0.16983700797553083,-0.01511945206510516,0.8208575206822668,-0.5012353849664082,0.27378097011468633,0.27870688791527376,-0.32201730961262803,-0.010270403344773974,0.9466780715348696,-0.07874870884465303,0.0,0.0,0.0,1.0
1544681934595127000,-0.5772774415729316,-0.7652393665671846,-0.28488500716406007,-3.792095670324189,0.715159070167404,-0.6422078923421355,0.27589223869251345,4.992184295592501,-0.394079001988566,-0.04447173112584078,0.9180000028988933,0.022062691692478268,0.0,0.0,0.0,1.0
1544681934660745000,-0.47184309468998986,-0.8647999990297391,-0.17171213023993484,-0.019996403628375365,0.8192779533890976,-0.502017856157693,0.27705903195782405,0.26261777791927954,-0.3258032060676297,-0.00995157158426322,0.945385232135057,-0.07475428039259079,0.0,0.0,0.0,1.0
1544681934695984000,-0.5885702929160307,-0.7530467694955162,-0.29411829805217116,-3.977105546280134,0.7030123551751077,-0.6563814805036978,0.273746197275726,5.2185444800123495,-0.3991974934388791,-0.045649917898528146,0.9157278232247696,-0.032651615366466866,0.0,0.0,0.0,1.0
1544681934761605000,-0.4720528720964442,-0.864131640981417,-0.1744780587932531,-0.02600802046507034,0.8174822320276051,-0.5031598339463698,0.280273048690428,0.2474136860584114,-0.32998316057742283,-0.010329015336609002,0.9439303073731184,-0.0707566104174094,0.0,0.0,0.0,1.0
1544681934796869000,-0.5947772387758079,-0.7435326466545213,-0.3056128917325788,-4.150694219251776,0.6925776709832077,-0.666958150903882,0.27477808245627855,5.565915299937923,-0.40813748405371986,-0.048228915619136364,0.911645636093599,-0.09920400751288092,0.0,0.0,0.0,1.0
1544681934862440000,-0.4725498559729199,-0.8639391249416936,-0.17408567435304445,-0.03269133673192684,0.8158271259524836,-0.5035383389635871,0.284385727057288,0.23445816941274228,-0.3333507674808687,-0.0076373810152685784,0.9427719428531709,-0.06724047263291764,0.0,0.0,0.0,1.0
1544681934897710000,-0.5987654670710468,-0.7369386662529326,-0.31368984303694364,-4.212381468219311,0.6847887144109464,-0.674171197271864,0.2766904649322504,5.81163108349251,-0.415384559244315,-0.049138568867776206,0.9083177136833975,-0.042114242402011365,0.0,0.0,0.0,1.0
1544681934963318000,-0.47330432493017977,-0.8636550909753142,-0.17344422687079766,-0.042395549717120895,0.8143466901739849,-0.5040576238967808,0.28768972869083687,0.22326386397602768,-0.335890583680257,-0.005078939254656539,0.9418873181920342,-0.06502092870313192,0.0,0.0,0.0,1.0
1544681934998574000,-0.5986271389494334,-0.7366924105367127,-0.314531144357478,-4.3655314880374,0.6841177495663552,-0.6744532114520172,0.2776612509701812,6.144133308587488,-0.4166874767034405,-0.048960778380968295,0.907730350345768,0.05688623899984908,0.0,0.0,0.0,1.0
1544681935064177000,-0.47436167002161844,-0.8632404152411319,-0.17261805093506274,-0.05667807658496355,0.8129972957255085,-0.5047859530019841,0.2902180883316703,0.21054637795167808,-0.3376631504285196,-0.0026696715521212716,0.9412632308214797,-0.06259156171721339,0.0,0.0,0.0,1.0
1544681935099427000,-0.599766972783442,-0.7351237927145097,-0.31602624533924695,-4.469226531976563,0.6824023564125389,-0.6761543327840909,0.27774510296297616,6.274747966000547,-0.41785954855764446,-0.04907471489817989,0.9071852457116271,0.07579544996319611,0.0,0.0,0.0,1.0
1544681935131674672,-0.599766972783442,-0.7351237927145097,-0.31602624533924695,-4.469226531976563,0.6824023564125389,-0.6761543327840909,0.27774510296297616,6.274747966000547,-0.41785954855764446,-0.04907471489817989,0.9071852457116271,0.07579544996319611,0.0,0.0,0.0,1.0
1544681935165024000,-0.47489560346163046,-0.8624217820905026,-0.17522224627214505,-0.07373518964084863,0.8117836208810004,-0.5061748945785105,0.2911946582060982,0.19476092351979207,-0.33982571809995116,-0.003955486604115982,0.9404801090100608,-0.05870682853933621,0.0,0.0,0.0,1.0
