1544681931133362188,-0.524570041638168,-0.849424697240867,-0.05748004117072822,-3.1682073652289114e-05,0.8433236636022888,-0.5276871291729707,0.10174228282087053,2.8109767331830672e-05,-0.1167538856918385,0.004896674631597383,0.9931488069536263,7.650797448456684e-06,0.0,0.0,0.0,1.0
1544681931159665000,-0.519331099736227,-0.8524220693164348,-0.06059558225687612,-0.04921467349320541,0.8460435611271967,-0.5228467581340313,0.10412281298517365,0.05839658774315671,-0.12043878744812153,0.002807712774036343,0.9927167850031573,0.004596702251877264,0.0,0.0,0.0,1.0
1544681931231570000,-0.472302086476297,-0.8771579296207,-0.08674506103327093,-0.39683091123896463,0.8678725601510244,-0.47997509635530783,0.12814494221632025,0.4643851739012299,-0.15403882123362245,-0.014760534619249008,0.9879545375019585,0.0264668770803391,0.0,0.0,0.0,1.0
1544681931260506000,-0.5190389423050918,-0.8526444917437129,-0.059966216071328335,-0.11065824199667437,0.8462927894264772,-0.5224817373495627,0.10392953719196787,0.12958976170508799,-0.11994620017143201,0.0031945007880216847,0.9927752536345533,0.039359428640926,0.0,0.0,0.0,1.0
1544681931332447000,-0.4712723630446066,-0.8775402469970952,-0.08846171336022329,-0.4138998816905511,0.8680688578168516,-0.4792445374317441,0.12954200643182204,0.511850592349934,-0.15607311722042042,-0.01574129099246644,0.9876200655307645,0.03259665604895515,0.0,0.0,0.0,1.0
1544681931361392000,-0.519063813859564,-0.852639357297678,-0.05982377059805862,-0.1720861779499506,0.8463184016741396,-0.5224901700546385,0.10367827730052827,0.19450967643654316,-0.11965751179634236,0.003185684115332052,0.992810118445329,0.06493316491442355,0.0,0.0,0.0,1.0
1544681931433284000,-0.44759773080989534,-0.8881950549516799,-0.10375844897266459,-0.5631321711620256,0.8768798231082774,-0.45869504819837614,0.14380760961745728,0.7122205713760333,-0.17532269447915277,-0.02661573064317036,0.9841511853790046,0.03884405360693592,0.0,0.0,0.0,1.0
1544681931462225000,-0.5185312390428339,-0.8530141094133872,-0.059095543642400994,-0.2529942111304094,0.8467483773321842,-0.5218760862227235,0.1032595570112632,0.2894469960641685,-0.11892241009168414,0.003504250353298266,0.9928973666031399,0.09784921901904907,0.0,0.0,0.0,1.0
1544681931534118000,-0.4227955626245945,-0.8985382424563478,-0.11778344140163115,-0.6844268734580716,0.8853079233854397,-0.43729686392782186,0.15811810013357105,0.8809921391312253,-0.19358148934211533,-0.03742298280936422,0.9803701991297684,0.040427382756903385,0.0,0.0,0.0,1.0
1544681931563064000,-0.5180975437685251,-0.8533358560263358,-0.05824819276870518,-0.37007939570382903,0.8471574056248694,-0.5213477763380833,0.10257107878088216,0.38563053265996095,-0.11789514509070553,0.003796436109789595,0.9930187922878917,0.12244911262173745,0.0,0.0,0.0,1.0
1544681931634999000,-0.3969052427809826,-0.9083855474065791,-0.131536783888855,-0.779321323488222,0.8933715078189339,-0.4152105405999975,0.17171941064416732,1.0203960050824712,-0.2106028899856135,-0.04935488058450926,0.9763250065896061,0.039682323849050107,0.0,0.0,0.0,1.0
1544681931663918000,-0.5182027122795924,-0.8532435247991597,-0.05866375690645178,-0.39689532836879726,0.8470698293906384,-0.5215014092086735,0.10251333732485333,0.4392275421003168,-0.11806207317417268,0.00343039089240983,0.993000291689854,0.1294323925784204,0.0,0.0,0.0,1.0
1544681931735870000,-0.36813275437312754,-0.9187678650871773,-0.14263199234676885,-0.8491783824092195,0.9022246879391692,-0.3900628062922771,0.18396091873129466,1.1300238830394569,-0.22465281576406623,-0.06096406507564334,0.9725299456257008,0.03703661585291257,0.0,0.0,0.0,1.0
1544681931764802000,-0.5163883708094059,-0.8545109354370515,-0.05616147889169196,-0.6219470455774099,0.848469231598981,-0.5194113505776418,0.10154709213433559,0.7290365373960469,-0.11594401029219509,0.004786450626985967,0.9932442178879052,0.26293009713630133,0.0,0.0,0.0,1.0
1544681931836692000,-0.33906314563695705,-0.9282424949695991,-0.152977298326851,-0.8941437970993072,0.9104880485119932,-0.3647047735901735,0.19494086702731983,1.209236725929746,-0.23674394773170712,-0.07318673823277264,0.9688116455530721,0.031508260784797716,0.0,0.0,0.0,1.0
1544681931865652000,-0.5161622358441932,-0.854683366394387,-0.05561375276926294,-0.6700473557615251,0.8486745363308636,-0.5191247043437591,0.10129695318021661,0.7891895535162975,-0.11544729391335289,0.0050876859926314655,0.99330057776049,0.2844581591463743,0.0,0.0,0.0,1.0
1544681931937575000,-0.3084843355312321,-0.9373547928048119,-0.16187466490374086,-0.9158760292660822,0.9183459739919666,-0.3378338537003618,0.20617700974334657,1.257433394295173,-0.24794775010997622,-0.0850545689531568,0.9650324520530851,0.024266025396059425,0.0,0.0,0.0,1.0
1544681931966531000,-0.5155700470250091,-0.8550758779794243,-0.05507058659890885,-0.7536935202620232,0.8491324108343646,-0.5184768594491634,0.10077646097353626,0.9211866249393458,-0.11472434563443117,0.0051951047583457,0.9933837805225636,0.3237556560780881,0.0,0.0,0.0,1.0
1544681932038427000,-0.2783606158480954,-0.9453359068237539,-0.16986874584331918,-0.9193923156022467,0.9249900356755917,-0.3114802759404866,0.21765447755767162,1.2719947889431615,-0.2586673567451731,-0.09654046286273091,0.9611301356136492,0.015696681243968762,0.0,0.0,0.0,1.0
1544681932067355000,-0.5151406754695644,-0.8553529886324913,-0.05478457186312135,-0.8671972950482829,0.8495218265938534,-0.5180225992353781,0.09982611292675578,1.0549301074101738,-0.11376621034999675,0.004883801684268789,0.9934955449641979,0.351839682831288,0.0,0.0,0.0,1.0
1544681932132284734,-0.25076415103847943,-0.9510157744823491,-0.18079363163476403,-0.9072327452545839,0.9292420828909371,-0.288825279229879,0.23041074077024573,1.2551649853862068,-0.2713420202225617,-0.1102222970343071,0.9561509050866485,0.006420815957212727,0.0,0.0,0.0,1.0
1544681932139298000,-0.26952125465806687,-0.9491987784754771,-0.16241912519221308,-1.07838935723076,0.9295966454742616,-0.3004795980915205,0.21345277663632628,1.234286389189667,-0.25141274830553284,-0.09345421377027498,0.9633576386358478,0.05716076459369602,0.0,0.0,0.0,1.0
1544681932168226000,-0.5156112643609517,-0.8550664061707759,-0.05483124202763101,-0.9439421752143043,0.8492089873231022,-0.5184942230039405,0.10003917513260364,1.1361140153920872,-0.11396982018838149,0.0050181420597961175,0.9934715387651997,0.40760233809016294,0.0,0.0,0.0,1.0
1544681932240157000,-0.2507157877199979,-0.9550320284409983,-0.15828903449011775,-1.1495493694605448,0.9354441508721832,-0.2810943167110943,0.21431338201741557,1.3716388642723678,-0.24917029194300155,-0.09433880306955296,0.9638539079385643,0.051326378587262945,0.0,0.0,0.0,1.0
1544681932269063000,-0.5147652442938547,-0.8556430232931826,-0.053775086766943946,-1.0870023582606525,0.8498932728584463,-0.5175388163318858,0.09917156013569466,1.2542568244136063,-0.112686148292716,0.005346987889648532,0.9936162446857739,0.41094329359434795,0.0,0.0,0.0,1.0
1544681932341003000,-0.2316246442840018,-0.9602309580212818,-0.15590552080616663,-1.215776011207429,0.9404601011979655,-0.262011705703129,0.21652866814639596,1.4969894818284784,-0.24876660188824357,-0.09646954613799115,0.9637472720858428,0.04729723097312607,0.0,0.0,0.0,1.0
1544681932369921000,-0.5142050097330649,-0.8560353557261308,-0.052883624235255465,-1.1582021771175173,0.8502941796742134,-0.5168822007357097,0.09915946033921155,1.3593858443789617,-0.11221860798268703,0.00602165338153368,0.9936652976294276,0.47274996125367,0.0,0.0,0.0,1.0
1544681932441856000,-0.2104428872981521,-0.9656532461225641,-0.1524060347839741,-1.285218527713163,0.9458783399022632,-0.24051831485899294,0.2178648808806224,1.6266000577491924,-0.24703837209906063,-0.09830945259916597,0.9640058579906543,0.043757271589292455,0.0,0.0,0.0,1.0
1544681932471791000,-0.5134216051190826,-0.8565580913981949,-0.052023950803714226,-1.2561448226766558,0.8508175533825713,-0.5160073495792625,0.09922653897156514,1.607403991808177,-0.11183803580639885,0.006682158369080676,0.993703981327688,0.5958655417506268,0.0,0.0,0.0,1.0
1544681932542705000,-0.1885616660225529,-0.9704460144644189,-0.15059558797296452,-1.3602106690977902,0.9506328254964577,-0.2188522152783455,0.220002133981425,1.7608382427156954,-0.24645837213496966,-0.10167714038998549,0.9638049750476992,0.04091937571861526,0.0,0.0,0.0,1.0
1544681932572676000,-0.5132146354760889,-0.8567220695823802,-0.05136178952908734,-1.3330275276382886,0.8509172352086035,-0.515723250149961,0.09984682308268107,1.7327821188809809,-0.11202944594207914,0.0075382189703665356,0.993676294623486,0.6714120322714244,0.0,0.0,0.0,1.0
1544681932643562000,-0.16624218563952234,-0.9748639216492099,-0.14833701486992476,-1.4412496676313087,0.954988937020583,-0.1966472332158363,0.22209456507724865,1.8999737131670644,-0.24568204224584925,-0.10473872223433507,0.9636753261252602,0.038898583879571916,0.0,0.0,0.0,1.0
1544681932673500000,-0.5141058083236472,-0.8561074189237597,-0.05268116467570835,-1.3881793050454054,0.8502709447642564,-0.5167554468853233,0.10001564179689051,1.826253928345489,-0.1128474117451742,0.006625358710902939,0.9935902406346226,0.7207696891610519,0.0,0.0,0.0,1.0
1544681932744421000,-0.1440266666922729,-0.978484317091039,-0.14773205640075796,-1.5277504061803149,0.9588416971262933,-0.17490596201894706,0.22367499704301663,2.0440537255826814,-0.24470169417778792,-0.10943649143275003,0.9634026859052293,0.036926216860242674,0.0,0.0,0.0,1.0
1544681932774359000,-0.5151146192639166,-0.8554323182736827,-0.05378176153218529,-1.4272998379624815,0.8495849687844343,-0.5178818112870153,0.10001904995366026,1.859159160261223,-0.11341212384988487,0.005829098643524794,0.9935309314625592,0.7411133594442956,0.0,0.0,0.0,1.0
1544681932845278000,-0.11747512988237141,-0.9823569216661235,-0.14551450894594828,-1.6193293063779615,0.9626239976071597,-0.14865177329704124,0.22640161113926646,2.193738319609639,-0.24403817957428361,-0.11347919963722813,0.9631032333866223,0.03594116620514042,0.0,0.0,0.0,1.0
1544681932875236000,-0.5151003909481308,-0.8554459325976167,-0.05370143058873805,-1.4980200493901037,0.849528766013327,-0.5178548249491849,0.10063426848105649,1.9751373819138474,-0.11389672058910812,0.006215840976170119,0.9934731502964764,0.8072764687258038,0.0,0.0,0.0,1.0
1544681932946137000,-0.08934386808242539,-0.9860299282835827,-0.14057970609282217,-1.714760205840561,0.9654712087099493,-0.12041636130835028,0.2310091883051577,2.348338256809964,-0.2447100700588781,-0.11508640431576234,0.9627419701838328,0.03563282744920045,0.0,0.0,0.0,1.0
1544681932976073000,-0.5148823315723777,-0.8556235931209222,-0.05295707251572339,-1.6550651587940348,0.8497774076865576,-0.5175575048330452,0.10006291309224362,2.1835297522574426,-0.11302451955263222,0.006518902195778287,0.9935708137289727,0.904351460094376,0.0,0.0,0.0,1.0
1544681933046996000,-0.061493917521587685,-0.9890462167484733,-0.1341867327397939,-1.8156413718141093,0.9670362068919469,-0.09232240536723851,0.2373131855317796,2.506777591852305,-0.24710215026964372,-0.11517011158603725,0.9621207682663219,0.03497190381693502,0.0,0.0,0.0,1.0
1544681933076925000,-0.5132962247013625,-0.85672695441582,-0.05045702413664206,-1.8401804064262626,0.851005244423094,-0.5157087343473202,0.0991694271551147,2.3736794896102595,-0.11098224935420216,0.007964100406252112,0.9937904776324814,0.9994456685920551,0.0,0.0,0.0,1.0
1544681933132455649,-0.03829450032329674,-0.9911708342406415,-0.1269405711177472,-1.9055126897267929,0.967539689003282,-0.06853468635543111,0.24324873477490494,2.6447791974185804,-0.24980088360215816,-0.1135049519486855,0.9616216222791115,0.03493920765246481,0.0,0.0,0.0,1.0
1544681933147852000,-0.036069075584963604,-0.991343634281804,-0.12624112069921986,-1.9144402231714386,0.9675434736780352,-0.06625758942650997,0.24386381114553962,2.658224305295496,-0.2501172691548619,-0.1133478302056858,0.961557913522726,0.03497633947192535,0.0,0.0,0.0,1.0
1544681933177803000,-0.5134082672028715,-0.8566658543857028,-0.05035439501536594,-1.8995702802913061,0.8508049616704794,-0.5157981304369341,0.10041516735363,2.501303882325078,-0.11199494794248917,0.008712207950924646,0.9936705837791399,1.0570428933725418,0.0,0.0,0.0,1.0
1544681933248744000,-0.0129475642874591,-0.9928664837143734,-0.11852639408872398,-2.03074952266459,0.9669140799193784,-0.04263440471161423,0.2515143526491981,2.8276171643155044,-0.25477347317309407,-0.11134834103631659,0.9605685942793357,0.03541589384742316,0.0,0.0,0.0,1.0
1544681933278663000,-0.5135089470617854,-0.8565813693597619,-0.0507633623123182,-1.9555330186496862,0.8507521684971686,-0.5159465803779673,0.10009932064527484,2.661872813706999,-0.11193439634383966,0.008214856178742774,0.9936816427071097,1.1308639659972708,0.0,0.0,0.0,1.0
1544681933349572000,0.010611899148899356,-0.9938996107017559,-0.10977682562066836,-2.1509173060858027,0.9665090023525575,-0.017956323270124353,0.25600374767975725,3.000372789423176,-0.2564132133255146,-0.10881697616418044,0.9604223704863218,0.034868090785400194,0.0,0.0,0.0,1.0
1544681933382403000,-0.5135820675997538,-0.8565522771667217,-0.050513922045963285,-2.1374098795412624,0.8507481021829519,-0.5159930429220271,0.09989417544667199,2.8124824863644204,-0.11162941580096152,0.008329233852653347,0.9937149980710581,1.156960758212328,0.0,0.0,0.0,1.0
1544681933450433000,0.03641135925988992,-0.9944445843919376,-0.09876325982061378,-2.2735782197583188,0.9661947180698796,0.009790726724683119,0.25762746057838426,3.175658753824486,-0.25522926887547964,-0.1048051060003726,0.9611835985208753,0.032288325528971304,0.0,0.0,0.0,1.0
1544681933483263000,-0.5134596534463551,-0.8566345657286322,-0.050362735049533015,-2.2476548958414613,0.8508411652539178,-0.515855283075721,0.09981301734854497,2.919310748180426,-0.11148316371587934,0.008399269122299777,0.993730826977863,1.1745867422910667,0.0,0.0,0.0,1.0
1544681933551294000,0.060326227515921586,-0.9942342191002833,-0.08865136120640575,-2.3863615062133237,0.9648978118232789,0.035342080209218966,0.260236719363612,3.3367644146244575,-0.25560312793928697,-0.10123860398354152,0.9614664768212756,0.030144980257582072,0.0,0.0,0.0,1.0
1544681933584116000,-0.5129128998328639,-0.8569689913478464,-0.050244452960478185,-2.2882802060005307,0.8512641791238866,-0.5153054206860573,0.09904352958219564,3.1168906815131705,-0.1107684726155246,0.008029400962755714,0.9938138025780285,1.277406487585453,0.0,0.0,0.0,1.0
1544681933652163000,0.08268244941631792,-0.9933982229748582,-0.0795209604375584,-2.5036500434923887,0.9629549139056623,0.05908683331150845,0.2631094447452518,3.502261772909502,-0.2566738131236905,-0.09832963296794915,0.9614831443852427,0.028579899274205543,0.0,0.0,0.0,1.0
1544681933684969000,-0.5126700002974782,-0.8571574238455196,-0.04950375280212664,-2.425805608137298,0.8515424898861259,-0.5149886128375909,0.09829606587320937,3.3141723802209584,-0.10974907158385187,0.00823889520062902,0.9939251792224373,1.38513380403429,0.0,0.0,0.0,1.0
1544681933752997000,0.10217089205672354,-0.9921470479980874,-0.0721480697248079,-2.623165449066033,0.9611492727461729,0.07976245378397155,0.26425371608713766,3.671630861687853,-0.2564238372613503,-0.09634410264796588,0.9617508146963657,0.02806095583878213,0.0,0.0,0.0,1.0
1544681933785862000,-0.5133257950482525,-0.8567485221572252,-0.04978551917467947,-2.5268990678979564,0.8511716173826966,-0.5156741093597079,0.09791369004482692,3.4840270634959856,-0.10956051250427938,0.007885601910219505,0.9939488474676698,1.4914234605754653,0.0,0.0,0.0,1.0
1544681933853880000,0.12611865575032863,-0.9899163602521803,-0.06449561517504705,-2.7450607734732357,0.9591249854029634,0.10507681877562418,0.2627510695159171,3.8450002627258306,-0.25332458831999316,-0.09499716764763041,0.9627056617115299,0.028851650406863705,0.0,0.0,0.0,1.0
1544681933886723000,-0.5110763890790323,-0.8582333786619525,-0.04729050936951231,-2.709509743240678,0.8527661113530922,-0.5131747980721886,0.09716782364184447,3.7351472591988326,-0.10766096717779938,0.009332436662595917,0.9941438637200742,1.5459068978883237,0.0,0.0,0.0,1.0
1544681933954762000,0.15515872272475797,-0.9862358357326753,-0.05713709022250196,-2.8708307056285123,0.9558880118582765,0.13527929093673335,0.2607251852608159,4.021758474468101,-0.24940705593076876,-0.09507044630339818,0.9637207742347457,0.029886067041399702,0.0,0.0,0.0,1.0
1544681933987578000,-0.50918245588769,-0.8594966421676652,-0.044707367610830266,-2.9280719729259372,0.8540982203232995,-0.5110205285480734,0.09682070771802466,3.9737929480200456,-0.10606345580241852,0.011114922624898256,0.994297240184387,1.6102066604574428,0.0,0.0,0.0,1.0
1544681934055620000,0.18383769277177844,-0.9816904110220038,-0.0498762430802468,-3.000428849096968,0.9516119184593991,0.1650346160012594,0.25922641101426935,4.202312364643039,-0.24624877535202283,-0.09511841266951244,0.9645278783989929,0.03213238446713881,0.0,0.0,0.0,1.0
1544681934088439000,-0.5090037827832187,-0.8596213330423053,-0.04434312676104153,-3.011769517098471,0.8541987970815357,-0.5108012944117477,0.09708992064957207,4.139193732027182,-0.10611109356156087,0.011541291342638791,0.994287299736506,1.6668067434196825,0.0,0.0,0.0,1.0
1544681934132373453,0.205369738908256,-0.9776653606741059,-0.04465101206834398,-3.1013733905771854,0.9480669939918968,0.18741520126945307,0.25699127852185744,4.340394520191137,-0.2428831925924975,-0.09511038256206349,0.9653816705764466,0.03405769861974303,0.0,0.0,0.0,1.0
1544681934156443000,0.21031427118041618,-0.9766621604556569,-0.04357673314901943,-3.124912118729128,0.9472229217079754,0.19253853877101879,0.2563155236791749,4.372128542745206,-0.24194347258989904,-0.09518369304671484,0.9656103876041985,0.034472267658892435,0.0,0.0,0.0,1.0
1544681934189259000,-0.508370483324705,-0.8600228077381785,-0.04382033608210074,-3.0616285826967253,0.8547068181551261,-0.5101275640983169,0.09615676443316802,4.219083729606113,-0.10505097183436321,0.011429720786608654,0.9944011538606501,1.718361907560272,0.0,0.0,0.0,1.0
1544681934257319000,0.2397405019522972,-0.9701889134974776,-0.03546778609169852,-3.2645246076604346,0.9415501929891081,0.22344749683287138,0.25210007981216026,4.560104314269117,-0.23665951450519312,-0.09383330051591607,0.9670509737901396,0.037454654380906276,0.0,0.0,0.0,1.0
1544681934292563000,-0.507236359853656,-0.8607144342240444,-0.043381308887587205,-3.1469681581177134,0.8556023474219169,-0.5089755135475386,0.09427910529446626,4.35012398869364,-0.1032274107420995,0.010704640461369508,0.9946001771285147,1.7270132868417778,0.0,0.0,0.0,1.0
1544681934358169000,0.26736572295048694,-0.9632022179312866,-0.027514679053468327,-3.40640109850491,0.9352400953415017,0.2525163594686432,0.24811580414460152,4.751577467323709,-0.23203778626935462,-0.09207049241181896,0.9683395531373601,0.04237414505839235,0.0,0.0,0.0,1.0
1544681934393394000,-0.5068571368251956,-0.8609834647280787,-0.04246547202377736,-3.2764903548524043,0.8557674254337259,-0.508491195898473,0.09538772069963324,4.37786229929141,-0.10372056891424798,0.012007379338481403,0.994533994605274,1.7427378487662513,0.0,0.0,0.0,1.0
1544681934459038000,0.2963995494979749,-0.954914804582938,-0.016882625557944106,-3.5507662970613074,0.9273515699616214,0.28352678014961163,0.2441958857714692,4.947481105746741,-0.22839959007650398,-0.08803567984815544,0.9695789531165366,0.048474001871372206,0.0,0.0,0.0,1.0
1544681934494257000,-0.5060045918569348,-0.8615639244105576,-0.040828386864768945,-3.3754829034634644,0.8564765272471472,-0.5074882648180625,0.09435899186944544,4.473512254885899,-0.10201623054378531,0.012777528173890045,0.9947006702920231,1.7845025491558226,0.0,0.0,0.0,1.0
1544681934559898000,0.32059797116348104,-0.9471660207077713,-0.009667993714687082,-3.6988353437077635,0.9191550714655718,0.30861842973477494,0.24476237338929804,5.148139938101156,-0.22884688218321883,-0.08735670577951861,0.9695348938900412,0.05441582995631997,0.0,0.0,0.0,1.0
1544681934595127000,-0.5067456204739733,-0.8610914592875869,-0.041597774849442055,-3.449359903517946,0.8560734562491082,-0.5083129728229754,0.09357435100268321,4.603909011822969,-0.10172076305332993,0.011807641671669733,0.9947429145070602,1.8478670729119977,0.0,0.0,0.0,1.0
1544681934660745000,0.33924863993884474,-0.94069235293631,-0.002873573871218072,-3.833487958600816,0.9120579291588228,0.3281709190303626,0.24587432106929935,5.333523287522089,-0.23034907023507714,-0.0860333948529141,0.9692974573431616,0.059470116792367876,0.0,0.0,0.0,1.0
1544681934695984000,-0.507207379533059,-0.8607507719677973,-0.042997473228680916,-3.570782130145256,0.8556963067067822,-0.5089127901579451,0.09376354676540315,4.811651087882997,-0.10258900933130874,0.010764783811099413,0.9946655792747224,1.8641712136981308,0.0,0.0,0.0,1.0
1544681934761605000,0.35825295705287713,-0.9336203857733855,0.0027917792219265803,-3.9684733619460335,0.9040178604462635,0.34763771415305905,0.24879655884396135,5.524164480476614,-0.23325206699412057,-0.08660828463138442,0.9685517426943078,0.06424658503179811,0.0,0.0,0.0,1.0
1544681934796869000,-0.5075099668770658,-0.8604250712088859,-0.045851176164068176,-3.6561174252957604,0.8554344799195387,-0.5095155468621846,0.09287495932982419,5.138896358915095,-0.10327383059239563,0.007912290497578866,0.9946214916106799,1.890577670063201,0.0,0.0,0.0,1.0
1544681934862440000,0.3724853859249408,-0.9279850608818052,0.009917865321839036,-4.102383248605198,0.8976364732382596,0.36297554710103663,0.24999502818872885,5.7206482306004105,-0.23559159404513433,-0.08421685690464684,0.9681963240109801,0.06844342406055148,0.0,0.0,0.0,1.0
1544681934897710000,-0.5099089852875525,-0.8588441177533609,-0.04878122716243353,-3.625900185678858,0.8538006825743185,-0.5122038111517982,0.09312169606058376,5.322333974100417,-0.10496295136210845,0.005834144498409364,0.9944590195675868,1.9888885062745179,0.0,0.0,0.0,1.0
1544681934963318000,0.3897471212725803,-0.9207374512508305,0.018431693461610135,-4.237085618759219,0.8900047058350342,0.3817295244074352,0.24934753615620306,5.924787050073943,-0.2366195364952603,-0.08077819049594849,0.9682386476943424,0.07120548724615898,0.0,0.0,0.0,1.0
1544681934998574000,-0.509983122663877,-0.85878889603565,-0.04897802204943043,-3.653627629477382,0.853686573215533,-0.5122949968504936,0.09366467270786942,5.592822816534864,-0.10552937652388779,0.005955522464595976,0.994398351991118,2.1680702599838138,0.0,0.0,0.0,1.0
1544681935064177000,0.4028961687968765,-0.9148989272235769,0.02519186642447012,-4.3761447913669915,0.8839046878559883,0.39609353117079976,0.2486411417100085,6.1353768855617945,-0.2374598491429833,-0.07790935457181215,0.9682680168812748,0.07368032025950678,0.0,0.0,0.0,1.0
1544681935099427000,-0.5116886835055918,-0.8576855120102151,-0.050500036238528105,-3.694602665591754,0.8525207030484244,-0.514149259657791,0.09412220602580576,5.681887361181355,-0.10669180871150469,0.005108941291945583,0.9942790134930641,2.2187640179351873,0.0,0.0,0.0,1.0
1544681935131674672,0.4131410165038543,-0.9102309486953489,0.028180144061560344,-4.469180341543573,0.8788468827052676,0.40662280539621565,0.24957173495999538,6.274682698918865,-0.23862660631496152,-0.07834228850931514,0.967946190957806,0.07577736631838042,0.0,0.0,0.0,1.0
1544681935165024000,0.41734833377009717,-0.9082859134178031,0.02893212377466147,-4.507393810398799,0.8767499846083614,0.4108234135186142,0.25006716576582577,6.331520246558478,-0.23901847792286332,-0.07899887588885587,0.9677961277147865,0.07672828966427801,0.0,0.0,0.0,1.0
