1544581167556220000,0.9920870605965961,0.05029075027658657,0.1150395785520258,5.718101508886469e-07,-0.05546200600316319,0.997568609135602,0.042199952101467535,-6.739563848881486e-06,-0.11263760511887193,-0.048246352233915706,0.9924641350745136,7.592011253025212e-07,0.0,0.0,0.0,1.0
1544581167620790000,0.9907514518435081,0.05185716118885796,0.1253889768018614,0.4493838020421429,-0.057748217658566456,0.9973694213140103,0.043810738238668906,0.041229056418220424,-0.1227872307173828,-0.050646542440635975,0.9911398608226619,-0.04372454739700232,0.0,0.0,0.0,1.0
1544581167657073000,0.9923377228108073,0.050377032389986226,0.11281843153597863,0.44601091369082657,-0.05545452011228295,0.997563623350865,0.04232745641076958,0.013256372540780173,-0.11041123170120143,-0.04825942368768514,0.9927136485107657,0.09388377752206238,0.0,0.0,0.0,1.0
1544581167721662000,0.9910663890527629,0.051105620024948624,0.123189399267101,0.6907727500652483,-0.05680939119182857,0.9974482571532631,0.04323965048810755,-0.0017273921071330597,-0.12066526245087117,-0.04985167904680324,0.9914407216439495,0.002014091242401548,0.0,0.0,0.0,1.0
1544581167757950000,0.9926715423291806,0.05129836584886874,0.10941520329021356,0.8239795611854216,-0.05636811121326893,0.9974508349497475,0.04375463285525799,0.0018178876731684704,-0.10689174471422733,-0.04960150722796124,0.9930326507183258,0.13986306339776367,0.0,0.0,0.0,1.0
1544581167822535000,0.9905615588330019,0.05220521077230341,0.1267375797881381,1.0621986867722415,-0.05800266168594019,0.9974117844800804,0.04249027438845279,-0.004628826549810523,-0.1241913418869517,-0.049440349396814125,0.9910258132116637,0.004468577650103664,0.0,0.0,0.0,1.0
1544581167858800000,0.9930494414253777,0.05139488293403968,0.10588377067777442,1.2390672579086186,-0.05620747635835742,0.9974936396885499,0.042978580506011485,0.0020732916889168902,-0.10340950868354347,-0.04863131490185519,0.993449278385539,0.17088715278506325,0.0,0.0,0.0,1.0
1544581167923360000,0.9900182050252547,0.05384496021277545,0.1302485085452206,1.4212625149203835,-0.059728466189659817,0.9973436087586538,0.041692162271767905,-0.00688709715855671,-0.1276576047292149,-0.04905554329481418,0.9906044062222055,0.007766836518452376,0.0,0.0,0.0,1.0
1544581167959650000,0.9936940522694891,0.0525859292755114,0.09902954370528037,1.756333665127269,-0.05710674903749632,0.9974250903347028,0.04338212057030967,-0.016211725301774855,-0.0964932624519119,-0.04876381048522976,0.9941383913159898,0.12628075105899547,0.0,0.0,0.0,1.0
1544581168024224000,0.9892050987047705,0.0545604366646485,0.13600158619460198,1.7689707524994693,-0.060653958528765074,0.9973136428264797,0.041068176815718296,-0.008562184687917907,-0.1333955396978313,-0.04887388446951135,0.9898570469545519,0.012835437609242202,0.0,0.0,0.0,1.0
1544581168060531000,0.9941359986794801,0.05130912402983418,0.0951892321685851,2.219183237833478,-0.055707996248005584,0.9974707933476924,0.04414335252739601,-0.07772259838102512,-0.09268352217943568,-0.04918729723838113,0.9944799517872627,0.15942792935427785,0.0,0.0,0.0,1.0
1544581168125079000,0.9884035033488396,0.05540112256758558,0.14138327406730644,2.1051463093987146,-0.061696544917668836,0.9972714590732316,0.04053607360333022,-0.010463808727954837,-0.13875176003554598,-0.04878885668063862,0.9891246617847699,0.018864183620441538,0.0,0.0,0.0,1.0
1544581168161366000,0.9945330440842571,0.051590336473848177,0.09078800254999154,2.627743378680608,-0.055787316619036,0.9974588359100456,0.04431304513825741,-0.08766398857269744,-0.08827117042924924,-0.04913560671746048,0.9948838588617069,0.15988097107561036,0.0,0.0,0.0,1.0
1544581168225965000,0.987980452885679,0.05498527940817951,0.1444688331932326,2.4316883689099322,-0.06136491533350629,0.9973104556645024,0.04007745236879611,-0.012612162787173134,-0.14187660794479623,-0.04846105725906066,0.9886974026705115,0.025910152090273208,0.0,0.0,0.0,1.0
1544581168262243000,0.9948789191170659,0.05134156059359481,0.0870630831769561,3.058266159828752,-0.05539482955927184,0.9974591580150202,0.044795546096286776,-0.11204388036134857,-0.08454199639565292,-0.049388989135024666,0.9951951459877911,0.16562137272459915,0.0,0.0,0.0,1.0
1544581168326786000,0.9877715731752718,0.05497629247928693,0.14589354506652777,2.751991869175983,-0.061303909089327195,0.9973478022175445,0.039232539329021696,-0.014982620928087378,-0.14334974697297062,-0.04769663171616663,0.9885220692355416,0.03422976309777155,0.0,0.0,0.0,1.0
1544581168363106000,0.9952866503888432,0.05109727058066115,0.08242300951166687,3.3871976632048693,-0.05494034839428194,0.9974727784767982,0.04505124100500955,-0.14862036920290178,-0.0799127128563951,-0.0493672476140127,0.9955786423919252,0.14092638798247029,0.0,0.0,0.0,1.0
1544581168427640000,0.988042796212746,0.05413406819164779,0.14436389961870483,3.069277975140213,-0.0604337512458915,0.997385899638835,0.03961223184801369,-0.018442406355919868,-0.1418421466364886,-0.04786303231778287,0.9887314779933435,0.042222442831987936,0.0,0.0,0.0,1.0
1544581168463980000,0.995587669420386,0.05124886765327124,0.07860500023753651,3.805516384726428,-0.0547974752726644,0.9975420005919858,0.043671429546995405,-0.14604935461996016,-0.07617367788040265,-0.04778609231977392,0.9959488240763067,0.14191288044628855,0.0,0.0,0.0,1.0
1544581168528510000,0.9879168557136677,0.054782876201943595,0.14497973193472868,3.3869682216876766,-0.061098048578195854,0.9973511534497507,0.03946777384638264,-0.023738304005020482,-0.14243354470334452,-0.047848857744938224,0.9886471423899152,0.049386429203969136,0.0,0.0,0.0,1.0
1544581168564822000,0.9958832174056877,0.0521914110830406,0.07411257584824182,4.182453056256114,-0.055713552392469196,0.9973736807556655,0.046278947867246276,-0.18262285541196988,-0.07150256897141526,-0.05021750237764529,0.9961754790625188,0.1419585819241575,0.0,0.0,0.0,1.0
1544581168629349000,0.9878610553158556,0.05426969430446018,0.14555183155955947,3.7068023415167657,-0.06067060921065703,0.9973599961842288,0.039901318141113556,-0.0297389123873884,-0.14300214183098653,-0.048247676539819685,0.9885456737755003,0.05698680199856072,0.0,0.0,0.0,1.0
1544581168665694000,0.9961233342497222,0.052435679709134125,0.07063145515033856,4.497055643831503,-0.05580071623344986,0.9973565694706507,0.04654195313441936,-0.19778146332156446,-0.06800428685786779,-0.05030281132475193,0.9964160999009294,0.1494270980478932,0.0,0.0,0.0,1.0
1544581168730207000,0.9878429336776585,0.0549695607210644,0.14541212390048322,4.029797151941893,-0.061390070075038966,0.9973104875334277,0.0400381162396403,-0.0365901760890391,-0.14282015851867044,-0.04847823068110425,0.9885607029771782,0.06562275925554871,0.0,0.0,0.0,1.0
1544581168766553000,0.9964134831804936,0.051874631404626705,0.06685202429809356,4.9206845028459245,-0.05504473789657786,0.997401319871232,0.04648315769200357,-0.23634505593301625,-0.06426700059918619,-0.049996297220461526,0.9966795487508652,0.19932586261684937,0.0,0.0,0.0,1.0
1544581168831072000,0.9879948392498822,0.05589963861955824,0.14401884605080512,4.355928357740588,-0.06239192136487852,0.9972108281816462,0.04096110723202851,-0.04358106811952247,-0.14132744165236183,-0.04945497507306751,0.9887268377446421,0.07432480415455182,0.0,0.0,0.0,1.0
1544581168867370000,0.9966582045744923,0.05247893308565292,0.06259700341501755,5.322535358363632,-0.0554425231264734,0.9973745258599146,0.04658521004655559,-0.25396136375643924,-0.05998791448049009,-0.04990006761421083,0.9969510686931333,0.16371603812955834,0.0,0.0,0.0,1.0
1544581168931940000,0.9886116623349113,0.055924694944644436,0.13971188063565398,4.686080310814169,-0.06222881346381469,0.9972126001994805,0.04116557758948287,-0.05248949311857352,-0.13702027539852918,-0.04939087465047029,0.9893361337942597,0.08220206731168722,0.0,0.0,0.0,1.0
1544581168968241000,0.9968744899475002,0.05273873047183988,0.058820724240155775,5.666555078589664,-0.05561542299274987,0.9972789340406808,0.04839062351350134,-0.29295072987224036,-0.056108609118880305,-0.05151071759261907,0.9970950155104766,0.13707796762466143,0.0,0.0,0.0,1.0
1544581169032812000,0.9890495304488658,0.056961319975616216,0.13614857452619555,4.988246780569143,-0.06326447292406906,0.9970947165047056,0.04242325758403952,-0.061558670039146265,-0.13333653957006486,-0.05057207080036858,0.9897796890573399,0.08862739347870886,0.0,0.0,0.0,1.0
1544581169069104000,0.997051655857276,0.05311753639757978,0.055376194157035055,6.000192241256863,-0.055811638389124396,0.9972725809389983,0.048295551840637704,-0.3037169080723909,-0.05265981933682892,-0.05124379605690711,0.9972968548998322,0.14518113674455516,0.0,0.0,0.0,1.0
1544581169133662000,0.9893306236025665,0.057453186811475425,0.1338807250031332,5.294959970931475,-0.06371223772364534,0.9970439965432186,0.04294205073550958,-0.07178563845413391,-0.13101781545425217,-0.05101372641094838,0.990066629955412,0.094288225829286,0.0,0.0,0.0,1.0
1544581169169940000,0.9971283959730326,0.0534441762640066,0.05365335001382904,6.3401474291996305,-0.05601179816359403,0.9972971750218884,0.04755021724285267,-0.31205155118246003,-0.05096705220753331,-0.050418892459310326,0.9974268368519335,0.16416852695300185,0.0,0.0,0.0,1.0
1544581169234549000,0.9898346678241629,0.05755399510357214,0.13005717212461376,5.606459190011675,-0.06363127021209922,0.9970439768457986,0.04306239295152079,-0.08398301028144625,-0.12719430735936327,-0.050900352485364814,0.9905709274414627,0.09991356784518082,0.0,0.0,0.0,1.0
1544581169270792000,0.9972517619114284,0.05515665794361768,0.04946378927100362,6.743052643581793,-0.05748086289853011,0.9972460050771655,0.04686529374786341,-0.30471923608465784,-0.04674263326980929,-0.04957971805208177,0.9976757879155339,0.1472262493833606,0.0,0.0,0.0,1.0
1544581169335379000,0.9902759083543714,0.056975929785413854,0.12691480905715247,5.922578561457422,-0.06296466662587548,0.9970593020180437,0.04368293735523299,-0.09621181190873479,-0.12405271496270558,-0.05124930911121066,0.9909512764137314,0.10525889299814008,0.0,0.0,0.0,1.0
1544581169371663000,0.9974789759487599,0.054366423488997895,0.04560684748181484,7.120109597358699,-0.05659867449154694,0.997185385830376,0.04917210929094804,-0.3818664077976609,-0.042805170085102026,-0.051629432335984306,0.9977485249954768,0.16083688104461624,0.0,0.0,0.0,1.0
1544581169436256000,0.990895821213839,0.0581531912316075,0.1214235473478487,6.242603874201512,-0.06411957946773882,0.9968898151052571,0.04581894879067305,-0.10837950657695385,-0.1183813795739662,-0.053187431682513914,0.9915427101649134,0.1099047295952388,0.0,0.0,0.0,1.0
1544581169472518000,0.997632340793454,0.05300506828728651,0.04381980532628798,7.433030831432506,-0.05512694627223294,0.9972899025883564,0.04872237668670613,-0.4130463743797853,-0.0411185164818968,-0.05102267075686122,0.9978506675205284,0.1817494049565173,0.0,0.0,0.0,1.0
1544581169537116000,0.9915930434763899,0.05852271332846303,0.11540506121443321,6.566693738011916,-0.06432955151482736,0.9968095461651021,0.047248676976407174,-0.12161012486115287,-0.11227174591647564,-0.05427541523373401,0.9921941515500242,0.11387359691747544,0.0,0.0,0.0,1.0
1544581169573405000,0.9977349530078864,0.05325787287941555,0.04109212239241981,7.740230562950492,-0.05525902037403376,0.9972588582177303,0.04920579613795802,-0.4274732066618302,-0.038358887023162126,-0.051365053125916126,0.9979429979230843,0.17528634479826508,0.0,0.0,0.0,1.0
1544581169637953000,0.991935277236643,0.06171531775172335,0.11070512783186175,6.893641410452546,-0.06744452962148433,0.9965301909279224,0.04877308677228139,-0.13566884708330643,-0.10731095562710082,-0.055846200622455856,0.992655811788977,0.11702284405545109,0.0,0.0,0.0,1.0
1544581169674252000,0.9978233585157547,0.05322862731146926,0.03892632059260622,8.07661277155421,-0.05517211674860878,0.9971895659994776,0.05068537259652469,-0.4615202035488799,-0.03611900792961417,-0.0527226962162158,0.9979557778628642,0.19002872165894555,0.0,0.0,0.0,1.0
1544581169738813000,0.9922306798969049,0.06442234101867103,0.10643326476716672,7.225241936896961,-0.06993615647972627,0.9963517945239594,0.04890844063888635,-0.15049277931014646,-0.1028941781062791,-0.05597198876722443,0.9931162694192845,0.11960995311361024,0.0,0.0,0.0,1.0
1544581169775112000,0.9978598062110631,0.05469470074058713,0.03583708776275584,8.423614697566718,-0.05643644557680295,0.9971763294302441,0.04954084814253979,-0.4494781506221378,-0.033026273769143306,-0.051457338980200426,0.9981289533452088,0.21787125868678228,0.0,0.0,0.0,1.0
1544581169839660000,0.9924613314583217,0.06590101383062869,0.10333228893271701,7.561949431766697,-0.07119759071656953,0.9962857112125452,0.04843226930329629,-0.1656525200596956,-0.09975674732134689,-0.055424164493535294,0.993467036873422,0.12163503808450128,0.0,0.0,0.0,1.0
1544581169875999000,0.997955230535986,0.05501096414799956,0.03254461045054128,8.730278534974056,-0.056652961838547344,0.9970445732408357,0.051889891943588055,-0.4986542108715554,-0.02959391425259706,-0.05362753765095575,0.9981223809957895,0.1855392935250593,0.0,0.0,0.0,1.0
1544581169940519000,0.9925912811507956,0.06774060570247031,0.10086505302872054,7.904038076992706,-0.0729240983345113,0.9961517574673813,0.04861843247930398,-0.18037059477556175,-0.09718345777714742,-0.0556137252277579,0.9937114717566493,0.12394793896274717,0.0,0.0,0.0,1.0
1544581169976852000,0.9979829116977751,0.05628870972027547,0.02935454168027601,9.091192766040328,-0.05778480295401241,0.9969271688690297,0.052887961941705565,-0.49146098708450536,-0.026287344993331907,-0.05447752865914442,0.9981689107382535,0.19859406204582428,0.0,0.0,0.0,1.0
1544581170041362000,0.9928196638421666,0.06719157286745338,0.09896669957073786,8.251203972733002,-0.07220758773317472,0.9962338469213468,0.048001942898676306,-0.19571430787139674,-0.0953686497864092,-0.05480341945435159,0.9939322944013989,0.12647403365165666,0.0,0.0,0.0,1.0
1544581170077713000,0.998017622884084,0.057203404469492604,0.026241092391620032,9.528399832348972,-0.058551170887618374,0.9968311955675564,0.05384540770615739,-0.5162044680762425,-0.02307779886589741,-0.05527511248702303,0.998204426527479,0.23442340000479137,0.0,0.0,0.0,1.0
1544581170142253000,0.9929075186087858,0.06742460091111077,0.09792130862137677,8.568389172464538,-0.07239792156616874,0.9962127486018713,0.04815288647630227,-0.2102504920661691,-0.09430376685501095,-0.054900662246263006,0.9940285291891169,0.12846734541510554,0.0,0.0,0.0,1.0
1544581170178565000,0.9980747536467355,0.057353774266116236,0.02360785272825018,9.827648681665453,-0.0585720053876683,0.9967872000993807,0.05463147355604666,-0.5550840047802795,-0.020398684219192408,-0.0559090537879997,0.998227464752727,0.22974222022177665,0.0,0.0,0.0,1.0
1544581170243112000,0.9929755359889589,0.0678295941091502,0.09694705302603734,8.889619042289032,-0.07275138006120141,0.9961864306936783,0.04816463433868773,-0.2261674836945255,-0.09331035112266972,-0.054879335498681216,0.9941234515434111,0.13020639559936992,0.0,0.0,0.0,1.0
1544581170279399000,0.998131537237968,0.05709228861801898,0.021769358082636445,10.11048878814824,-0.058219538080721306,0.9967740401987987,0.055244892718047375,-0.5896078615728855,-0.018545073648833836,-0.05640907166509606,0.9982354916938385,0.1933095327470166,0.0,0.0,0.0,1.0
1544581170343974000,0.9929800114156477,0.06850533600798964,0.0964246642068847,9.215071431949161,-0.07332786083027946,0.9961814175485018,0.04738784820091984,-0.24379120025091747,-0.09281013821255232,-0.05412580040508132,0.9942115851142937,0.13182231500818503,0.0,0.0,0.0,1.0
1544581170380272000,0.9982354045088191,0.05629384920543767,0.018896553303471297,10.463467675573499,-0.05723161402583335,0.9969303675303594,0.053426441503985025,-0.6082667665946047,-0.015830967788278385,-0.05441364569128002,0.9983929765485479,0.2108193684329493,0.0,0.0,0.0,1.0
1544581170444842000,0.9929581568994365,0.06738195864580149,0.0974359804996477,9.544956852386509,-0.0721847841440346,0.9963004882912212,0.04663361415067829,-0.26170435658298047,-0.09393325068872717,-0.0533386227768464,0.994148648711709,0.13361847462263957,0.0,0.0,0.0,1.0
1544581170481096000,0.9983213088165644,0.05516252583013093,0.0176538977800469,10.79450854119119,-0.0560029117949398,0.9971116521840419,0.05130328400109937,-0.6337356980197973,-0.014772888454069724,-0.052205831310778175,0.9985270717130691,0.23126234851496752,0.0,0.0,0.0,1.0
1544581170545700000,0.99298965369412,0.06793622849784166,0.09672753751604568,9.878991502192612,-0.07268686667654346,0.996271907615022,0.04646402382353092,-0.2803369186949765,-0.09321033778060911,-0.053169116549142595,0.9942257681111518,0.13543771864555287,0.0,0.0,0.0,1.0
1544581170581973000,0.9982605725451977,0.057360846436149304,0.013622136317927148,11.174531930632078,-0.05800732976352621,0.9969034963444805,0.05309019372592851,-0.6544224520111361,-0.01053465687344455,-0.05378803093885854,0.9984968045678857,0.24321165346660262,0.0,0.0,0.0,1.0
1544581170646534000,0.9927684663522539,0.06885284531110332,0.09833645259597396,10.218318105696866,-0.07369981063008305,0.9961941944074343,0.0465345564286923,-0.299150314291875,-0.09475816655932472,-0.05344541815245278,0.9940646242316593,0.1376431865591717,0.0,0.0,0.0,1.0
1544581170682850000,0.9982297117097795,0.05854130797386488,0.010505137815465557,11.530842150351152,-0.05902528622240943,0.9967960421820639,0.05397838341904691,-0.6743442797344867,-0.00731151462936767,-0.05450289488531887,0.9984868432798429,0.2610581153307111,0.0,0.0,0.0,1.0
1544581170747391000,0.992488899856932,0.06909239583793357,0.10095555704442663,10.562189975466232,-0.07407766442475015,0.996168160326811,0.046491891599188324,-0.31828233194793537,-0.0973564753580888,-0.05362123822209693,0.9938040448284455,0.1397739052044367,0.0,0.0,0.0,1.0
1544581170783680000,0.9982837960194993,0.0578890331773165,0.008849996762702657,11.882126014417405,-0.0582879258303972,0.9968000620816578,0.0547005844246,-0.7093318206835175,-0.0056551133759104285,-0.05512255501877836,0.9984635815195805,0.2846277080821414,0.0,0.0,0.0,1.0
1544581170848248000,0.9922682766615157,0.06845248698894264,0.10352740775376233,10.911066622085817,-0.07359794357375524,0.9961929462852508,0.04672211974242454,-0.33795988954740513,-0.09993502805773016,-0.05398028155298712,0.99352862030772,0.1416774228064422,0.0,0.0,0.0,1.0
1544581170884535000,0.9982591488752971,0.05859385468826746,0.00674031746615857,12.180204190994003,-0.05888050712509693,0.9966855958210332,0.05613295790856691,-0.7271475567129857,-0.0034289309508641268,-0.056432112096250174,0.998400550459027,0.318345697598064,0.0,0.0,0.0,1.0
1544581170949107000,0.9922319200842207,0.06897731067382291,0.10352751990746491,11.26523074424939,-0.07416270315441839,0.9961333312702467,0.04709861774265238,-0.35893438933161276,-0.0998784772952267,-0.05441063264331511,0.9935108317620607,0.14372268086113268,0.0,0.0,0.0,1.0
1544581170985379000,0.9982714038545798,0.058697095586376355,0.002975771485412805,12.570084196753882,-0.058771462512306805,0.9966760254652377,0.0564164466886922,-0.7664763292875396,0.0003456014671556107,-0.05649381587870788,0.9984028892822218,0.3176749226575731,0.0,0.0,0.0,1.0
1544581171049965000,0.9922099092703419,0.07042981468027927,0.10275766224392785,11.625060110849494,-0.07564085814432256,0.9959923898141531,0.04772441735088002,-0.38018592200159096,-0.09898462772029794,-0.05512531756273188,0.9935608903528176,0.1459267399914099,0.0,0.0,0.0,1.0
1544581171086278000,0.9982167758539746,0.05969175555516212,-0.0004033886996825765,12.873860566391842,-0.059569121477154416,0.9965558358402961,0.0576886974986286,-0.7971490505330387,0.003845538992164288,-0.05756179610984236,0.9983345388488131,0.3297508057724973,0.0,0.0,0.0,1.0
1544581171150837000,0.9921311269471054,0.06954770950070123,0.10411024467299938,11.99064741642581,-0.07479207966728484,0.9960747140613321,0.04734246325105037,-0.40262424563612537,-0.10040902231228079,-0.05475655313148002,0.9934383464148402,0.14818594881144637,0.0,0.0,0.0,1.0
1544581171187127000,0.9980964022667869,0.0615418887657723,-0.00402090900661008,13.257503705336829,-0.061219763001154004,0.9965423206971662,0.05617422609689564,-0.7614980087648547,0.007464073966717577,-0.05582113387099888,0.998412884839322,0.3135782655230152,0.0,0.0,0.0,1.0
1544581171251693000,0.9921306512696862,0.07069337502193013,0.1033402996860146,12.36205273561492,-0.0760030253988212,0.9959334562820811,0.048374484888777575,-0.42580038612885807,-0.09950030623778278,-0.05584798461929651,0.9934690189797319,0.15053573357689826,0.0,0.0,0.0,1.0
1544581171288002000,0.9981478184508306,0.060462785657953794,-0.00672190987266177,13.60889749455667,-0.05999619811492746,0.9966414205229289,0.05573450555796132,-0.8038902579343528,0.010069197267419588,-0.05522798609868378,0.9984229969396095,0.35250614032951555,0.0,0.0,0.0,1.0
1544581171352505000,0.992306328566676,0.07065192880531766,0.10166835910257893,12.70167928319151,-0.07587348393040613,0.9959402331752477,0.048438273907090414,-0.447287068984454,-0.09783335179163008,-0.055779538353452146,0.9936384042388334,0.15265447892679104,0.0,0.0,0.0,1.0
1544581171388851000,0.9981535428886292,0.06020131582088345,-0.008081237053542975,13.933019035374128,-0.0596343822163774,0.9965355298715417,0.05797135638670786,-0.8612149697559055,0.011543191783571001,-0.05738239518421962,0.9982855380332668,0.4038761835316259,0.0,0.0,0.0,1.0
1544581171453394000,0.9924961083478524,0.07132205235151325,0.09932089288127534,13.045526735710657,-0.07647773471154126,0.9958614532721846,0.04910317688304918,-0.469417957613226,-0.09540770937275832,-0.05633054886103008,0.9938431658251017,0.15424603520534685,0.0,0.0,0.0,1.0
1544581171489707000,0.9980974467124419,0.06070545533757679,-0.01078584991388322,14.246036173818947,-0.059992703775751874,0.9965544582257743,0.057272046270455505,-0.8584472282695628,0.014225412464396925,-0.05651601085168519,0.998300344664686,0.39896315967496176,0.0,0.0,0.0,1.0
1544581171554216000,0.9927817193631377,0.07277184610705846,0.09533475815536475,13.393127873818539,-0.07774193266058642,0.9957441435182329,0.04949537913115374,-0.49175801563452626,-0.09132715699378785,-0.05654961594308495,0.9942140068074513,0.15614178486785463,0.0,0.0,0.0,1.0
1544581171590553000,0.9979191201882007,0.06255757130823333,-0.015619853866977776,14.67662242362801,-0.061571506579414,0.9964640241645903,0.05716990574813312,-0.877295938469341,0.01914103289667511,-0.05608920411027923,0.9982422662069179,0.4073220680961728,0.0,0.0,0.0,1.0
1544581171655085000,0.9929628436952156,0.0745132984466801,0.09204650669800275,13.742856064336559,-0.07931288157006673,0.9956135291565859,0.0496303070453975,-0.5138130797462739,-0.08794462949925895,-0.0565815245019416,0.9945171055478507,0.15841373628569272,0.0,0.0,0.0,1.0
1544581171691410000,0.997876129622831,0.06238853922055446,-0.018732327748784194,15.024982694321736,-0.06122295596973581,0.99647153058492,0.05741287657025292,-0.9074196551019754,0.022248136804917277,-0.05614409058546278,0.9981747650091336,0.43643673285763723,0.0,0.0,0.0,1.0
1544581171755955000,0.9931304211638291,0.07562942938630599,0.08928693056464206,14.09154553133497,-0.08034382941127802,0.9954902188669991,0.05043900490360076,-0.5347871063590088,-0.08506959289008494,-0.057266164100939654,0.9947279783009427,0.16090639023864173,0.0,0.0,0.0,1.0
1544581171792249000,0.9978099091710007,0.06267255112494644,-0.021155058394071082,15.353200706549925,-0.06136521795442997,0.9964500351219442,0.05763364929345504,-0.9313235644822294,0.02469200651164004,-0.056209241597504615,0.9981136337980064,0.538356733809995,0.0,0.0,0.0,1.0
1544581171856815000,0.9932723491201485,0.0764458487884257,0.08698317467393578,14.437928106029702,-0.08104513676591574,0.9954237173517194,0.05062912936520492,-0.5552030696010923,-0.0827147283132401,-0.05733807754626777,0.9949224183741007,0.16328159111078375,0.0,0.0,0.0,1.0
1544581171893092000,0.9977008774598618,0.06332286295663783,-0.024148998795087417,15.641305863018259,-0.061811387545550295,0.9963484426179564,0.058899348574195494,-0.9523038190883835,0.027790492718267074,-0.05727124863092881,0.9979717894784058,0.5461440674464364,0.0,0.0,0.0,1.0
1544581171957688000,0.9933720535810219,0.07933000696059875,0.08317880234681863,14.78130153015566,-0.08378338965499767,0.9951529962928369,0.05148647965543318,-0.575494664289676,-0.07869121159404308,-0.05811423203503472,0.9952037124392373,0.16519121508956797,0.0,0.0,0.0,1.0
1544581171993972000,0.9976344632735323,0.06299540797866093,-0.027514655413728273,15.979986559087958,-0.06128713405411175,0.9963719913787469,0.05904864092746882,-0.9860621529331306,0.031134625232487494,-0.05722266482391303,0.9978758448534993,0.554070976105602,0.0,0.0,0.0,1.0
1544581172058554000,0.9937338416886197,0.08053214228666115,0.07750887653357967,15.121659674279055,-0.08461508796561061,0.9951120227783855,0.05091511573672325,-0.5963470065306578,-0.07302971156555821,-0.05715449396707916,0.9956907276097444,0.1667843289934622,0.0,0.0,0.0,1.0
1544581172094815000,0.9975434029167113,0.06369595588325468,-0.029154493675416997,16.326816653275127,-0.061867869413865455,0.9962905541650456,0.05981219286811075,-1.0011508155688047,0.032856141458490085,-0.05786153200202776,0.9977838027763528,0.5937445441657412,0.0,0.0,0.0,1.0
1544581172159420000,0.9941639703989305,0.07924327524429409,0.0732017984013341,15.458132487773026,-0.08303509171494171,0.9952767612888456,0.05029256388647694,-0.6161631477744987,-0.06887070135060071,-0.056077373038875215,0.9960482692764113,0.1682041734926992,0.0,0.0,0.0,1.0
1544581172195697000,0.9974348389035562,0.0643250667531712,-0.03140108164760973,16.6491164249509,-0.062410380779160106,0.9963312229393594,0.05855799319613249,-0.9929237012044313,0.03505262490085442,-0.05644802904759511,0.9977900247568121,0.6309738240559074,0.0,0.0,0.0,1.0
1544581172260258000,0.994337501068989,0.07971217614327766,0.07027732879372053,15.79050836288025,-0.08338821862870062,0.9952101245466668,0.05102169140412614,-0.6350835442440956,-0.06587365908927134,-0.056593082389183806,0.9962218046518969,0.16956936936192354,0.0,0.0,0.0,1.0
1544581172296542000,0.9973063636495931,0.06454954774842374,-0.03483350268782813,16.97489351935392,-0.06239834047358143,0.9962663962967332,0.05966334482795615,-1.0353493480327527,0.038554690118997724,-0.05732908071293817,0.9976106015748015,0.6405173805798443,0.0,0.0,0.0,1.0
1544581172361111000,0.9943050835800906,0.08067665501386462,0.0696324500686369,16.118403305208126,-0.08434634198930002,0.9951061604320576,0.051472556408173324,-0.6535164920999409,-0.06513904635325357,-0.05705266694855184,0.9962438947538127,0.17161840419439736,0.0,0.0,0.0,1.0
1544581172397414000,0.99728345336582,0.06372337284746336,-0.0369465207521783,17.254369069502026,-0.06136914957935991,0.9962068995555031,0.061689875651659384,-1.0993026738267917,0.04073746583495464,-0.05925491566911747,0.9974113062555439,0.7107822364779454,0.0,0.0,0.0,1.0
1544581172461996000,0.9940971718090706,0.08208869297819293,0.07093842038230315,16.40915106603481,-0.08582326529318057,0.9949886311815117,0.05130293319058268,-0.6706717007602145,-0.06637153106280319,-0.05708826766221757,0.9961605039147599,0.17359609493702136,0.0,0.0,0.0,1.0
1544581172498296000,0.9971673902162891,0.06425295549151425,-0.03909927876375548,17.512960981848686,-0.06172881475220194,0.9961241316183155,0.06265993805410353,-1.1142190225644244,0.04297382131633955,-0.06006889476477202,0.9972687594441169,0.6982432155027829,0.0,0.0,0.0,1.0
1544581172562842000,0.9938270754248099,0.08344956905732673,0.07310207641863282,16.694447388669634,-0.08723409472576621,0.9949221557478135,0.05020076413263214,-0.6873266327576489,-0.06854164332685019,-0.05626787206097768,0.9960602239341673,0.1760926850562163,0.0,0.0,0.0,1.0
1544581172599151000,0.9971700338595881,0.06433247426059815,-0.038900595470781237,17.795006169301598,-0.06192203178194061,0.9962588759095383,0.06028195543824137,-1.1019587009364629,0.04263315086254112,-0.05770255563639517,0.9974230945394039,0.7591465416569948,0.0,0.0,0.0,1.0
1544581172663717000,0.9937954956368011,0.08351360118479642,0.07345741126087532,16.972798931626425,-0.08725223494905095,0.9949682730768036,0.04924614773725016,-0.7037338077626004,-0.0689750704849086,-0.05534992310482663,0.9960817364372729,0.17884658578178617,0.0,0.0,0.0,1.0
1544581172699976000,0.9970591805260394,0.06485739798055926,-0.04082289132260106,18.072084701446357,-0.06232568407319026,0.9962203675262806,0.060501970468804234,-1.1154556891976128,0.04459259617419001,-0.05777973046830993,0.9973329449654494,0.7827233712546985,0.0,0.0,0.0,1.0
1544581172764562000,0.9936775145699159,0.08435930289324511,0.07408444542223194,17.24426027894492,-0.08805663672229985,0.9949515021840379,0.048140804219316616,-0.7195004085633265,-0.06964930557665863,-0.05436006178336594,0.9960893322968573,0.18163147444520486,0.0,0.0,0.0,1.0
1544581172800821000,0.996903399705531,0.06537539359751184,-0.043699766218257316,18.35379683292092,-0.06274079676969513,0.9962748150244457,0.05916151932384421,-1.1130705522798534,0.04740468411732878,-0.056236561594501785,0.9972914544223092,0.7583241215746053,0.0,0.0,0.0,1.0
1544581172865365000,0.993583097951063,0.0849430549770286,0.07468135561929631,17.50922873555398,-0.08859579435425836,0.9949565292718032,0.04703498785101514,-0.7345573256785057,-0.07030940682941487,-0.05334962296564661,0.9960975881110851,0.1846777968166073,0.0,0.0,0.0,1.0
1544581172901677000,0.9967420599005277,0.06570662350108979,-0.04677505375028271,18.634508885213318,-0.06284404249916811,0.9962034991038683,0.06024296386772402,-1.1522333527422244,0.05055583396224935,-0.05710716243424462,0.9970871976166832,0.7646542117147218,0.0,0.0,0.0,1.0
1544581172966235000,0.9934585734109072,0.08534038407859841,0.07587543582532023,17.766271459687893,-0.08902157727183807,0.9949422622471049,0.046530136198482584,-0.7476201568426607,-0.07152077807462032,-0.0529803137017178,0.9960310560738912,0.18740473171347613,0.0,0.0,0.0,1.0
1544581173002535000,0.9966917749631548,0.065892904526782,-0.04757762976256965,18.866331245068984,-0.06286819566058746,0.9960633279871999,0.062493492568784635,-1.1868635317366667,0.05150820997842787,-0.059295630295048425,0.9969106943617023,0.8169357936417393,0.0,0.0,0.0,1.0
1544581173067112000,0.993229141076824,0.08507822066535244,0.07910480190360832,18.0163597168276,-0.08892887776277124,0.9949521867416462,0.04649516961870632,-0.7594507505932245,-0.07474976933506577,-0.05321505864354319,0.9957814165357375,0.19026514486502052,0.0,0.0,0.0,1.0
1544581173103401000,0.9965424088515729,0.06692870109854812,-0.049231862950429334,19.157385737043953,-0.06372625442060786,0.995915029741472,0.06397044655590585,-1.1948558342737838,0.05331221115118558,-0.06061190068215362,0.9967366781842962,0.8949558238978015,0.0,0.0,0.0,1.0
1544581173167979000,0.9929862489804819,0.08561923710456554,0.08153315628197744,18.259692021534992,-0.08957531868128153,0.9949097609026168,0.04616091359413322,-0.7713133903483166,-0.07716587081615775,-0.05314051089639945,0.99560108200165,0.19356728483517388,0.0,0.0,0.0,1.0
1544581173204260000,0.9965815302005016,0.0661544753482093,-0.04948574597431986,19.35365399263649,-0.06291750865572215,0.9959429773160764,0.0643348508923752,-1.2176077619183279,0.05354101948776131,-0.06100140429687013,0.996700651101432,0.9261287945929964,0.0,0.0,0.0,1.0
1544581173268846000,0.9929362328347541,0.08529549548413133,0.08247615397216815,18.497516515284723,-0.08924367176946896,0.9949734095744894,0.0454255576610723,-0.7843661971471988,-0.0781869846779339,-0.05246515691230349,0.9955572322760469,0.19650263258049935,0.0,0.0,0.0,1.0
1544581173305094000,0.9964667222827995,0.06642045289639137,-0.05140422959267441,19.586752676465917,-0.06313796365089298,0.9960116496967085,0.06304277289632697,-1.2063812634213598,0.055386541045606204,-0.05957446689209727,0.9966861160694092,0.9452141479552442,0.0,0.0,0.0,1.0
1544581173369680000,0.9928344149658773,0.08560711505310098,0.08337413454811851,18.73084821846742,-0.08953970208134088,0.9949830973822845,0.044623734432934166,-0.7974030919231326,-0.07913574546655436,-0.05176927443804311,0.9955186969683759,0.20035128585811063,0.0,0.0,0.0,1.0
1544581173405966000,0.9963615662573962,0.06575250514359406,-0.054223955522024914,19.814505927487303,-0.0624470823916917,0.9962096802755241,0.06055274416656017,-1.2277622572660452,0.05799992401614101,-0.05694629920088988,0.9966910894662606,0.9052102731257812,0.0,0.0,0.0,1.0
1544581173470550000,0.9928466661082079,0.08615356346032566,0.08266233181384061,18.958967110993225,-0.09005284168196767,0.9949352985585674,0.044656885103864355,-0.8098089369126148,-0.07839632199801379,-0.05178141737404307,0.9955765673778783,0.20427197140361217,0.0,0.0,0.0,1.0
1544581173506824000,0.9962687071397284,0.0658905388219684,-0.055741367653561774,20.007085756696053,-0.062452440463934826,0.9961622002831484,0.061323432773555724,-1.2359498323535874,0.05956807747642614,-0.057613432641917976,0.9965602523304726,0.9107688973779909,0.0,0.0,0.0,1.0
1544581173571405000,0.9927939452744325,0.08672383556334116,0.08269920538679039,19.181841763938653,-0.09061819451490997,0.9948885440063158,0.044554773345336016,-0.8220011708292713,-0.07841253120057948,-0.05172776189029291,0.9955780801125252,0.2081763701603298,0.0,0.0,0.0,1.0
1544581173607686000,0.9962159230717894,0.06615441773147022,-0.056368675989746125,20.20967209424751,-0.06262402408768925,0.9960939398302037,0.06225025815693115,-1.254202285025618,0.06026662613164367,-0.05848466506829128,0.9964674995836827,0.941006926881095,0.0,0.0,0.0,1.0
1544581173672266000,0.9928931206933408,0.08768994447860393,0.08045945884216697,19.3780429697109,-0.09146960013903319,0.994810747326553,0.044552095955114134,-0.8328838260481145,-0.07613516355955596,-0.05159506411399852,0.9957617115700093,0.21111712181195072,0.0,0.0,0.0,1.0
1544581173708549000,0.9962122093714472,0.06564417276641714,-0.05702698029072665,20.383873703473355,-0.061987410861797806,0.9960430161144733,0.06368572009668846,-1.2907881012871292,0.060981921861456456,-0.05990953706544451,0.9963393260203495,0.9989089767443687,0.0,0.0,0.0,1.0
1544581173773121000,0.9929667654058874,0.08867224281769888,0.07844893978279457,19.572255772666793,-0.09229777734545637,0.9947651197996682,0.043857459195029036,-0.844354303091413,-0.0741493297100788,-0.050789662172868184,0.995952954270388,0.2135796666259292,0.0,0.0,0.0,1.0
1544581173809409000,0.9960624071998311,0.0658676950921743,-0.05933909088053088,20.608530347348324,-0.06204651719032145,0.9960135443828603,0.06408782341788083,-1.3126193182795245,0.0633238554403841,-0.060153687743435005,0.9961785096974486,0.9806896655136056,0.0,0.0,0.0,1.0
1544581173873992000,0.9930460254209159,0.08927603284513007,0.07674230485953977,19.765639750812788,-0.09273234184595511,0.9947744631303255,0.04271393542556935,-0.8569038088910544,-0.07252795441403385,-0.04953339745272869,0.9961356023982415,0.21666443051897627,0.0,0.0,0.0,1.0
1544581173910245000,0.9957213934075511,0.06771502349894173,-0.0628775182642243,20.83180246981513,-0.06350735911879557,0.9957522522983092,0.0666653386746079,-1.3414029127681784,0.06712467540544509,-0.062386918784162054,0.9957922224622614,1.014921422885487,0.0,0.0,0.0,1.0
1544581173974852000,0.9930920914817397,0.0898718058082822,0.07543975316224162,19.957833164877147,-0.09316016616774637,0.9947959257522837,0.0412583269929339,-0.8704161918355472,-0.0713391987340716,-0.04800129818469843,0.9962964388657461,0.2198143198938592,0.0,0.0,0.0,1.0
1544581174011135000,0.9956527559959513,0.0676277656379993,-0.06404744173253532,20.98834897656413,-0.0633742755202955,0.9957874481779357,0.06626506812455607,-1.3566072178513187,0.0682589970622796,-0.061918037485745855,0.995744377816899,1.086112752246017,0.0,0.0,0.0,1.0
1544581174075675000,0.993059741547414,0.09122797897474788,0.07422806457104167,20.15045789621986,-0.09434520462822026,0.9947506166311088,0.03962566183283805,-0.8850795212058271,-0.07022344395882997,-0.04635371143947507,0.9964537126000135,0.22162181599106637,0.0,0.0,0.0,1.0
1544581174111995000,0.9954120957852703,0.0682183540626092,-0.06708960972734702,21.188218731968558,-0.0636115014727367,0.9956169194908172,0.06856038582155206,-1.4171232982317283,0.07147262724122576,-0.06397816653050137,0.9953885963595482,1.0507395346073962,0.0,0.0,0.0,1.0
1544581174176541000,0.9929380311930499,0.09279428089878392,0.07391405578741501,20.344601150572043,-0.09573790036095492,0.994706601815825,0.03732332700190081,-0.900565811965366,-0.07005940796883262,-0.044136127339091405,0.9965659444404904,0.22212434847796678,0.0,0.0,0.0,1.0
1544581174212880000,0.9954457955765471,0.06723898131941228,-0.06757653039412455,21.407109786149945,-0.06293265724960535,0.9959666045580382,0.06395313328239248,-1.382857292729949,0.07160411105854161,-0.059409107014493014,0.9956622968071327,1.0704420949810975,0.0,0.0,0.0,1.0
1544581174277398000,0.9929533303905924,0.09305849902502335,0.07337437853526997,20.542036298689233,-0.09581629255355194,0.9947835418028231,0.03499918626945738,-0.9160382461490828,-0.06973465241556322,-0.04178301948688894,0.9966901512180418,0.223201942227558,0.0,0.0,0.0,1.0
1544581174313709000,0.9952619049724044,0.06841036302729037,-0.06909242173480526,21.565283388346423,-0.063964514426399,0.9958571149984689,0.06463085486918589,-1.3837361500679641,0.07322760002144543,-0.059905164530290024,0.9955144850064698,1.1026521041188433,0.0,0.0,0.0,1.0
1544581174378265000,0.993232279947583,0.09271641688421621,0.0699521558658159,20.74242318163295,-0.09521343891543178,0.9949016929990033,0.033241875964148876,-0.9333628380439131,-0.06651345066992428,-0.03967728957313901,0.9969963257565758,0.22504390613438802,0.0,0.0,0.0,1.0
1544581174414565000,0.9951235584683442,0.0687318648138124,-0.0707462659122086,21.793399709806287,-0.06400549960588531,0.9956954000530517,0.06703705194439276,-1.422226284829529,0.07504931313147428,-0.062181999585169484,0.9952391669976032,1.131850346000434,0.0,0.0,0.0,1.0
1544581174479101000,0.9935934642274621,0.09199215603952823,0.06564656176576741,20.944965962785275,-0.0942316759395271,0.9950400761413377,0.03186907783839992,-0.9527164760004756,-0.06238925463647951,-0.0378508929860464,0.9973338913353275,0.22652161747645772,0.0,0.0,0.0,1.0
1544581174515400000,0.9950767619319628,0.06866263938177043,-0.07146803352642626,21.93594759488489,-0.06394083497298426,0.995743315544355,0.06638387734753112,-1.4237756866550966,0.07572190889011572,-0.06148732797791276,0.9952313806407896,1.163486247380219,0.0,0.0,0.0,1.0
1544581174579980000,0.9939407924444535,0.0908219545176289,0.06191182191217966,21.149811426534892,-0.09293855949110215,0.9951508697632651,0.0322051326520878,-0.9731980201766331,-0.05868667033157104,-0.03776399061298256,0.9975619057173242,0.22713667106575008,0.0,0.0,0.0,1.0
1544581174616256000,0.9949356141954592,0.06843494977038772,-0.07361916364258744,22.150355197046917,-0.06366329060192369,0.9958314560051132,0.06531995606605064,-1.4228860990002503,0.07778244683246026,-0.0603023123989477,0.9951449754101633,1.1576163928667853,0.0,0.0,0.0,1.0
1544581174680813000,0.9942293435061255,0.08963241097897248,0.05894101639327226,21.356548501024676,-0.09168246541131736,0.9952398801545702,0.033044008322561914,-0.9952425947784659,-0.05569863595706762,-0.0382571803981358,0.9977144130965088,0.22638852951672267,0.0,0.0,0.0,1.0
1544581174717119000,0.9947100171544598,0.06872759984596498,-0.07634460551992381,22.384233139470012,-0.06370161880522987,0.9957558356197108,0.06642604602777862,-1.4520970073803805,0.08058588917529534,-0.061211378425128644,0.9948663636977193,1.1574588692863998,0.0,0.0,0.0,1.0
1544581174781668000,0.9944649929809902,0.08878415934625827,0.056184969382343145,21.56731343081098,-0.09084823160985424,0.9952385153310064,0.035311420462765614,-1.0194656042015338,-0.05278235073089162,-0.04022027661409272,0.9977957470346374,0.22418034508014645,0.0,0.0,0.0,1.0
1544581174817987000,0.9945651997829581,0.06929546041145652,-0.07770587202428585,22.601880334175892,-0.06421491345417786,0.9957459327032169,0.06607936436644461,-1.434946364955208,0.08195430599280809,-0.060730360375722756,0.9947840544851286,1.2279948820430324,0.0,0.0,0.0,1.0
