1544581167556220000,0.988021798660206,0.02028262974434345,0.15297561996249662,-1.6939570063284966e-06,-0.023291260575707427,0.9995684449195306,0.017900868748322425,2.1773880294463963e-06,-0.15254652586359044,-0.021249443564574564,0.9880678208479124,1.0936709098903265e-05,0.0,0.0,0.0,1.0
1544581167620790000,0.9882623574796148,0.019410271785641215,0.1515280638629091,0.2596476543525253,-0.02248611519755345,0.9995739006523687,0.01861160277707974,-0.0002544422612505649,-0.15110224158548013,-0.02180042393663463,0.9882777211411883,0.00029652032539470607,0.0,0.0,0.0,1.0
1544581167657073000,0.9883053828402836,0.019872135595227998,0.1511871967985498,0.4138694181892115,-0.022935123034906413,0.9995649800861099,0.018542672860884336,-0.0005712593794687253,-0.15075294484782792,-0.021793320360535728,0.988331220192586,0.0008265714821545795,0.0,0.0,0.0,1.0
1544581167721662000,0.9883370093510414,0.020176629239931073,0.15093992043046348,0.6705258465463675,-0.02328603014965885,0.9995509109712533,0.018860996166890763,-0.0015653273817513391,-0.15049158364144277,-0.022155812082897176,0.9883629916402342,0.0022601605802137635,0.0,0.0,0.0,1.0
1544581167757950000,0.9887958201097115,0.021490964199794883,0.14771920860647952,1.0501031497472697,-0.024413231423520802,0.9995399303982981,0.0179978240580455,-0.004212519623500133,-0.1472644568965065,-0.02140247642507477,0.9888655690931155,0.005295267315937091,0.0,0.0,0.0,1.0
1544581167822535000,0.9887958201097115,0.021490964199794883,0.14771920860647952,1.0501031497472697,-0.024413231423520802,0.9995399303982981,0.0179978240580455,-0.004212519623500133,-0.1472644568965065,-0.02140247642507477,0.9888655690931155,0.005295267315937091,0.0,0.0,0.0,1.0
1544581167858800000,0.9895656125854427,0.022020555339572107,0.14239028594301273,1.4226877279406478,-0.024727712832333094,0.9995450307735593,0.017270543534165177,-0.006225574322966459,-0.14194519578512557,-0.0206113220929823,0.9896599086530166,0.009523152004755163,0.0,0.0,0.0,1.0
1544581167923360000,0.9895656125854427,0.022020555339572107,0.14239028594301273,1.4226877279406478,-0.024727712832333094,0.9995450307735593,0.017270543534165177,-0.006225574322966459,-0.14194519578512557,-0.0206113220929823,0.9896599086530166,0.009523152004755163,0.0,0.0,0.0,1.0
1544581167959650000,0.9915010286888215,0.022224160237122953,0.12818657032138428,1.8101139815317455,-0.024753237807470057,0.9995284486749846,0.01817023685656139,0.01542363554426012,-0.12772230551885327,-0.02118884119368942,0.9915836049884137,-0.024826058331052153,0.0,0.0,0.0,1.0
1544581168024224000,0.9900602946407424,0.023301109360078648,0.13869993251071344,1.788670871432071,-0.025911671621816255,0.9995189013521688,0.01704555993546913,-0.007803807083451756,-0.1382360237045683,-0.02047007919721271,0.9901877486658833,0.015297475358642447,0.0,0.0,0.0,1.0
1544581168060531000,0.9908396157848129,0.024399334637869002,0.13282141491730043,2.1469810872705324,-0.026900963470428998,0.9994923051436126,0.017072496099510753,-0.009669387168540058,-0.13233742462269335,-0.02048912950650799,0.9909929372181703,0.021657285418514603,0.0,0.0,0.0,1.0
1544581168125079000,0.9908396157848129,0.024399334637869002,0.13282141491730043,2.1469810872705324,-0.026900963470428998,0.9994923051436126,0.017072496099510753,-0.009669387168540058,-0.13233742462269335,-0.02048912950650799,0.9909929372181703,0.021657285418514603,0.0,0.0,0.0,1.0
1544581168161366000,0.992172387795738,0.024339497288960524,0.12248078121658457,2.485342034131739,-0.026572792965593468,0.9995084895239296,0.016633281203615062,-0.004865980391557361,-0.12201573492673765,-0.019757738770201216,0.9923314930954144,0.02569686257491555,0.0,0.0,0.0,1.0
1544581168225965000,0.9915365028661594,0.02448473653591786,0.12749847513093998,2.4986301680957457,-0.026846673380539483,0.9994977165084148,0.016839561243105376,-0.011745253430019618,-0.12702212253126177,-0.02011994958314642,0.991695804174056,0.028484187676404316,0.0,0.0,0.0,1.0
1544581168262243000,0.992418962015294,0.0244076665768222,0.12045276935278901,2.8462010149784676,-0.026549533184887193,0.9995160800972609,0.016208883819281962,-0.013898226670347652,-0.11999885882851585,-0.01928396845250179,0.9925867228814677,0.0360401442467238,0.0,0.0,0.0,1.0
1544581168326786000,0.992418962015294,0.0244076665768222,0.12045276935278901,2.8462010149784676,-0.026549533184887193,0.9995160800972609,0.016208883819281962,-0.013898226670347652,-0.11999885882851585,-0.01928396845250179,0.9925867228814677,0.0360401442467238,0.0,0.0,0.0,1.0
1544581168363106000,0.9932289112364241,0.02428224388063251,0.11360766926678767,3.192195885603222,-0.026308506653680053,0.9995198235046169,0.016370244315616653,-0.01682826851747298,-0.11315561126945337,-0.019248248061088574,0.9933908156334121,0.04280090714988385,0.0,0.0,0.0,1.0
1544581168427640000,0.9932289112364241,0.02428224388063251,0.11360766926678767,3.192195885603222,-0.026308506653680053,0.9995198235046169,0.016370244315616653,-0.01682826851747298,-0.11315561126945337,-0.019248248061088574,0.9933908156334121,0.04280090714988385,0.0,0.0,0.0,1.0
1544581168463980000,0.9936595725282152,0.02411752902382251,0.10981347238309482,3.5396457063363345,-0.026021929267319083,0.9995342479622484,0.015941968126481184,-0.021161571933937612,-0.10937784565557258,-0.01869844764476937,0.9938243581918396,0.048469523495884924,0.0,0.0,0.0,1.0
1544581168528510000,0.9936595725282152,0.02411752902382251,0.10981347238309482,3.5396457063363345,-0.026021929267319083,0.9995342479622484,0.015941968126481184,-0.021161571933937612,-0.10937784565557258,-0.01869844764476937,0.9938243581918396,0.048469523495884924,0.0,0.0,0.0,1.0
1544581168564822000,0.993972280412053,0.02361345868048051,0.10705844357923884,3.889701698125126,-0.025530848523254025,0.9995366236900456,0.016574488709694836,-0.02578364574773956,-0.10661745422840749,-0.01920787524559612,0.9941145688412357,0.05466615845254183,0.0,0.0,0.0,1.0
1544581168629349000,0.993972280412053,0.02361345868048051,0.10705844357923884,3.889701698125126,-0.025530848523254025,0.9995366236900456,0.016574488709694836,-0.02578364574773956,-0.10661745422840749,-0.01920787524559612,0.9941145688412357,0.05466615845254183,0.0,0.0,0.0,1.0
1544581168665694000,0.9942674624591122,0.023789992378698607,0.10424130351130709,4.243013650476081,-0.025668862084047037,0.9995306697938736,0.016719738655776945,-0.030788079871380707,-0.10379461746364874,-0.019299647769551988,0.994411484739363,0.062260756875804124,0.0,0.0,0.0,1.0
1544581168730207000,0.9942674624591122,0.023789992378698607,0.10424130351130709,4.243013650476081,-0.025668862084047037,0.9995306697938736,0.016719738655776945,-0.030788079871380707,-0.10379461746364874,-0.019299647769551988,0.994411484739363,0.062260756875804124,0.0,0.0,0.0,1.0
1544581168766553000,0.9948039558744833,0.02492669958967509,0.09871043016847537,4.599317320658927,-0.026773304750679724,0.999489617247841,0.017426851881172926,-0.03543503086171131,-0.09822565616582406,-0.019979105618800896,0.9949635952181695,0.07049661342974825,0.0,0.0,0.0,1.0
1544581168831072000,0.9948039558744833,0.02492669958967509,0.09871043016847537,4.599317320658927,-0.026773304750679724,0.999489617247841,0.017426851881172926,-0.03543503086171131,-0.09822565616582406,-0.019979105618800896,0.9949635952181695,0.07049661342974825,0.0,0.0,0.0,1.0
1544581168867370000,0.9960054377620756,0.02468548123630002,0.08581255714936988,4.972038985450696,-0.02629007424959413,0.9994990739353,0.017619114575545693,-0.029964518588767194,-0.08533463508056129,-0.019804752424800995,0.9961554958123034,0.07139149587368938,0.0,0.0,0.0,1.0
1544581168931940000,0.9952625297980117,0.02552786911556023,0.09381271064457396,4.959238152841816,-0.027270266919087308,0.9994777242614127,0.017338144288964286,-0.041425388561533966,-0.09332110866371793,-0.019814303006718173,0.9954388801298318,0.07833599516786399,0.0,0.0,0.0,1.0
1544581168968241000,0.9956268480898953,0.02682778970064517,0.08948435093555558,5.287753114010572,-0.028569196343924675,0.9994254501346389,0.018236519498851356,-0.04732167461445305,-0.08894369220378721,-0.02071326442035795,0.9958212592098089,0.08519682996811283,0.0,0.0,0.0,1.0
1544581169032812000,0.9956268480898953,0.02682778970064517,0.08948435093555558,5.287753114010572,-0.028569196343924675,0.9994254501346389,0.018236519498851356,-0.04732167461445305,-0.08894369220378721,-0.02071326442035795,0.9958212592098089,0.08519682996811283,0.0,0.0,0.0,1.0
1544581169069104000,0.9957762857338027,0.027247539777544873,0.08767645263275746,5.620299566026899,-0.028942609520970327,0.9994168218577105,0.01812019707246388,-0.05386213563493256,-0.08713159085148045,-0.020581247870316382,0.9959841856735402,0.09201629886362986,0.0,0.0,0.0,1.0
1544581169133662000,0.9957762857338027,0.027247539777544873,0.08767645263275746,5.620299566026899,-0.028942609520970327,0.9994168218577105,0.01812019707246388,-0.05386213563493256,-0.08713159085148045,-0.020581247870316382,0.9959841856735402,0.09201629886362986,0.0,0.0,0.0,1.0
1544581169169940000,0.9961054626621567,0.026635899923917673,0.08405019982043813,5.957125102752875,-0.028210554479627253,0.9994470004799518,0.017602779541298862,-0.06191436591232085,-0.08353485422603323,-0.019905327600183535,0.9963060303253027,0.09951095051347547,0.0,0.0,0.0,1.0
1544581169234549000,0.9961054626621567,0.026635899923917673,0.08405019982043813,5.957125102752875,-0.028210554479627253,0.9994470004799518,0.017602779541298862,-0.06191436591232085,-0.08353485422603323,-0.019905327600183535,0.9963060303253027,0.09951095051347547,0.0,0.0,0.0,1.0
1544581169270792000,0.9974113240998386,0.023118531488380653,0.06808952973278927,6.335145460405002,-0.0244014955468507,0.999538893837647,0.018071157154155446,-0.035417802549596235,-0.06764035461533932,-0.019685863141704216,0.9975155383350522,0.08030740260746011,0.0,0.0,0.0,1.0
1544581169335379000,0.9962357894726313,0.026284897590651588,0.08260360726079653,6.29808397728804,-0.027825669263516484,0.9994585976846863,0.017556868860782365,-0.06959270891536307,-0.08209740497655496,-0.01978928176580137,0.9964278199765926,0.10754661267540568,0.0,0.0,0.0,1.0
1544581169371663000,0.9982504624406301,0.01844920339395005,0.056175093513048835,6.6907599804909745,-0.019638044534576213,0.9995931533450786,0.02068513941213366,-0.09289874243779672,-0.0557706145199175,-0.021752118971954514,0.9982066338570871,0.09416635539787259,0.0,0.0,0.0,1.0
1544581169436256000,0.9965845452362139,0.02754723569783167,0.07784853243151243,6.642555442898818,-0.02912279369247037,0.9993918823939135,0.01917624292438793,-0.07683854914068633,-0.07727293888469654,-0.021377914083404895,0.996780757090326,0.11565528830707454,0.0,0.0,0.0,1.0
1544581169472518000,0.9986376431220518,0.015195627536223503,0.049919441537476815,6.980940873543571,-0.016217633957549035,0.9996657845175742,0.020132253070031334,-0.1054698604007241,-0.049596835468124836,-0.020914400986812832,0.9985503200855248,0.12042879533902158,0.0,0.0,0.0,1.0
1544581169537116000,0.9970402213107361,0.02761599844642067,0.07175063566582467,6.990845944193038,-0.029132081432721193,0.9993720522425981,0.02016985443216283,-0.08481003053935297,-0.07114856934640394,-0.02220040148791529,0.9972186436553088,0.12367496501211792,0.0,0.0,0.0,1.0
1544581169573405000,0.9988366222790168,0.015889454331300897,0.04552941066279019,7.264499301752951,-0.016832099197181483,0.9996502798612837,0.02039603907302131,-0.10010077902815993,-0.04518940617958842,-0.021138666332232752,0.9987547618684123,0.12124206382241527,0.0,0.0,0.0,1.0
1544581169637953000,0.9973363794705957,0.030479591520585023,0.06626568256063489,7.3417033400808105,-0.03196403220896975,0.9992586632517706,0.021457505941395904,-0.09331542284621526,-0.06556254135886269,-0.023518469699778163,0.9975712680072282,0.13148442354554787,0.0,0.0,0.0,1.0
1544581169674252000,0.9988041932935593,0.018395971713071592,0.045296486441415894,7.578068391001451,-0.019375156079161487,0.9995859266260657,0.021273895224355018,-0.11403371634621176,-0.04488637639767473,-0.022126082252413668,0.9987470398945085,0.14296513180303627,0.0,0.0,0.0,1.0
1544581169738813000,0.9976385760889293,0.03252841061217917,0.06049110680345997,7.696867554742717,-0.033875988819295204,0.9991971939833374,0.021386559268326246,-0.10227451186347485,-0.05974687339750276,-0.023385252593635285,0.9979395979117929,0.1393723011887152,0.0,0.0,0.0,1.0
1544581169775112000,0.998503213203059,0.025660648640639574,0.04829973431095986,7.900700769334226,-0.026622034753536628,0.9994579353932962,0.019367566830926025,-0.08287919163645102,-0.047776568407005275,-0.02062441491801754,0.9986450986314083,0.1784274966679361,0.0,0.0,0.0,1.0
1544581169839660000,0.9979297112138906,0.033011963940533885,0.05519512399979224,8.0566337335897,-0.034198932979344336,0.9992006457986329,0.020700299965663485,-0.11125743421405777,-0.054467645989504244,-0.02254505871323098,0.9982609858488787,0.14730506649098218,0.0,0.0,0.0,1.0
1544581169875999000,0.9980355378800412,0.033197757878514596,0.05313166664373574,8.184176572686123,-0.03434316565655379,0.9991937978391375,0.020791857360169967,-0.1142488058032167,-0.05239858873279091,-0.022575722173136935,0.9983710355710292,0.15026390388617253,0.0,0.0,0.0,1.0
1544581169940519000,0.9981293111965281,0.03371975030916969,0.050998593798599744,8.401975908516263,-0.03481635284227022,0.9991778958253269,0.020769065189163407,-0.11923847767225979,-0.050256339949403005,-0.022505797767607152,0.9984827436474472,0.15560431200736607,0.0,0.0,0.0,1.0
1544581169976852000,0.9982269015677285,0.03297554089161116,0.049554683829118,8.532953137858184,-0.03403309354438833,0.9992073308994263,0.02065086973082814,-0.12233751666722388,-0.04883442976320286,-0.022300752896402255,0.9985578976153318,0.15890488568481076,0.0,0.0,0.0,1.0
1544581170041362000,0.9983858314097346,0.031999171765938576,0.04692317813820799,8.754414709654105,-0.032982920878071816,0.9992488683968522,0.02034271215843578,-0.12779539470940687,-0.046236982715646364,-0.021857539063309058,0.9986913384101457,0.1645534702435977,0.0,0.0,0.0,1.0
1544581170077713000,0.9984494774927126,0.031656670404316356,0.04578751045258629,8.85212600408245,-0.032630941855703074,0.9992533072509723,0.020689359139443586,-0.13016619797238999,-0.045098365027382695,-0.02215136941373223,0.9987369294789054,0.16700666186973234,0.0,0.0,0.0,1.0
1544581170142253000,0.9985081532228146,0.03164950615194771,0.04449468179352273,9.07694346084521,-0.03259824954162805,0.9992528867940746,0.020761078019470545,-0.136026098732589,-0.043804361362663906,-0.022180554412516925,0.9987938730947253,0.17265600108818213,0.0,0.0,0.0,1.0
1544581170178565000,0.9985416304475737,0.03163221015273074,0.04374946335626126,9.177677116823485,-0.03256184012683017,0.9992553005984972,0.02070195143837608,-0.13876967048839728,-0.04306203467861482,-0.022096323374163677,0.998828020062853,0.17517045069031142,0.0,0.0,0.0,1.0
1544581170243112000,0.998502093954752,0.031932257758290054,0.04442858632048482,9.405419311493855,-0.03289138416229151,0.9992377207067265,0.02102699133764628,-0.1453335018552078,-0.04372328002182909,-0.022456812580662903,0.9987912526413352,0.18080758456014073,0.0,0.0,0.0,1.0
1544581170279399000,0.9984900977946436,0.03206965854029047,0.04459889692757743,9.509169716461594,-0.03302632052737633,0.9992363235529592,0.020881375548159557,-0.1486007524069498,-0.04389517921675002,-0.022322784178266056,0.9987867172465087,0.18337216196813497,0.0,0.0,0.0,1.0
1544581170343974000,0.9984165856903642,0.03290244572133952,0.04562620391783094,9.740128124058225,-0.03385950868270831,0.9992191110203964,0.020364229505976588,-0.15602980305214384,-0.044920541962033995,-0.02187686534128697,0.9987509938281296,0.18915012324893843,0.0,0.0,0.0,1.0
1544581170380272000,0.9986076153396822,0.028757143371434615,0.04422507536130157,9.858549283871607,-0.029629677329594192,0.9993764889555063,0.019201967198881346,-0.15523051375842306,-0.04364530681461977,-0.020485605387137975,0.9988370373414156,0.19483879864824533,0.0,0.0,0.0,1.0
1544581170444842000,0.9983209017013457,0.032025525978596744,0.04826741045481632,10.085081515610263,-0.03300489335510087,0.9992623643205131,0.019631715849507153,-0.16689387175100284,-0.04760309066476644,-0.02119181300341273,0.9986415036542332,0.19812575362987314,0.0,0.0,0.0,1.0
1544581170481096000,0.9985697685674185,0.026348199424511463,0.046520852209568024,10.18630427485343,-0.027169558290450372,0.9994843564017806,0.017112463598776977,-0.16847325335188676,-0.046045981426398465,-0.018351939821278297,0.9987707313989898,0.20867532873706807,0.0,0.0,0.0,1.0
1544581170545700000,0.998275068050603,0.03272163199867731,0.04874611069522126,10.43341156620436,-0.03370374001273243,0.9992423305578754,0.019463368938021714,-0.17814380083562278,-0.04807230406088148,-0.021072722192601298,0.9986215469143797,0.20736450327340894,0.0,0.0,0.0,1.0
1544581170581973000,0.9984833457424679,0.028602440113156585,0.04704156347854973,10.562666301445763,-0.02951217808266536,0.9993883707714466,0.018759416611524308,-0.17483892070815943,-0.04647622639318203,-0.020119264061117515,0.9987167644502045,0.2115934006110215,0.0,0.0,0.0,1.0
1544581170646534000,0.9981266508224443,0.03361436458415893,0.051120088141339316,10.786328746386177,-0.0346536241972837,0.9992075426235278,0.019580937011256253,-0.18920878838382987,-0.05042137689481092,-0.021315751402392513,0.9985005375532767,0.21727449473334676,0.0,0.0,0.0,1.0
1544581170682850000,0.9982828571553655,0.03120069569775445,0.04957674553359704,10.915513237253862,-0.03219672173676673,0.9992928584860348,0.01942045540688185,-0.18138835248098636,-0.04893575603924239,-0.020983316391400008,0.9985814900217604,0.21947971116538334,0.0,0.0,0.0,1.0
1544581170747391000,0.9979779040315304,0.03361949070524855,0.0539428670868966,11.143168765218366,-0.03471940878485212,0.9992051931323787,0.01958429653857085,-0.20023545088210876,-0.05324157885023029,-0.02141755966491188,0.9983519531806081,0.22734064314508953,0.0,0.0,0.0,1.0
1544581170783680000,0.9979526901729889,0.03321977910210756,0.05465230510148899,11.263951713578647,-0.034344931165566445,0.9992143106954954,0.019778447981409823,-0.20388230018628806,-0.053952329696980654,-0.021614985027244616,0.9983095404445155,0.23071809730103893,0.0,0.0,0.0,1.0
1544581170848248000,0.9978256041357935,0.033372076805616026,0.056836328353631754,11.476625031056201,-0.0345425496823542,0.9992083163539992,0.019737091742272228,-0.21062156076370114,-0.05613266422043375,-0.02165744718753435,0.9981883985445,0.23662282821537597,0.0,0.0,0.0,1.0
1544581170884535000,0.997991966450069,0.03257108318715622,0.05432457492832379,11.572141095291778,-0.033732468587035935,0.9992185691716207,0.02060028120289074,-0.20665053792279067,-0.053611150557999476,-0.022391417164371014,0.9983108078014649,0.2607830824804164,0.0,0.0,0.0,1.0
1544581170949107000,0.9977642623206171,0.03450356841135483,0.05723618263545979,11.842547509018896,-0.035692376143918375,0.9991650848833648,0.019879321799690684,-0.2227844907700281,-0.056502487741672776,-0.021877772210569517,0.9981627281972135,0.24702231717896914,0.0,0.0,0.0,1.0
1544581170985379000,0.9977655941049035,0.0350973016263852,0.05685066964460331,11.970821083675862,-0.0362793257967652,0.9991436424527123,0.019894528545699612,-0.22700703744769996,-0.056103740875502996,-0.0219125800596377,0.9981844564482543,0.2507715176708561,0.0,0.0,0.0,1.0
1544581171049965000,0.9977023574725822,0.03689389837411461,0.05682293688657282,12.191786161451788,-0.03808474136162404,0.9990739799902496,0.0200183661135613,-0.23409818238516894,-0.0560317621449944,-0.022136457918982486,0.998183559703188,0.25721688734184445,0.0,0.0,0.0,1.0
1544581171086278000,0.9976763162231015,0.037237557294257234,0.05705552010333401,12.324133018018637,-0.038409544563552646,0.9990701596555236,0.019583742550995143,-0.23853276226613956,-0.05627321684358964,-0.021729712668144077,0.9981789141498784,0.261155265659667,0.0,0.0,0.0,1.0
1544581171150837000,0.9976058497687186,0.035687831465601345,0.059236367144845536,12.549366403433662,-0.036864284527915195,0.9991417765397064,0.018887427016923523,-0.2463171832862655,-0.05851147779266142,-0.02102591397199036,0.9980652873976532,0.2678073391923432,0.0,0.0,0.0,1.0
1544581171187127000,0.9976032274240323,0.03550977177356303,0.05938734496297578,12.685578823324876,-0.036687615107475195,0.9991487677510413,0.018861569375256314,-0.25112546050235085,-0.058667022515958046,-0.020995142537294374,0.9980568042245624,0.2718942951265895,0.0,0.0,0.0,1.0
1544581171251693000,0.9975375456110795,0.035906801862153066,0.06024571915298556,12.915238857919258,-0.037121189053601004,0.9991270703779375,0.01916023385144652,-0.25903230266905186,-0.05950514615959886,-0.02134944537985448,0.9979996687186304,0.27885122201897417,0.0,0.0,0.0,1.0
1544581171288002000,0.9979477959373982,0.030315296938221842,0.05640194460512476,13.054844063175482,-0.031412889968145896,0.9993319904128501,0.018676275895805512,-0.274353731331552,-0.055798090715914565,-0.02040969644640808,0.9982334483293066,0.29097212831866537,0.0,0.0,0.0,1.0
1544581171352505000,0.9975942766173115,0.035082800766377466,0.05979010244825574,13.263515428798689,-0.036264443501174054,0.9991654952805804,0.018793700493953985,-0.2714336888367536,-0.05908087167549663,-0.020916742841392718,0.9980340377316633,0.2894969222641173,0.0,0.0,0.0,1.0
1544581171388851000,0.9979816454680471,0.030396929602834202,0.055755376239569165,13.398214158773714,-0.03157561463666212,0.9992935193479348,0.020382412750477596,-0.312234521341375,-0.055096423379496516,-0.0221017840893932,0.9982363924796817,0.3237023956142128,0.0,0.0,0.0,1.0
1544581171453394000,0.9977422978323266,0.034825098812219124,0.05742403337447363,13.615992853854253,-0.03598176391966612,0.9991673591034145,0.019232814862467064,-0.28440758613483974,-0.05670643509781748,-0.021255610906857042,0.9981646052748381,0.29985813066034156,0.0,0.0,0.0,1.0
1544581171489707000,0.9978392862613146,0.034922754100720294,0.055652134186716794,13.725234622719574,-0.036043797547147344,0.9991644321294878,0.01926868510650244,-0.28845297720996277,-0.054932717499647656,-0.02123296525155908,0.9982642724923718,0.3031151420598936,0.0,0.0,0.0,1.0
1544581171554216000,0.9979389406323593,0.03543931116172648,0.05349697182038357,13.966786838744781,-0.03652163871955926,0.9991447118191745,0.019391099737088326,-0.29735337645778914,-0.05276400927532571,-0.021304930606740914,0.9983797169699689,0.31059982251364904,0.0,0.0,0.0,1.0
1544581171590553000,0.9979900211256083,0.03568453180535712,0.05236918868519774,14.079341094336828,-0.03674480402992535,0.9991358783555888,0.01942462250356717,-0.3013842093053602,-0.05163077677622038,-0.021309874998135695,0.9984388574755314,0.3141676137561507,0.0,0.0,0.0,1.0
1544581171655085000,0.9980657354185072,0.03642610390483255,0.0503778397495767,14.322709459414105,-0.037444017620070935,0.9991101774083783,0.01941130967916024,-0.31019060148532446,-0.0496259340263494,-0.021260111789611753,0.9985415736556519,0.32204051827004876,0.0,0.0,0.0,1.0
1544581171691410000,0.9981108675770153,0.03648982520735326,0.049428622082767944,14.43720435774093,-0.03749386751310739,0.9991057971942319,0.019540110331964386,-0.3142224683515749,-0.048671407659671914,-0.021356466683714246,0.9985864987106573,0.3257852394011989,0.0,0.0,0.0,1.0
1544581171755955000,0.9982673897521631,0.03700247314995492,0.04574970533447932,14.64338819152235,-0.037963733244743836,0.999072419450671,0.020323770592526283,-0.3209991303443132,-0.04495523902201862,-0.022025387028666885,0.9987461683584633,0.33265082076802094,0.0,0.0,0.0,1.0
1544581171792249000,0.9983589323099656,0.037071523206214096,0.043647960365677564,14.759474428146993,-0.03799180050647176,0.9990688476893625,0.02044653200231003,-0.3248167170823719,-0.04284933338091962,-0.02207124246199492,0.9988377219974174,0.3365073422805719,0.0,0.0,0.0,1.0
1544581171856815000,0.9984696035952109,0.03746878650380731,0.04067604619868819,14.96557786718712,-0.03833032650096319,0.9990525345933576,0.020611142445614277,-0.3316479402671061,-0.039865232556142535,-0.022138725358881006,0.9989597790065077,0.34328497042449974,0.0,0.0,0.0,1.0
1544581171893092000,0.9985400349007097,0.03822838063296461,0.03816267305466175,15.082766095986596,-0.039052454931787176,0.9990146413524023,0.021086776124619937,-0.33550949631310906,-0.037318955830739235,-0.02254633623696505,0.9990490269541273,0.34706350565104926,0.0,0.0,0.0,1.0
1544581171957688000,0.9985965521787201,0.03984656361839117,0.03488806879981512,15.288522588564984,-0.040614864078529704,0.9989414396989863,0.021597056929045823,-0.3424418890792543,-0.03399056917231223,-0.02298372075881964,0.9991578402772103,0.3535885540536319,0.0,0.0,0.0,1.0
1544581171993972000,0.9986767991666999,0.040212450669921865,0.03205635065443632,15.406963731999037,-0.04091264055461595,0.9989315099639401,0.021494051363284545,-0.3465789807318889,-0.031157770283028293,-0.022777120368427283,0.9992549204976221,0.3572413455441129,0.0,0.0,0.0,1.0
1544581172058554000,0.9987825868174744,0.040865847833661366,0.027628368591575646,15.612067616516898,-0.04145632579349866,0.9989164784437878,0.021148100273131624,-0.3539385377851535,-0.02673419761091172,-0.022267724946549026,0.9993945322563073,0.36364310660732463,0.0,0.0,0.0,1.0
1544581172094815000,0.9988663226616346,0.040362840897489455,0.02523708634359156,15.731022981320281,-0.04089278004398714,0.9989460332672214,0.02084713793194311,-0.3581427991333406,-0.02436903758263964,-0.02185551862489941,0.9994640995618256,0.3673990518954517,0.0,0.0,0.0,1.0
1544581172159420000,0.9990194758114188,0.038870268005136675,0.0211940844268125,15.934576325829344,-0.03930649389655959,0.999015460500872,0.020569618805046035,-0.3648775464749483,-0.02037367141783162,-0.021382514946423566,0.9995637556291872,0.37360773602494696,0.0,0.0,0.0,1.0
1544581172195697000,0.9990765901503804,0.03850610210753169,0.019059042840085284,16.054122608950944,-0.03890381298917735,0.999023194392627,0.020955915643369582,-0.36876603562453875,-0.018233495232649114,-0.02167803418286001,0.9995987207302562,0.3772397309344824,0.0,0.0,0.0,1.0
1544581172260258000,0.99912508108409,0.03849002176396042,0.016358195906692446,16.255862951205998,-0.03883730282646114,0.9990148539106932,0.021470574630369058,-0.3754492422756224,-0.015515677809160062,-0.022087097826612362,0.9996356455487774,0.38358555899568814,0.0,0.0,0.0,1.0
1544581172296542000,0.9991411567955635,0.03849063699463025,0.015343391443135774,16.37527791405391,-0.03881917888468844,0.9990101019024435,0.021722975108930592,-0.3793128297010567,-0.014492071899776509,-0.022299936336506933,0.9996462837881395,0.3874770489730843,0.0,0.0,0.0,1.0
1544581172361111000,0.9991239303786688,0.03970985070273758,0.013209825958371281,16.57475095626035,-0.040000129312242484,0.9989465774176937,0.02248833298571269,-0.3859029816163911,-0.012302902083983097,-0.02299702638687665,0.9996598298309649,0.3942125672694985,0.0,0.0,0.0,1.0
1544581172397414000,0.9991082468408647,0.040300490510101976,0.012592917026041706,16.661040509923403,-0.040579298314551315,0.9989177494334303,0.02272994533970024,-0.3889750882405473,-0.011663260387999372,-0.023220687575786624,0.999662327001286,0.3971547340405362,0.0,0.0,0.0,1.0
1544581172461996000,0.9990412140414668,0.041831143461007136,0.012915420368671573,16.858018898332716,-0.04211724352097767,0.9988539222202252,0.022737191195561713,-0.39594577756291827,-0.011949495585569512,-0.023259353000750122,0.9996580475608835,0.4037893419049204,0.0,0.0,0.0,1.0
1544581172498296000,0.9990091358097161,0.04249695031669561,0.013219522779311864,16.944596513718018,-0.04278648526744315,0.9988319775670403,0.02244988347343523,-0.39893012441389586,-0.012250030497567994,-0.022993255604464906,0.999660565866991,0.40675696763052716,0.0,0.0,0.0,1.0
1544581172562842000,0.9989759723902079,0.04312092194035375,0.0136964476435925,17.13782265612164,-0.04341109343755291,0.9988227586002145,0.021646567136802138,-0.40576695887796876,-0.012746903686614621,-0.022218978222815478,0.9996718628895878,0.4137182671321357,0.0,0.0,0.0,1.0
1544581172599151000,0.9989852749766246,0.04300274034713308,0.013385989037938176,17.223852051816344,-0.04328184473419384,0.9988356016370279,0.021310157643624414,-0.40890182466363667,-0.01245400723831195,-0.02186790399256491,0.9996832960886548,0.4168549935339015,0.0,0.0,0.0,1.0
1544581172663717000,0.9990022122609445,0.04273546041026729,0.012971519620421477,17.411945879989588,-0.042998432905255395,0.9988602472306607,0.02072055187465436,-0.415666611806769,-0.012071232970694196,-0.021257632178125346,0.9997011545500712,0.4235915921679508,0.0,0.0,0.0,1.0
1544581172699976000,0.9990003432030673,0.042856999625210654,0.012711878825936603,17.496799959205692,-0.043108806751931225,0.9988652527123627,0.020244448727675612,-0.41869515134929036,-0.011829837724385067,-0.020772205154666077,0.9997142443880769,0.4265786035788976,0.0,0.0,0.0,1.0
1544581172764562000,0.9989970119836237,0.04242128726608239,0.014331937569041418,17.680302873266545,-0.04269927425606563,0.998894093655893,0.019681504957033514,-0.42529381806167404,-0.01348117301275016,-0.020273727976298738,0.9997035730295973,0.4331995635426176,0.0,0.0,0.0,1.0
1544581172800821000,0.9990051463603407,0.042009277794492796,0.014964562297198265,17.7645393058554,-0.042296227296654665,0.9989166585209501,0.019404599604339823,-0.42837698050625955,-0.014133177350877855,-0.020018239396114464,0.9996997166096662,0.43630257588744964,0.0,0.0,0.0,1.0
1544581172865365000,0.9989640547669185,0.0419644551840754,0.01760118702655537,17.94256292653145,-0.04229767319841562,0.9989242442738266,0.019006868336489423,-0.4345864061227866,-0.016784639574328727,-0.01973166751859392,0.9996644122760873,0.442814366554799,0.0,0.0,0.0,1.0
1544581172901677000,0.9989425792491072,0.04179469967657779,0.019155324118680324,18.02528854410341,-0.042156763577472334,0.998932148179761,0.018904248666294816,-0.4372171149126299,-0.018344771675335332,-0.019691785391596044,0.9996377858705959,0.4458555009034186,0.0,0.0,0.0,1.0
1544581172966235000,0.998879942852717,0.04228069388516737,0.021241532222104426,18.171447994428792,-0.04269035130383259,0.9989035162344356,0.019217157959268365,-0.4415820783514663,-0.020405726453849256,-0.020102442116939026,0.99958966488696,0.451076928111144,0.0,0.0,0.0,1.0
1544581173002535000,0.9987376505820869,0.04238889628512349,0.026949708375293705,18.41744539779047,-0.042933480639557355,0.9988785215341189,0.0199603471408468,-0.44837775218518416,-0.026073387772922122,-0.02109219499102448,0.9994374906718764,0.4602335712766531,0.0,0.0,0.0,1.0
1544581173067112000,0.9987376505820869,0.04238889628512349,0.026949708375293705,18.41744539779047,-0.042933480639557355,0.9988785215341189,0.0199603471408468,-0.44837775218518416,-0.026073387772922122,-0.02109219499102448,0.9994374906718764,0.4602335712766531,0.0,0.0,0.0,1.0
1544581173103401000,0.9986220963029917,0.04312317085851568,0.029904864328920984,18.6555492674905,-0.04374144856470564,0.9988358459920702,0.020338103125963312,-0.4553219721892745,-0.02899300696521837,-0.02161816126335386,0.9993458163472265,0.4694882803928232,0.0,0.0,0.0,1.0
1544581173167979000,0.9986220963029917,0.04312317085851568,0.029904864328920984,18.6555492674905,-0.04374144856470564,0.9988358459920702,0.020338103125963312,-0.4553219721892745,-0.02899300696521837,-0.02161816126335386,0.9993458163472265,0.4694882803928232,0.0,0.0,0.0,1.0
1544581173204260000,0.9985976491582497,0.04303029862331977,0.030840371204176324,18.887120257357093,-0.04366024287323011,0.9988451846158102,0.020051941603038866,-0.4634367857499798,-0.02994191523390109,-0.02137031984292798,0.9993231665191863,0.47798370486134717,0.0,0.0,0.0,1.0
1544581173268846000,0.9985976491582497,0.04303029862331977,0.030840371204176324,18.887120257357093,-0.04366024287323011,0.9988451846158102,0.020051941603038866,-0.4634367857499798,-0.02994191523390109,-0.02137031984292798,0.9993231665191863,0.47798370486134717,0.0,0.0,0.0,1.0
1544581173305094000,0.9986241166471145,0.04442062377164211,0.027869012083541235,19.114728828208815,-0.04500813861832141,0.9987696333666696,0.02082034876553432,-0.45588985067698706,-0.026909870101663153,-0.022046034753278217,0.999394732446977,0.5167598874326605,0.0,0.0,0.0,1.0
1544581173369680000,0.9985447575856067,0.0429304277506376,0.03263963038168503,19.11305556395863,-0.043574752411506656,0.9988638826376168,0.019292094608351826,-0.4714602026191073,-0.03177433005716588,-0.020686283746700257,0.9992809763095493,0.48706562144779136,0.0,0.0,0.0,1.0
1544581173405966000,0.9985589977707217,0.04296607994149926,0.03215344375955798,19.33266454939491,-0.04360350268903545,0.9988606798230537,0.019392701118459907,-0.47879171732469866,-0.0312835823457886,-0.020766758964348077,0.9992947909389542,0.49592373424413244,0.0,0.0,0.0,1.0
1544581173470550000,0.9985589977707217,0.04296607994149926,0.03215344375955798,19.33266454939491,-0.04360350268903545,0.9988606798230537,0.019392701118459907,-0.47879171732469866,-0.0312835823457886,-0.020766758964348077,0.9992947909389542,0.49592373424413244,0.0,0.0,0.0,1.0
1544581173506824000,0.9986197752018073,0.04266642979288631,0.030628750294872654,19.526483158805416,-0.043287542119502476,0.9988642413357657,0.019910200349936978,-0.48003123905907014,-0.029744466260959213,-0.021208563116133956,0.9993325090165913,0.4920728293266163,0.0,0.0,0.0,1.0
1544581173571405000,0.998529153912176,0.04286462274407583,0.033198688294139495,19.545936927236202,-0.043537233416996036,0.9988553988608436,0.019809126001290547,-0.48585377405400293,-0.03231157832476587,-0.021225368867208296,0.999252443390863,0.5045215895971766,0.0,0.0,0.0,1.0
1544581173607686000,0.9985726742333704,0.04309183013828849,0.031554848276509465,19.732604709875766,-0.04374864896509652,0.9988336754755004,0.020429010006060046,-0.49202641466413827,-0.030637721654024716,-0.02178033313408754,0.9992932237838971,0.5114908978145963,0.0,0.0,0.0,1.0
1544581173672266000,0.9985726742333704,0.04309183013828849,0.031554848276509465,19.732604709875766,-0.04374864896509652,0.9988336754755004,0.020429010006060046,-0.49202641466413827,-0.030637721654024716,-0.02178033313408754,0.9992932237838971,0.5114908978145963,0.0,0.0,0.0,1.0
1544581173708549000,0.9986106310438407,0.041123454186019995,0.03294949289502671,19.830994403792445,-0.041818550764683944,0.9989109380599351,0.020691704525156094,-0.505888002008718,-0.03206269449330098,-0.02204085615454,0.9992428054691221,0.5557201073868203,0.0,0.0,0.0,1.0
1544581173773121000,0.9985843805093991,0.04354536866640195,0.030545635864626376,19.91646279771044,-0.04418202315341383,0.9988134176929349,0.020486714393146078,-0.498539048641055,-0.029617289422540084,-0.021807280991959364,0.9993234004380137,0.5178998046636347,0.0,0.0,0.0,1.0
1544581173809409000,0.9985916725184253,0.04347373864962304,0.03040897276602162,19.97249350866325,-0.044109468647757624,0.9988151798713143,0.020557023963658605,-0.5006423921829383,-0.0294792529157872,-0.02186939657270448,0.9993261245164504,0.5199787170043643,0.0,0.0,0.0,1.0
1544581173873992000,0.9985681704351382,0.04410096399170457,0.030277284700380488,20.095444275136277,-0.04472765112685542,0.9987920807601753,0.020342483511838615,-0.5056010942382424,-0.029343589052805354,-0.021667588369670705,0.9993345132615694,0.5247706036084971,0.0,0.0,0.0,1.0
1544581173910245000,0.9985460884275794,0.04437680715358795,0.030600788761718047,20.15176991121754,-0.045000005401252804,0.9987870359677542,0.01998640279367791,-0.5079705266303565,-0.02967673836312433,-0.021334379990924975,0.9993318444993763,0.5270220801292407,0.0,0.0,0.0,1.0
1544581173974852000,0.9985293331496311,0.044790549989826144,0.03054467991924459,20.274057259656377,-0.04540360706260068,0.9987748285470394,0.01968131922742093,-0.5131776739098263,-0.02962572033664771,-0.021039213208567817,0.9993396160475656,0.5317308405911718,0.0,0.0,0.0,1.0
1544581174011135000,0.9984501561874818,0.04611909326808497,0.031149877131836638,20.453988510011172,-0.04671018817135938,0.9987367469522241,0.018522111334338492,-0.5212639430256072,-0.030256303974463335,-0.019948421577034973,0.9993430925094676,0.5373959666429485,0.0,0.0,0.0,1.0
1544581174075675000,0.9984501561874818,0.04611909326808497,0.031149877131836638,20.453988510011172,-0.04671018817135938,0.9987367469522241,0.018522111334338492,-0.5212639430256072,-0.030256303974463335,-0.019948421577034973,0.9993430925094676,0.5373959666429485,0.0,0.0,0.0,1.0
1544581174111995000,0.998503469107332,0.04691919320272225,0.028096467568620585,20.625283763384218,-0.04746244657009318,0.9986924795509338,0.018990720207087915,-0.5750872172840866,-0.027168701592274462,-0.020295827098407947,0.9994248051035045,0.5133481873928772,0.0,0.0,0.0,1.0
1544581174176541000,0.9983110231978433,0.04760228391846772,0.033303506233245184,20.63511693473898,-0.04816551739446083,0.9987060503777352,0.016318942153977622,-0.5293581991055879,-0.03248359425627344,-0.017895460448017663,0.9993120476605616,0.5417483534189219,0.0,0.0,0.0,1.0
1544581174212880000,0.9982411375889666,0.04783072997925954,0.03502645421310311,20.81926048045242,-0.048338371827969594,0.9987357903813452,0.013792128928011373,-0.5365637023468557,-0.03432248583818625,-0.015460992238440061,0.9992912111516279,0.5467863228683899,0.0,0.0,0.0,1.0
1544581174277398000,0.9982411375889666,0.04783072997925954,0.03502645421310311,20.81926048045242,-0.048338371827969594,0.9987357903813452,0.013792128928011373,-0.5365637023468557,-0.03432248583818625,-0.015460992238440061,0.9992912111516279,0.5467863228683899,0.0,0.0,0.0,1.0
1544581174313709000,0.9982553814162658,0.047650494867539854,0.03486579717071882,21.006326951603747,-0.04808822951480307,0.9987730884007943,0.011825399294176087,-0.5447573772989746,-0.03425953379138232,-0.013481402939369445,0.9993220382435185,0.5526926102408435,0.0,0.0,0.0,1.0
1544581174378265000,0.9982553814162658,0.047650494867539854,0.03486579717071882,21.006326951603747,-0.04808822951480307,0.9987730884007943,0.011825399294176087,-0.5447573772989746,-0.03425953379138232,-0.013481402939369445,0.9993220382435185,0.5526926102408435,0.0,0.0,0.0,1.0
1544581174414565000,0.9982742603101928,0.047471519472901666,0.0345681362106081,21.071096828730884,-0.047878944642137475,0.9987919687767957,0.011054852641421049,-0.5479416612298582,-0.034001586170302,-0.012690860723462342,0.9993412000873364,0.5546723914584074,0.0,0.0,0.0,1.0
1544581174479101000,0.9983042925619069,0.04713710920865908,0.03415600076016199,21.18336463369738,-0.04750364597230957,0.9988210071533781,0.009999964422190168,-0.5535368599740336,-0.033644361664546624,-0.01160554197607941,0.9993664834902278,0.557982693822251,0.0,0.0,0.0,1.0
1544581174515400000,0.9983685236520049,0.04621459556756338,0.033533597144464654,21.375809132078267,-0.046554661859419685,0.9988712159075926,0.00943172786070896,-0.5631900682576313,-0.03305986146486236,-0.010977485495774023,0.9993930860137616,0.5629258631684363,0.0,0.0,0.0,1.0
1544581174579980000,0.9983685236520049,0.04621459556756338,0.033533597144464654,21.375809132078267,-0.046554661859419685,0.9988712159075926,0.00943172786070896,-0.5631900682576313,-0.03305986146486236,-0.010977485495774023,0.9993930860137616,0.5629258631684363,0.0,0.0,0.0,1.0
1544581174616256000,0.9985238133914515,0.04577812233293398,0.029232817275617592,21.563971450271836,-0.046062346942551576,0.9988968961839777,0.009124197945872587,-0.5593399527014352,-0.028782881793573283,-0.010457261098508825,0.9995309857157866,0.5647926780885526,0.0,0.0,0.0,1.0
1544581174680813000,0.9984368116967749,0.04515813004908198,0.03293442483561711,21.571402216932338,-0.045480593772547546,0.9989236990957697,0.009108181756894108,-0.573596090650042,-0.03248766902809933,-0.010591821150789273,0.9994160118218175,0.5665984270354878,0.0,0.0,0.0,1.0
1544581174717119000,0.998537116334832,0.044522419810043505,0.030681939899232437,21.772535501343008,-0.04485490012294247,0.9989410878836464,0.010234298842372676,-0.5853467074376538,-0.03019379467179993,-0.011595562603529896,0.9994768019775253,0.5689989991508327,0.0,0.0,0.0,1.0
1544581174781668000,0.998537116334832,0.044522419810043505,0.030681939899232437,21.772535501343008,-0.04485490012294247,0.9989410878836464,0.010234298842372676,-0.5853467074376538,-0.03019379467179993,-0.011595562603529896,0.9994768019775253,0.5689989991508327,0.0,0.0,0.0,1.0
