1544681590129223000,0.9999986164737154,-0.00021280558019421864,0.0016497770898260937,0.0040480913522407975,0.00021364542832053794,0.9999998476840667,-0.0005089081192313869,-0.0006442596559200286,-0.0016496685400511884,0.0005092598824766183,0.9999985096229278,0.001182116878242512,0.0,0.0,0.0,1.0
1544681590135154000,0.9999926396922136,0.0007111826666524007,0.0037702494102039193,0.004047747161817793,-0.000719227043917767,0.9999974671065379,0.0021327196182618054,-0.0006440895197361216,-0.003768723107338513,-0.0021354155861271437,0.9999906183191968,0.0011822442696496447,0.0,0.0,0.0,1.0
1544681590139421659,0.999986902685388,0.0005407307207540183,0.005089407428271652,-3.6983655941725706e-06,-0.0005530336996687148,0.999996927884971,0.0024162728212719937,6.857424348991257e-07,-0.005088085240082453,-0.002419055788405826,0.9999841296529084,-1.274835699196587e-05,0.0,0.0,0.0,1.0
1544681590230105000,0.9999906722429734,0.0004817247738448819,0.0042922451332309,0.001771195180559368,-0.0004905205093304545,0.9999977817240845,0.002048398531537662,-0.00018948543134300402,-0.004291248847527549,-0.00205048485884279,0.9999886902836316,0.0018572631246327354,0.0,0.0,0.0,1.0
1544681590240300000,0.9999910194013083,0.00046052365179122777,0.004212960324344993,0.0018908955060330918,-0.0004690075898515731,0.9999978639192797,0.0020130049072815824,-0.00020064658401700925,-0.004212024288750702,-0.0020149627396602106,0.999989099328863,0.0019510175113396882,0.0,0.0,0.0,1.0
1544681590330953000,0.9999943484859104,0.00033711747287459474,0.003345048288403981,0.003258352463896965,-0.00034260797863031793,0.999998594957227,0.0016409458677766797,-0.00021906434873009863,-0.0033444903969440114,-0.0016420826341805078,0.9999930589502164,0.0024254601808985296,0.0,0.0,0.0,1.0
1544681590336870000,0.999994433526689,0.00033446952697068725,0.0033197960432512427,0.003299126977605742,-0.0003398597737963543,0.9999986247979367,0.001623236758608037,-0.00021455991359175508,-0.0033192485546300558,-0.0016243559880362618,0.9999931720050163,0.0024168094213697336,0.0,0.0,0.0,1.0
1544681590431813000,0.999997098129539,0.0003251184480780677,0.002387054774555029,0.004054998581175906,-0.00032764538809631425,0.9999993863385048,0.0010582868786127282,-1.7550963189332268e-05,-0.002386709241123853,-0.001059065915089319,0.9999965909933825,0.0014004701266079598,0.0,0.0,0.0,1.0
1544681590437711000,0.9999971839998817,0.00032567293114953383,0.0023507295562137497,0.004072186050589055,-0.0003281192283153067,0.9999994050110835,0.0010403438146671987,-7.826150544317095e-06,-0.0023503893457361745,-0.0010411122046268652,0.9999966958721904,0.0013205140903349017,0.0,0.0,0.0,1.0
1544681590532699000,0.9999985459028866,0.0002332906057096781,0.001689309801038733,0.004092439990204992,-0.00023414255608729452,0.9999998455108535,0.0005041384072603021,0.00022625905424242983,-0.001689191929304324,-0.0005045332135089593,0.9999984460372215,-0.001186928359956224,0.0,0.0,0.0,1.0
1544681590538576000,0.9999985774403201,0.0002552493059779941,0.0016673227420310021,0.004075292276117391,-0.00025604536652007817,0.9999998533354608,0.0004772523748574944,0.00024010505756521538,-0.0016672006791564136,-0.00047767860620009825,0.9999984961313891,-0.0013614518644785585,0.0,0.0,0.0,1.0
1544681590633558000,0.9999990712116564,0.0003838262954673637,0.001307766491623007,0.003388219362942156,-0.0003838016082707901,0.9999999261652125,-1.9128282816506817e-05,0.0005671178829920286,-0.0013077737370023117,1.862634216762637e-05,0.9999991446900903,-0.005280887308153937,0.0,0.0,0.0,1.0
1544681590639434000,0.9999991254595658,0.00037563983771239016,0.0012680594684613522,0.0033190427599378673,-0.0003755858622474386,0.99999992855157,-4.280326944614159e-05,0.0005873325123031579,-0.0012680754564736785,4.232696680410178e-05,0.9999991950962094,-0.005575400634175244,0.0,0.0,0.0,1.0
1544681590734417000,0.9999997049960246,0.00036226163236491245,0.0006773288544555399,0.0017553020825971336,-0.00036191547850974954,0.9999998038918376,-0.0005111100419369915,0.0008734886359779372,-0.0006775138771839616,0.0005108647553610195,0.9999996399960114,-0.01105349454077738,0.0,0.0,0.0,1.0
1544681590740288000,0.9999989590705958,0.00016890988977356263,0.0014329435350329005,-0.011454841041386223,-0.00016905881727413626,0.9999999803212298,0.00010381068240454913,-0.006899497375804115,-0.0014329259721834302,-0.00010405282608420485,0.9999989679475536,-0.007526479288038778,0.0,0.0,0.0,1.0
1544681590835250000,0.9999995148726261,0.0004017545393575916,0.0008993596612928758,0.009494560852526718,-0.0004012074815037657,0.9999997344576096,-0.0006083726358249982,0.0007041195654978833,-0.0008996038389428531,0.000608011510862105,0.9999994105172944,-0.012062885527736471,0.0,0.0,0.0,1.0
1544681590841145000,0.9999990836649797,0.00020783550742296117,0.0013377120767799882,-0.00817146857930757,-0.00020788205374988602,0.9999999777919893,3.4656525673125405e-05,-0.009055538024015153,-0.001337704844215463,-3.4934580249984096e-05,0.9999991046622595,-0.005785405899836953,0.0,0.0,0.0,1.0
1544681590936132000,0.9999998318003591,-4.50442204153891e-05,0.0005782475854653617,0.009054788397786409,4.534198387381152e-05,0.9999998663912993,-0.0005149383373169092,0.011697603470174098,-0.0005782243132104994,0.0005149644695971525,0.999999700234073,-0.0024241984303781617,0.0,0.0,0.0,1.0
1544681590942028000,0.9999995187654974,0.00027189784165416504,0.000942624176531783,-0.0008387853592642182,-0.000272057078987618,0.9999999487447861,0.00016880571317416863,-0.002020287165086603,-0.000942578230308316,-0.0001690620795190791,0.9999995414820423,-0.009181564944195265,0.0,0.0,0.0,1.0
1544681591036973000,0.999998720485737,0.00045449168285422993,0.001533774494212393,-0.01794154222884066,-0.0004542568738064233,0.9999998850538564,-0.00015343718048240197,0.009392109576274378,-0.0015338440538333281,0.00015274025655047065,0.9999988119957098,-0.014063003972957646,0.0,0.0,0.0,1.0
1544681591042874000,0.999999363152816,0.00020930467311552466,0.0011090020355982735,0.00022901264806610944,-0.00020926119745912026,0.9999999773319068,-3.931839425382011e-05,0.0033059983407635867,-0.0011090102399829746,3.908629812005506e-05,0.999999384284084,-0.010505411685658172,0.0,0.0,0.0,1.0
1544681591137844000,0.9999997905264949,0.0001374215334251335,0.0006325047737712724,0.0004995586498694597,-0.00013675562459806195,0.9999994365230883,-0.0010527352005764172,0.014883133172967227,-0.000632649085855002,0.001052648481470894,0.9999992458428685,-0.005794104925609054,0.0,0.0,0.0,1.0
1544681591138938697,0.9999993576086909,0.0001288277854819986,0.0011261374740180632,0.0002053972834004984,-0.0001287598113831669,0.999999989884401,-6.043268376431071e-05,0.0025854711653410813,-0.0011261452480353503,6.028764369412479e-05,0.9999993640809384,-0.01119468881108084,0.0,0.0,0.0,1.0
1544681591143744000,0.9999993573259564,0.00012886193504562334,0.0011263846037329439,0.00020460469930377412,-0.00012879389301428233,0.9999999898771665,-6.0479785640347884e-05,0.0025859408412851476,-0.0011263923858729603,6.0334675313420766e-05,0.999999363799758,-0.011194041571930843,0.0,0.0,0.0,1.0
1544681591238668000,0.9999990170372235,0.00018153803444625533,0.0013903123837687677,-0.000721964299482361,-0.0001811996285466977,0.9999999539311634,-0.000243524874514634,0.0031305233902560996,-0.00139035652874578,0.00024327271105122484,0.9999990038630601,-0.010519093293789814,0.0,0.0,0.0,1.0
1544681591244578000,0.9999990130371362,0.00018100425020468503,0.0013932559738801193,-0.0007305545028876593,-0.00018066216308037397,0.9999999535079792,-0.0002456526455381807,0.003135486209204482,-0.0013933003732777567,0.0002454006944501753,0.9999989992457815,-0.01051289424253746,0.0,0.0,0.0,1.0
1544681591339516000,0.9999985969395313,0.00025521492371643263,0.0016555918306321543,-0.0013991403831282985,-0.0002544446755447863,0.999999859314388,-0.0004654343260046898,0.003531767762136402,-0.0016557103835002425,0.00046501241644599303,0.9999985211921966,-0.010188286856030336,0.0,0.0,0.0,1.0
1544681591345466000,0.9999985845763326,0.00025588141415096007,0.0016629401763127566,-0.0014100867121701062,-0.0002551069571920763,0.9999998589237303,-0.00046591089417178603,0.003537791568747283,-0.0016630591596498293,0.00046548600710210426,0.9999985087773904,-0.010183956948100927,0.0,0.0,0.0,1.0
1544681591440400000,0.9999977034818809,0.00014561809887955935,0.0021381829510888377,-0.001747396685623567,-0.00014429453144433735,0.9999997979122794,-0.0006191562709398193,0.003717421072005493,-0.0021382726793474213,0.0006188463209291493,0.9999975224065206,-0.010168966048640428,0.0,0.0,0.0,1.0
1544681591446320000,0.999997644769443,0.00014321635957521638,0.002165628000831736,-0.0017511950501819498,-0.00014185526133209358,0.9999997923437522,-0.0006286410245250911,0.0037181033297015694,-0.0021657175828045648,0.0006283323382045478,0.9999974574296795,-0.010169946644559353,0.0,0.0,0.0,1.0
1544681591541261000,0.9999966675515954,0.0002633400263691203,0.002568177901302036,-0.0016816472353612614,-0.00026089204820315255,0.9999995114008015,-0.0009534849226277908,0.0035764443036024707,-0.002568427737237074,0.0009528117279956599,0.9999962476573448,-0.010427827163857203,0.0,0.0,0.0,1.0
1544681591547216000,0.9999966190845074,0.0002611917582851235,0.002587198952484311,-0.0016712283397341255,-0.00025870580410748543,0.9999995046259755,-0.0009611550940383018,0.003562800554873405,-0.002587448716642162,0.0009604825210687795,0.9999961912839775,-0.010443342765988888,0.0,0.0,0.0,1.0
1544681591642116000,0.9999954954598838,0.00023151111702030217,0.0029925678848341255,-0.0012283395718834895,-0.00022777243268586327,0.9999991933049603,-0.0012496035944814898,0.003077850160787138,-0.002992854767868473,0.0012489163411248507,0.9999947415003313,-0.01115760844941504,0.0,0.0,0.0,1.0
1544681591648038000,0.9999954537926896,0.00021961850931703775,0.003007351270398965,-0.0011960658303138848,-0.00021584148915494646,0.9999991876915381,-0.0012561961289480376,0.0030462538760624596,-0.0030076247114233447,0.0012555413068434005,0.9999946888907063,-0.011200706208965691,0.0,0.0,0.0,1.0
1544681591742967000,0.9999949556355778,0.0002440942822931276,0.0031668788067887835,-0.00020596403590863774,-0.00023921860231429566,0.9999987857824871,-0.001539872725983588,0.0022906043679678523,-0.0031672508356369684,0.0015391073819825262,0.999993799816087,-0.012254415486102748,0.0,0.0,0.0,1.0
1544681591748896000,0.9999948954434894,0.000247450276144714,0.0031855698584820676,-0.0001275671243367129,-0.00024250091921668255,0.9999987631802393,-0.0015539727446539698,0.0022363009350741675,-0.003185950449491128,0.001553192308693367,0.9999937186369642,-0.012317404657302373,0.0,0.0,0.0,1.0
1544681591843837000,0.9999942574540224,0.00028717621546485217,0.0033767719497092745,0.001475703890159954,-0.0002808294481595677,0.9999981936274576,-0.0018798608045194967,0.0010954789514852875,-0.00337730570131261,0.0018789017123291838,0.9999925317393923,-0.01362528799709285,0.0,0.0,0.0,1.0
1544681591849755000,0.9999957985639006,-1.0336224037644575e-05,0.002898749335126712,0.008321785063182697,1.2544608845579927e-05,0.9999997097338214,-0.0007618234098568582,-0.0029375937759600146,-0.0028987406193403888,0.0007618565727810388,0.9999955084286042,-0.008131422708610172,0.0,0.0,0.0,1.0
1544681591944693000,0.9999953839362223,0.00019469313365959133,0.003032194062086479,0.00022064564108134182,-0.00018779784233399066,0.9999973964930834,-0.002274145779031069,-0.0029541879549059005,-0.0030326289283164106,0.0022735658419267106,0.9999928170042778,-0.01462870733712897,0.0,0.0,0.0,1.0
1544681591950603000,0.9999949465062095,0.0001348016607693651,0.0031762856541593483,4.9739987024490215e-05,-0.000130472580257757,0.9999990624592706,-0.001363105823387485,-0.0027056401744619254,-0.003176466425190995,0.0013626845167557507,0.9999940265581357,-0.008015189111906294,0.0,0.0,0.0,1.0
1544681592045521000,0.9999962536323598,0.0001423255149042151,0.0027335809277332862,0.008480240445395271,-0.00013535621006332174,0.9999967407810465,-0.002549530542260995,-0.004493224336270871,-0.002733934881641736,0.0025491509836279925,0.9999930136902572,-0.013576835083365794,0.0,0.0,0.0,1.0
1544681592051462000,0.999995054005335,0.00030424402300245856,0.0031303994058733482,0.005254022435783932,-0.00029915427148219907,0.9999986329062496,-0.0016262510132201598,0.00913415472406643,-0.003130889903474563,0.0016253064974376338,0.999993777934241,-0.01119092392962545,0.0,0.0,0.0,1.0
1544681592138451488,0.9999917035772782,0.00036453177213741,0.004057079392294417,0.0017464805533417651,-0.00036072582318790814,0.9999994942722571,-0.0009387929003358008,-0.0009637975262017532,-0.004057419560356448,0.0009373216184095385,0.9999913293497557,-0.008100549605788437,0.0,0.0,0.0,1.0
1544681592146415000,0.9999915703963026,0.0003646152443986048,0.004089766749333582,0.0014711505730709644,-0.0003608669439967344,0.9999995142524912,-0.0009172076272702035,-0.0012104039296745083,-0.004090099190622777,0.0009157240339448973,0.9999912162304766,-0.008023364644658592,0.0,0.0,0.0,1.0
1544681592152302000,0.9999945782229275,0.00013238892878219378,0.003290288424950273,0.0037156082129396256,-0.00012733040718657657,0.9999988098293991,-0.0015375717061537925,0.0005617274232336828,-0.0032904880664168285,0.0015371444160178695,0.9999934049159153,-0.005469310748643765,0.0,0.0,0.0,1.0
1544681592247293000,0.9999922269332843,0.0004760517846399497,0.003914006605185622,-0.00613958233421855,-0.00047185316022298424,0.999999312399484,-0.0010735712157552552,0.0011244254900113027,-0.003914514989405864,0.001071716034428777,0.9999917639646545,-0.008365615526081241,0.0,0.0,0.0,1.0
1544681592253173000,0.99999394920924,0.00025034414742876885,0.0034697078716599016,0.006910551244060469,-0.00024339675057548702,0.9999979652178768,-0.002002577870329095,0.005607631849966462,-0.003470202145209968,0.0020017212375280243,0.9999919753723779,-0.0073491327988047025,0.0,0.0,0.0,1.0
1544681592348127000,0.9999948855503635,0.00022841193515655376,0.0031900942150826055,0.005114869737556792,-0.00022283397658480494,0.9999984460718128,-0.0017487707048821338,0.0005284497623767452,-0.0031904886980061446,0.0017480508995028068,0.9999933825280652,-0.010562941090535662,0.0,0.0,0.0,1.0
1544681592354030000,0.9999948903568182,0.00022789690836660343,0.003188624037465089,0.005107426530342928,-0.0002223253494084201,0.9999984482853678,-0.0017475692539932063,0.0005081990076618283,-0.003189017355260659,0.0017468514125846281,0.9999933893173724,-0.01057581557417164,0.0,0.0,0.0,1.0
1544681592448983000,0.9999956743359434,0.0002328307532278213,0.0029320810429270504,0.0038407779537154123,-0.00022854827478630438,0.9999989068996902,-0.0014608097438260506,-0.002664819158852315,-0.0029324179593013633,0.001460133302789953,0.9999946344534317,-0.012690364757458807,0.0,0.0,0.0,1.0
1544681592454900000,0.9999956849698226,0.00023403445677010808,0.0029283561274173094,0.003822805550986138,-0.0002297646041506361,0.9999989102007767,-0.001458357120607073,-0.002702733720475667,-0.0029286942419135815,0.0014576779951656713,0.9999946489481317,-0.01271764633545485,0.0,0.0,0.0,1.0
1544681592549844000,0.9999963616911851,0.0003652514188693992,0.002672675773817373,0.0027658178659494864,-0.000361817695607855,0.9999991087744444,-0.00128512189106253,-0.004449981206090203,-0.002673142784454576,0.0012841501940026323,0.9999956026232989,-0.014170158730800495,0.0,0.0,0.0,1.0
1544681592555765000,0.9999963688717804,0.00036023441899113543,0.002670669282459046,0.002742000754587718,-0.00035682557737680794,0.9999991212711787,-0.0012767663775409906,-0.004476083111893364,-0.002671126870859181,0.0012758087783298752,0.9999956186869996,-0.014197693433359816,0.0,0.0,0.0,1.0
1544681592650702000,0.9999974226526823,0.0003029170370514412,0.002250095387868333,0.0019393719219507571,-0.00030088023140325025,0.9999995447776184,-0.0009054919348806894,-0.004822005208357013,-0.002250368652508561,0.0009048125918925028,0.9999970585732249,-0.014943472631947967,0.0,0.0,0.0,1.0
1544681592656637000,0.9999974612628549,0.0003057455419170109,0.0022324846047487718,0.0019162846654252393,-0.0003037364451281246,0.9999995486729083,-0.0009002211707798107,-0.004809611002940395,-0.002232758835777698,0.0008995407984172441,0.9999971028029682,-0.01495514351179705,0.0,0.0,0.0,1.0
1544681592751548000,0.9999981972900951,0.00023533342780468076,0.0018841535856476673,0.0013743699678593808,-0.00023396614122514662,0.9999997091903536,-0.0007258643487452848,-0.003745602034510629,-0.0018843238578629732,0.0007254222120785285,0.9999979615410315,-0.014933831983981958,0.0,0.0,0.0,1.0
1544681592757500000,0.9999982238333753,0.00023850123790894877,0.0018696115242548962,0.0013533780212857238,-0.00023714313670730638,0.9999997079104619,-0.0007265962613233514,-0.0036654807384874314,-0.0018697842722687342,0.0007261516052260499,0.9999979883032856,-0.014917178158036913,0.0,0.0,0.0,1.0
1544681592852413000,0.999998698958196,0.00026504203217469276,0.0015911739801547494,0.0009413683148478561,-0.00026442585522304623,0.9999998899828052,-0.0003874446347477077,-0.0009794335785797462,-0.0015912764942116319,0.00038702338312553505,0.9999986590251112,-0.014176131039312,0.0,0.0,0.0,1.0
1544681592858337000,0.9999987532105602,0.00026003260931344995,0.0015575494747951401,0.0009223981926410286,-0.00025943494184397397,0.9999998926522722,-0.00038391269490500786,-0.0007917201533765391,-0.0015576491374155578,0.0003835081334893175,0.9999987133245081,-0.014115657878058015,0.0,0.0,0.0,1.0
1544681592953252000,0.999999381849544,0.00028723724431452334,0.0010741486382904847,0.0006781661421080096,-0.0002870038244363395,0.9999999351711271,-0.0002174546986673599,0.003629849061618987,-0.0010742110297430765,0.00021714627948044374,0.9999993994588983,-0.012594992008737772,0.0,0.0,0.0,1.0
1544681592959195000,0.9999993800396518,0.0002854083297669799,0.00107631891187372,0.0006691656763480006,-0.0002852019315402944,0.9999999409148805,-0.00019191168613138138,0.003962947079299391,-0.0010763736214730968,0.0001916045989211401,0.9999994023535712,-0.012474960368645415,0.0,0.0,0.0,1.0
1544681593054153000,0.9999993516120632,0.0003760226976104905,0.0010748871506642455,0.000586570098003909,-0.00037616811686199043,0.9999999201242576,0.00013508895667047613,0.0101971708805648,-0.0010748362682929465,-0.00013549320735572435,0.9999994131841202,-0.010165320728093683,0.0,0.0,0.0,1.0
1544681593060061000,0.9999994127317978,0.000261123348215493,0.0010518320490554348,-0.0057321569123987715,-0.0002609072266569726,0.9999999448273059,-0.00020560352230768173,-0.002561008978453164,-0.0010518856789031791,0.0002053289709804635,0.9999994256880997,-0.016806548629418046,0.0,0.0,0.0,1.0
1544681593139077744,0.9999997606156864,-0.00011147091895495201,0.0006828929685530208,0.002638520107811829,0.00011130280637662906,0.9999999634961325,0.00024621011065066676,-0.0006139891759072743,-0.0006829203888920877,-0.00024613404380795554,0.9999997365188503,-0.017701152959651384,0.0,0.0,0.0,1.0
1544681593154968000,0.9999997838191849,-0.00015247188423921088,0.0006396201295721011,0.0016261057779897935,0.00015227365963828746,0.9999999403727504,0.00030994713725527754,-0.002499932534996645,-0.0006396673496573777,-0.0003098496729527371,0.9999997474094008,-0.01885770744084192,0.0,0.0,0.0,1.0
1544681593160923000,0.999999334566218,9.791155142822852e-05,0.0011494696382966757,-0.01018138555068531,-9.77400290854987e-05,0.9999999840820957,-0.00014927390683342756,-0.006895443244876643,-0.0011494842356393439,0.00014916145830566792,0.9999993282181984,-0.018190440870559484,0.0,0.0,0.0,1.0
1544681593255845000,0.9999965213456938,0.0006791774067559113,0.002548728027944321,-0.0023675139297779286,-0.0006835159214844984,0.9999983184376192,0.0017017426122398324,-0.006673657818422902,-0.002547567956964838,-0.0017034787886522022,0.9999953040177351,-0.011531773177337406,0.0,0.0,0.0,1.0
1544681593261783000,0.9999993735840491,0.000301870944233258,0.0010778244047028789,0.00022206477301348307,-0.00030124970672872677,0.9999997884499883,-0.0005764968288196501,-5.70374630709354e-05,-0.001077998204331188,0.0005761717734070336,0.9999992529726996,-0.012932461081221225,0.0,0.0,0.0,1.0
1544681593356709000,0.9999991982723508,0.00027308071696313663,0.0012364795093795914,-0.0016363606012359873,-0.00027316972434143164,0.9999999601103658,7.181620318940736e-05,0.00233468229148862,-0.001236459848436631,-7.215391437908917e-05,0.9999992329801338,-0.01686447088607561,0.0,0.0,0.0,1.0
1544681593362618000,0.999999759731858,0.00032166220627344896,0.0006140599765333237,-0.004528412165797678,-0.00032162740395897657,0.9999999466662814,-5.6773665723837066e-05,-0.00942783507115879,-0.0006140782057258185,5.6576153566820035e-05,0.9999998098535297,-0.014273443084506614,0.0,0.0,0.0,1.0
1544681593457567000,0.999998870264199,0.00011762992469151885,0.00149854380110073,0.00329106150012283,-0.00011845794910788268,0.9999998403690221,0.0005524759215975976,-0.015030817444695721,-0.0014984785741856813,-0.0005526528118710892,0.9999987245676029,-0.023075258557959794,0.0,0.0,0.0,1.0
1544681593463461000,0.9999996126640834,0.0002463137728668045,0.0008449859218451456,-0.005409253934458388,-0.00024601480657851423,0.9999999071165115,-0.0003538978490041208,-0.003255556231905664,-0.0008450730132743148,0.00035368983287865517,0.9999995803774616,-0.018363972494897372,0.0,0.0,0.0,1.0
1544681593558427000,0.9999992365154646,0.0002716995025819447,0.0012054658318668794,-0.008436261082716586,-0.0002715505953380593,0.9999999554806905,-0.00012368867598982157,-0.004601790816905414,-0.0012054993843521311,0.00012336123659113498,0.9999992657763516,-0.01978695203536633,0.0,0.0,0.0,1.0
1544681593564341000,0.9999992336650019,0.00027326579087515743,0.0012074747276486866,-0.008455399943402924,-0.0002731182411397862,0.9999999552172067,-0.0001223601574881962,-0.004611343579403157,-0.0012075081104198143,0.0001220302803455078,0.9999992635161137,-0.019796265152899624,0.0,0.0,0.0,1.0
1544681593659252000,0.999998404505785,0.00028681968547126347,0.0017631563614611853,-0.010081973587614665,-0.00028703118553917526,0.999999951642085,0.00011970349648107457,-0.005513895605101992,-0.0017631219428794354,-0.00012020938635555345,0.9999984384741405,-0.020534026709156057,0.0,0.0,0.0,1.0
1544681593665182000,0.9999983894360494,0.0002883058640570166,0.0017714415128081144,-0.010103196549864992,-0.0002885217789862449,0.9999999509803914,0.00012163222862551459,-0.005527156690435693,-0.0017714063586879729,-0.00012214313218566054,0.9999984235990407,-0.0205445863473115,0.0,0.0,0.0,1.0
1544681593760117000,0.9999972105657231,0.000317325289623003,0.002340548105656281,-0.010627648074603223,-0.0003180584015371149,0.9999999004797456,0.0003128567576212856,-0.006057258565443467,-0.0023404485953631496,-0.0003136003159171198,0.999997211973722,-0.020778740426101183,0.0,0.0,0.0,1.0
1544681593766045000,0.9999971896871066,0.0003103979807088926,0.0023503767745713753,-0.010625495724794334,-0.00031115162896873063,0.9999999002991318,0.0003202911045948476,-0.0060676954031950526,-0.002350277122524677,-0.0003210215280387067,0.9999971865673524,-0.02078005591798727,0.0,0.0,0.0,1.0
1544681593861005000,0.9999964071367121,0.0001533334836560695,0.0026762291589318716,-0.009907888085955064,-0.0001551834351336737,0.9999997491777137,0.0006910590515059553,-0.006275120809542538,-0.0026761225251821868,-0.0006914718750593367,0.999996180110144,-0.020511261601495117,0.0,0.0,0.0,1.0
1544681593866914000,0.9999962984207357,0.00016143963735019834,0.0027160784360499486,-0.009854868896325749,-0.00016334669561240392,0.9999997403063918,0.0007019294881140653,-0.00627566983743345,-0.0027159644114597443,-0.0007023705523039592,0.999996065098718,-0.020493648656742962,0.0,0.0,0.0,1.0
1544681593961839000,0.9999935338215085,0.0003684295475238488,0.0035772300511843157,-0.007829517786162973,-0.00037219697285349664,0.9999993767935367,0.0010525597155875547,-0.006089902023983681,-0.003576840027731692,-0.0010538843437448064,0.9999930477474372,-0.01970731621753756,0.0,0.0,0.0,1.0
1544681593967772000,0.9999934799449692,0.0003676597594780652,0.0035923382150705335,-0.007700480233759217,-0.000371454162362615,0.9999993738241874,0.0010556386886715714,-0.006069145796803794,-0.003591947849768869,-0.0010569661948318133,0.9999929903419849,-0.019659763692087773,0.0,0.0,0.0,1.0
1544681594062697000,0.9999925552499916,0.000290960884057156,0.0038476988395942423,-0.004265383863117335,-0.0002961222772538246,0.9999990571198122,0.001340921729240284,-0.005423846148528083,-0.0038473050559034777,-0.0013420511357557943,0.9999916985368222,-0.01835399295411184,0.0,0.0,0.0,1.0
1544681594068609000,0.9999925583695818,0.0002978038935572427,0.0038463642968237736,-0.004027118365665632,-0.0003029590775554666,0.9999990566271468,0.00133976140353813,-0.005373539578132601,-0.003845961682105707,-0.001340916724508204,0.9999917052261371,-0.018269420962034304,0.0,0.0,0.0,1.0
1544681594138779676,0.9999915625440652,0.00028257219433492427,0.0040981695466353555,-0.0005432369576833545,-0.0002884817239679221,0.9999989194663058,0.0014414730388060608,-0.004612705966301178,-0.00409775779822541,-0.001442643123456726,0.9999905635363961,-0.016991410844685084,0.0,0.0,0.0,1.0
1544681594163543000,0.9999910796564846,0.00027804646129091947,0.004214652729098887,0.0006786099850467853,-0.0002842782341464597,0.9999988672467708,0.0014780700462104258,-0.004325632003656303,-0.004214236982791544,-0.0014792549953532345,0.9999900259559166,-0.016544530054009045,0.0,0.0,0.0,1.0
1544681594169492000,0.9999923336072137,0.0003224201466131518,0.003902405931130703,-0.012659665023052068,-0.00032699112251134184,0.9999992612206984,0.0011707411616739018,-0.010253419906781195,-0.0039020255775769953,-0.0011720082384082077,0.9999917002620967,-0.020226074988855935,0.0,0.0,0.0,1.0
1544681594264431000,0.9999939369777383,9.93151254970747e-05,0.003480825228245925,0.0009497307891818202,-0.00010241822846753303,0.9999995975313346,0.0008913179416507374,-0.01833383146091748,-0.003480735305969628,-0.000891669037523685,0.9999935446831948,-0.020884069741896674,0.0,0.0,0.0,1.0
1544681594270349000,0.9999931203437318,0.0002770883233338437,0.0036989846265052776,-0.002755358229913389,-0.0002821505473382022,0.9999990243564698,0.0013680925324061404,-0.005407502740417651,-0.0036986019351488908,-0.0013691267909367235,0.9999922228875362,-0.01920553035494799,0.0,0.0,0.0,1.0
1544681594365265000,0.999988147462373,0.0004829630843787955,0.004844758140075829,-0.005481616578650897,-0.0004931992499403442,0.9999976483961017,0.0021118609724017907,-0.0016222508706757234,-0.0048437267962347244,-0.002114225372570963,0.9999860340833753,-0.005007954862103353,0.0,0.0,0.0,1.0
1544681594371207000,0.9999933249622899,0.0004458963478730678,0.003626459335706773,-0.005132280074556634,-0.00044976340860394354,0.9999993311040255,0.0010656004779617222,-0.003295369351179334,-0.0036259817626213098,-0.0010672244137503223,0.9999928566186367,-0.02121385444586674,0.0,0.0,0.0,1.0
1544681594466120000,0.9999903874498511,0.0005164376488414224,0.004354113004245675,0.004288994418819986,-0.0005221546512316173,0.9999990030343638,0.0013119774377578928,-0.017784135433064827,-0.004353431108801375,-0.0013142383466661365,0.9999896601541175,-0.01134586283607369,0.0,0.0,0.0,1.0
1544681594472039000,0.9999934568470589,0.0003590877850779995,0.003599627623923985,-0.007924588778628951,-0.0003633705655316495,0.9999992268812041,0.0011892009199898923,-0.007673818819240651,-0.003599197813459846,-0.0011905011375917922,0.999992814215251,-0.019729296216640012,0.0,0.0,0.0,1.0
1544681594567008000,0.9999934097682961,7.795833504920596e-05,0.0036296477064409103,-0.0073398360271654025,-8.093128372568273e-05,0.9999996613986043,0.0008189339456028039,0.00493102527718073,-0.00362958263471023,-0.0008192223006867046,0.9999930774783987,-0.005503289958368183,0.0,0.0,0.0,1.0
1544681594572902000,0.9999932719788794,0.00027927273149938673,0.003657595345750117,-0.010643168766675783,-0.00028361377369456485,0.9999992560183631,0.001186391986896628,-0.008947419725051097,-0.003657261297635562,-0.0011874213492449283,0.999992607207842,-0.020551829588531485,0.0,0.0,0.0,1.0
1544681594667887000,0.9999919964287871,0.0002529571918766185,0.003992880041687496,-0.007434575091854513,-0.00025664225019184366,0.9999995416361412,0.0009224219532504644,-0.003885517495665292,-0.003992644878228599,-0.0009234393122993098,0.9999916029881022,-0.015852525755905594,0.0,0.0,0.0,1.0
1544681594673754000,0.9999919889611409,0.0002539612387598828,0.003994686124130702,-0.007426047211572493,-0.0002576469585475928,0.9999995416119004,0.0009221681169095001,-0.0038739726330321404,-0.003994450098056806,-0.0009231899481151005,0.9999915960090515,-0.01584069853503846,0.0,0.0,0.0,1.0
1544681594768720000,0.9999907046671881,0.0002540095966154667,0.0043041907885520495,-0.004630667202562248,-0.00025836949255563933,0.9999994541290584,0.0010124163124492268,-0.0007006749040614724,-0.004303931275560267,-0.0010135189732925517,0.999990224429654,-0.012164765344891039,0.0,0.0,0.0,1.0
1544681594774629000,0.9999907272931597,0.00025230241607387055,0.004299031424466498,-0.00459394137946407,-0.00025663482773847525,0.9999994598001521,0.001007242755699978,-0.0006668411908099699,-0.004298774972349549,-0.001008336697022235,0.9999902518479051,-0.01212053584434272,0.0,0.0,0.0,1.0
1544681594869582000,0.9999913553163242,0.0001639224126604784,0.004154807102894199,-0.0018817091190818016,-0.00016676444701037296,0.999999752373299,0.0006836980021510371,0.001238991951788822,-0.004154694000626995,-0.0006843849659070246,0.9999911350281966,-0.00902990860352305,0.0,0.0,0.0,1.0
1544681594875471000,0.9999913032730982,0.00016030828387796664,0.004167454789925055,-0.0018207243142811852,-0.00016315322740240837,0.9999997539058836,0.0006823263165762476,0.0012682445630211798,-0.004167344381778103,-0.0006830003162696291,0.9999910833359317,-0.008965718003829354,0.0,0.0,0.0,1.0
1544681594970435000,0.999989438712281,0.0002371879724386996,0.004589793651815323,0.0007448982271664657,-0.0002397764664963469,0.9999998125295333,0.0005634253675248028,0.0018614924245243661,-0.004589659153644037,-0.0005645199415311651,0.999989308115886,-0.006406616740623363,0.0,0.0,0.0,1.0
1544681594976336000,0.9999894196013889,0.00024010843398398812,0.004593803785301624,0.0008278903908903189,-0.00024266819727901767,0.9999998156144279,0.0005566715865145315,0.0018575103293679246,-0.004593669276727606,-0.0005577804667904722,0.999989293484449,-0.006333931247641258,0.0,0.0,0.0,1.0
1544681595071284000,0.9999867290520563,0.0001591437629218319,0.0051494070561185525,0.0033396935988530938,-0.00016043381357012774,0.999999955852487,0.0002501120131468375,0.0009714411101879517,-0.005149367025018104,-0.0002509348329349683,0.999986710437172,-0.004364373319953091,0.0,0.0,0.0,1.0
1544681595077189000,0.9999865849032247,0.00016184333294878123,0.005177240609086507,0.003444305006457808,-0.00016312655030303592,0.9999999560825578,0.00024743607652693813,0.0009011169168383583,-0.005177200335836033,-0.00024827730254865744,0.9999865673873134,-0.004297651350461017,0.0,0.0,0.0,1.0
1544681595139028760,0.9999846144960612,0.00013224859658012594,0.005545564125881398,0.004999071946003162,-0.00013380770092685757,0.9999999516306377,0.0002807743286817595,-0.00048140903259920776,-0.00554552672563507,-0.0002815120480132333,0.9999845838233208,-0.0034073725257711684,0.0,0.0,0.0,1.0
1544681595172180000,0.9999837724258035,0.00013521769108696305,0.00569531397149266,0.005784775193583139,-0.00013693576448685254,0.9999999452408276,0.00030127551836746944,-0.0014263264609680067,-0.005695272921842021,-0.0003020505215693144,0.9999837361836584,-0.003047867904597278,0.0,0.0,0.0,1.0
1544681595178049000,0.9999835752625406,0.00014232430529782943,0.0057296552202046845,0.005909209148163202,-0.00014410088086523262,0.9999999416743219,0.0003096551155779682,-0.001590752135180469,-0.005729610814569464,-0.0003104756779382644,0.9999835374468738,-0.0030000400683155796,0.0,0.0,0.0,1.0
1544681595273043000,0.9999801952441106,0.00013078731245129148,0.0062922185463380135,0.008347663684098637,-0.00013321566486504302,0.9999999168170857,0.00038551187811373906,-0.005550928386638664,-0.006292167602870483,-0.0003863424652222216,0.9999801294857609,-0.002325679039947252,0.0,0.0,0.0,1.0
1544681595278918000,0.9999802613535643,0.00012184747180747529,0.006281883193049053,0.008500449405013816,-0.00012416231735725827,0.9999999245405461,0.0003681068044695807,-0.005835249589676,-0.006281837866138113,-0.0003688795117141166,0.999980201024463,-0.0023059515195867106,0.0,0.0,0.0,1.0
1544681595373884000,0.9999797097164235,1.0929955709503581e-05,0.006370246148726087,0.011100354314350852,-1.1796072438996296e-05,0.9999999906925849,0.00013592527908006912,-0.011332691954806125,-0.006370244603778313,-0.00013599766500263643,0.999979700538126,-0.0022276171236417872,0.0,0.0,0.0,1.0
1544681595379767000,0.9999824976740125,0.00041184968421241214,0.0059020950077775325,0.00826185713983623,-0.00041481791658823,0.9999997881134264,0.0005016963229056894,0.0024256791071360305,-0.005901887133730691,-0.0005041358368077145,0.999982456633772,-0.006932196363864631,0.0,0.0,0.0,1.0
1544681595474716000,0.999979539446871,0.00013220380705987434,0.006395561725338333,0.003185061956271921,-0.00013334889559442649,0.9999999751568154,0.00017861815362227773,-0.008275835646688956,-0.0063955379524522765,-0.00017946734008883038,0.9999795322334224,-0.002816879772645373,0.0,0.0,0.0,1.0
1544681595480648000,0.9999805337528301,0.00038214574639365453,0.0062278471429376685,0.008293242107810898,-0.0003829641333938353,0.9999999181911693,0.00013021568609436704,-0.003035772276381686,-0.0062277968720742235,-0.00013259819336762098,0.9999805982937062,-0.004364809574722397,0.0,0.0,0.0,1.0
1544681595575588000,0.999981613577195,0.00017990084331392112,0.006061364799984927,0.0006030463687137033,-0.00017647088821601769,0.9999998240234818,-0.000566401828831557,-0.003673979405925696,-0.006061465629493717,0.000565321760298003,0.9999814693511733,-0.012006278055955761,0.0,0.0,0.0,1.0
1544681595581526000,0.9999773360424375,0.00022021944850977786,0.006728960162379287,-0.00044211445169157543,-0.00021882098124668834,0.9999999543092875,-0.00020856365867232744,-0.002427806724092441,-0.0067290057847021936,0.00020708649412893367,0.9999773385413933,-0.006516993139333206,0.0,0.0,0.0,1.0
1544681595676409000,0.9999823117423748,0.0001361016307676072,0.005946232313365179,0.0018496389984665774,-0.00013153404899430237,0.9999996960289943,-0.0007685315288157272,-0.00048390554681653,-0.00594633510427735,0.0007677358028196182,0.9999820256787453,-0.014764970215123565,0.0,0.0,0.0,1.0
1544681595682363000,0.9999782065624901,0.00046616190073768944,0.006585521478743967,-0.005278581036487059,-0.0004638308218047623,0.9999998292427791,-0.0003554931538816757,-0.0019326306772773209,-0.006585686071582924,0.0003524308386243521,0.9999782520292466,-0.009693595664541968,0.0,0.0,0.0,1.0
1544681595777279000,0.999972511724971,0.000763069881729849,0.007375196187887342,0.004390003327966092,-0.0007669325996162722,0.9999995702228416,0.0005209304382350112,0.00337383543607613,-0.007374795511868583,-0.0005265723971409135,0.9999726671827927,0.005374551298313906,0.0,0.0,0.0,1.0
1544681595783243000,0.9999785863077238,0.0002582742119522297,0.006539129945064323,-0.0023305590957884985,-0.00025900338190205474,0.99999996033557,0.00011066211888998117,-0.003804373261927646,-0.006539101104521914,-0.00011235340597586965,0.9999786135380374,-0.009559909530736639,0.0,0.0,0.0,1.0
1544681595878138000,0.9999782935398699,0.00027202028251223956,0.006583194821481763,-0.00010500476203307779,-0.00027181108731161877,0.9999999625256407,-3.267183627069909e-05,-0.0013806858768652742,-0.006583203462182892,3.088174173838275e-05,0.9999783300044541,-0.00946327428495029,0.0,0.0,0.0,1.0
1544681595884081000,0.9999783027916858,0.0002713315932553496,0.006581817759826291,-9.14593582237741e-05,-0.0002711070915943962,0.999999962637917,-3.500154499415233e-05,-0.0013684120196817858,-0.006581827010940838,3.3216408088083645e-05,0.9999783389903325,-0.009461824923341244,0.0,0.0,0.0,1.0
1544681595979006000,0.9999799890670943,0.00021646328993104233,0.006322547668323084,0.0018164275501444513,-0.00021590299779722033,0.9999999727056588,-8.930049651005012e-05,7.5585680830019e-05,-0.0063225668260325765,8.793365252849945e-05,0.9999800085083732,-0.009207168373574243,0.0,0.0,0.0,1.0
1544681595984925000,0.9999799679277036,0.00021719557017457481,0.00632586510996463,0.0018475792574587486,-0.00021665339457510775,0.9999999727987877,-8.639288041056721e-05,9.436819454285264e-05,-0.006325883702044353,8.502062963246246e-05,0.9999799877831944,-0.009201459837145314,0.0,0.0,0.0,1.0
1544681596079860000,0.9999790770813447,0.00030190505633093974,0.00646175308109079,0.0036439126478897267,-0.0003013229310413105,0.9999999504561743,-9.106118415171546e-05,0.0008842735568721562,-0.006461780252782781,8.911220450790812e-05,0.9999791185094724,-0.00878706160105689,0.0,0.0,0.0,1.0
1544681596085802000,0.9999791108725481,0.00029706173212083276,0.006456746307163439,0.003691892075989844,-0.00029644968251127895,0.9999999514748446,-9.574911888526029e-05,0.0008956748009458425,-0.006456774437247923,9.383301837692099e-05,0.9999791504122615,-0.008772214290403767,0.0,0.0,0.0,1.0
1544681596138508696,0.9999794777368135,0.00019817918849393822,0.006403501403199041,0.00459053526856786,-0.00019791368798308066,0.9999999795290738,-4.209542151334098e-05,0.0010079174631096686,-0.0064035096145499005,4.082721704133327e-05,0.9999794964886779,-0.00849429068197854,0.0,0.0,0.0,1.0
1544681596180714000,0.9999798991941489,0.00016715129301201847,0.0063382385649270265,0.005308860182939283,-0.00016697060074952706,0.999999985638823,-2.903742163300111e-05,0.0009332760000308914,-0.006338243327545041,2.7978538456550708e-05,0.999979912742611,-0.008233909184512412,0.0,0.0,0.0,1.0
1544681596186641000,0.999979858988965,0.0001740943446466156,0.006344391820249804,0.0053700905393198215,-0.00017397557501943256,0.999999984680538,-1.9272297106455955e-05,0.0009196516782070173,-0.006344395078255073,1.8168139727844278e-05,0.9999798739579727,-0.008209425371898657,0.0,0.0,0.0,1.0
1544681596281596000,0.999978589585197,0.0003148268717349218,0.006536149879236702,0.0069680942153958255,-0.00031446003192411203,0.9999999489242472,-5.7152369117046964e-05,0.00016911527713619725,-0.00653616753849952,5.5095787561436083e-05,0.9999786375110034,-0.007481270684327706,0.0,0.0,0.0,1.0
1544681596287492000,0.9999787162228734,0.0003118736302622828,0.0065168885283780655,0.007039038380633363,-0.000311490579503536,0.9999999496992025,-5.979306928782438e-05,0.00011575090869397908,-0.00651690684845496,5.7761847281226934e-05,0.9999787630688438,-0.007441590862891824,0.0,0.0,0.0,1.0
1544681596382429000,0.9999797482824687,0.00017573106111353788,0.006361772042934106,0.008541826619227125,-0.0001733554875213404,0.9999999150496508,-0.00037396332249792463,-0.0014338485356414723,-0.006361837219470835,0.0003728529010043473,0.9999796937977826,-0.0064873072574838375,0.0,0.0,0.0,1.0
1544681596388345000,0.9999795605406803,0.00018736947216294793,0.0063908836280783254,0.008622647269871931,-0.0001849975427314741,0.9999999137956942,-0.00037173177723563987,-0.0015410335881236284,-0.006390952728343528,0.00037054188147204103,0.9999795090010265,-0.006424577170487538,0.0,0.0,0.0,1.0
1544681596483306000,0.9999780275472021,0.00025199978244881487,0.00662426742523666,0.01002426671295615,-0.00024897203706984917,0.9999998641751123,-0.00045788937594672834,-0.0038966060435057155,-0.0066243819135194,0.0004562300576390642,0.9999779544661986,-0.005147399132605809,0.0,0.0,0.0,1.0
1544681596489229000,0.9999780839754808,0.00025523209926734774,0.006615619797340197,0.010110342411638376,-0.0002520592040147268,0.9999998528236987,-0.00048043598658270917,-0.004077562026370482,-0.00661574144636316,0.00047875792947568735,0.9999780011360041,-0.005053516497099903,0.0,0.0,0.0,1.0
1544681596584170000,0.9999790263585971,0.00021214469575181214,0.006473162870017727,0.011421987756295934,-0.00020808568476685503,0.9999997813344254,-0.0006277192451864989,-0.007394592356673337,-0.006473294621868131,0.000626359107099734,0.9999788518418807,-0.003505387951086809,0.0,0.0,0.0,1.0
