1544681590129223000,0.9999993306675095,0.0001006589816404323,0.00115261975654888,-0.0002326583148304917,-0.00010042963352361345,0.9999999751492773,-0.0001990360089701198,-0.0004021721473475139,-0.001152639762667415,0.00019892011856912454,0.9999993159259468,-0.0004604799640717626,0.0,0.0,0.0,1.0
1544681590135154000,0.9999948468651209,0.0001334642753274823,0.003207558337615918,-0.00023291129657189089,-0.0001323853252388228,0.9999999345915395,-0.0003365873492491328,-0.0004021072041263896,-0.0032076030502011252,0.00033616098111538073,0.9999947991257102,-0.00046036265382551464,0.0,0.0,0.0,1.0
1544681590139421659,0.9999913320380869,-0.00012654221167977386,0.004161710677305183,2.3833763958728178e-07,0.00012970699952504123,0.999999702641695,-0.0007601924842041806,5.908187344460758e-07,-0.004161613243347703,0.0007607256978895119,0.9999910510957702,-1.9045397744419293e-06,0.0,0.0,0.0,1.0
1544681590230105000,0.9999924989093193,0.0007674387338577386,0.003796467158297677,-0.018338958506849128,-0.0007763969032291352,0.9999969168759132,0.002358695935792087,0.006180453820809881,-0.0037946452986958043,-0.0023616258083448997,0.9999900116454156,-0.004503160548455026,0.0,0.0,0.0,1.0
1544681590240300000,0.9999932208218159,-0.0001288038653677964,0.0036799076042074636,0.000597483926742097,0.00013046081316978118,0.9999998902254166,-0.0004500323655937334,-0.005355168121004246,-0.003679849234338914,0.00045050939848256723,0.9999931278518339,9.341137823219424e-05,0.0,0.0,0.0,1.0
1544681590330953000,0.9999971950996527,0.00015695770873238316,0.0023632936989847115,-0.0028147626943426122,-0.0001609894758782142,0.9999985319903424,0.0017059013881956958,-0.0015559968921961666,-0.0023630224752735456,-0.0017062770687262616,0.9999957523626506,0.0023281903861198986,0.0,0.0,0.0,1.0
1544681590336870000,0.9999942908264983,-9.510248618658093e-05,0.0033777610817144663,0.0012612716573195163,9.580498339088837e-05,0.9999999738169594,-0.00020781597932232896,-0.00810419451985543,-0.0033777412294581184,0.00020813839920918922,0.9999942737549006,-0.0004137663781523441,0.0,0.0,0.0,1.0
1544681590431813000,0.9999984898785975,8.806669572688658e-05,0.0017356511116712419,0.008905294909431241,-8.925319548492329e-05,0.9999997624038582,0.0006835393882923201,0.0061489350565155166,-0.0017355905022319123,-0.0006836932684728204,0.999998260143048,0.0020429254814633303,0.0,0.0,0.0,1.0
1544681590437711000,0.9999959833038828,-2.874072473734303e-05,0.0028341753771855076,0.0018513340427125393,2.865386896148962e-05,0.9999999991186482,3.068647236551818e-05,-0.008394649459456055,-0.00283417625663906,-3.060513901740572e-05,0.9999959832460683,-0.0016325614359396408,0.0,0.0,0.0,1.0
1544681590532699000,0.999998877971622,-0.0002221035134553563,0.0014814606052156395,0.011782454869255827,0.00022117532542944681,0.9999997791829712,0.0006266701546904135,0.0148802600499939,-0.0014815994637270573,-0.0006263417890172565,0.9999987062786595,0.0014185668681537898,0.0,0.0,0.0,1.0
1544681590538576000,0.9999970611117409,4.817185763192465e-06,0.0024244060455929127,0.0023491553857084295,-5.183673493390226e-06,0.9999999885619342,0.00015115972495717033,-0.00628426712906897,-0.0024244052896979216,-0.0001511718480449869,0.9999970496986785,-0.0036068176280579303,0.0,0.0,0.0,1.0
1544681590633558000,0.9999980119592405,8.983631649759582e-05,0.0019919856934700456,0.001198526754460973,-9.130885527617726e-05,0.999999722657739,0.0007391529834101982,0.014848754522868837,-0.001991918738226881,-0.0007393333998773362,0.9999977428203871,0.0001158351358231808,0.0,0.0,0.0,1.0
1544681590639434000,0.999997838387199,0.0001403033454355575,0.002074496542243267,0.0028283679389625887,-0.0001407128759932431,0.9999999706427318,0.00019726738584482413,-0.0015602036438403916,-0.0020744688040675403,-0.00019755886780382142,0.9999978287724804,-0.006219475175546122,0.0,0.0,0.0,1.0
1544681590734417000,0.9999984871980866,0.00016591029020609867,0.001731495109610983,0.0031125576797695173,-0.0001667005369032573,0.9999998820183038,0.0004562612289472834,0.005241321697377478,-0.0017314192068933446,-0.0004565491798788395,0.9999983968739059,-0.00936834907093091,0.0,0.0,0.0,1.0
1544681590740288000,0.9999976597474779,-5.4424312512632355e-05,0.0021627615589718745,-0.012107488406501554,5.42614617256605e-05,0.9999999956885665,7.535622091912878e-05,-0.007747260976208708,-0.0021627656508577905,-7.523868996299513e-05,0.9999976583891974,-0.008494386048447588,0.0,0.0,0.0,1.0
1544681590835250000,0.9999978743648004,0.0001756513785235672,0.0020543642502492718,0.012750139318376666,-0.00017697214144895236,0.9999997777818952,0.0006427418019508207,0.004145628981328958,-0.0020542508952487992,-0.0006431040009569058,0.9999976832325695,-0.009319980408406649,0.0,0.0,0.0,1.0
1544681590841145000,0.9999980182961986,-1.5415253842050467e-06,0.001990829299236183,-0.008984632811165193,2.0693129788686116e-06,0.9999999648568955,-0.00026510738429489386,-0.008599192541600308,-0.0019908288206024988,0.00026511097857948246,0.9999979831563534,-0.007093686615178567,0.0,0.0,0.0,1.0
1544681590936132000,0.9999983002780453,-0.0003252332178315074,0.001814845551738308,0.014218512085499412,0.0003233412807562303,0.9999994041401487,0.0010426743313259699,0.014224889660369307,-0.0018151835826726388,-0.0010420857445844404,0.999997809580533,0.001370807361971842,0.0,0.0,0.0,1.0
1544681590942028000,0.9999978502435332,4.561288489455179e-05,0.002073023823865691,-0.0051014982534485845,-4.5689835826188944e-05,0.9999999982690247,3.707279562488306e-05,-0.003787510755940505,-0.0020730221292801785,-3.716743204557684e-05,0.9999978505966053,-0.008741659431492955,0.0,0.0,0.0,1.0
1544681591036973000,0.9999959431088659,0.00014565339300525942,0.002844740920119963,-0.010891892070890028,-0.00015048975664748635,0.9999985437317288,0.0016999668398168164,0.010968309554280676,-0.0028444891714758023,-0.0017003880476052083,0.9999945087658422,-0.009165975692787705,0.0,0.0,0.0,1.0
1544681591042874000,0.9999973197713812,9.931529743355563e-05,0.0023131334853448353,-0.0020144358243569228,-0.00010018630558544549,0.9999999241292458,0.00037643619371988325,1.3364053866884209e-05,-0.002313095923973114,-0.00037666692908304975,0.9999972538508644,-0.010111291963779774,0.0,0.0,0.0,1.0
1544681591137844000,0.9999979298279972,-0.0002295443557725364,0.0020217935375945605,0.009458105634313261,0.00022729717064253532,0.9999993562953045,0.0011116406663990816,0.015555556312914253,-0.0020220474069971915,-0.0011111788171609728,0.999997338299417,0.0001332055491686405,0.0,0.0,0.0,1.0
1544681591138938697,0.9999966283094092,2.5852217383716868e-05,0.002596671229629465,0.00020449980311952856,-2.7899096601102997e-05,0.9999996889517314,0.0007882373279260435,0.0025848770028046903,-0.0025966500442566225,-0.0007883071150151295,0.9999963179834424,-0.011196127210794679,0.0,0.0,0.0,1.0
1544681591143744000,0.9999966278722031,2.586670779464353e-05,0.002596839451776779,0.00020573965256365584,-2.7914919457819595e-05,0.9999996885870003,0.0007886993492480072,0.0025861737244402467,-0.0025968182420316177,-0.000788769180217156,0.9999963171823171,-0.011196695591033735,0.0,0.0,0.0,1.0
1544681591238668000,0.9999958716880605,-0.00022608217202857808,0.002864523291056065,0.010134254896860059,0.00021972988510284507,0.9999975167756675,0.0022176927820114077,0.002868272807057728,-0.0028650175586031855,-0.002217054205310205,0.9999934381509923,-0.003500346740243071,0.0,0.0,0.0,1.0
1544681591244578000,0.9999960350216685,6.710082720935712e-05,0.0028152155196765082,0.0017331808121622539,-7.082351691365967e-05,0.9999991232960845,0.0013222674044384463,0.004071873990688365,-0.0028151243263294205,-0.0013224615451408212,0.9999951630735466,-0.011967578982401856,0.0,0.0,0.0,1.0
1544681591339516000,0.9999955285092671,5.0696158315498966e-05,0.0029900487241852356,-0.0027121645868125465,-5.6420094229978684e-05,0.9999981661816281,0.0019142753607264524,0.0035284256181656102,-0.0029899461945722084,-0.0019144354998926894,0.9999936975593746,-0.007577289190677964,0.0,0.0,0.0,1.0
1544681591345466000,0.9999954393592114,7.636570571480326e-05,0.003019176884592276,0.0026033873123787574,-8.224547033501242e-05,0.9999981004394147,0.001947396530305339,0.004822969824794745,-0.0030190224351725145,-0.0019476359625521852,0.9999935460880215,-0.01249229922676943,0.0,0.0,0.0,1.0
1544681591440400000,0.9999941970843733,-0.00015586685606493555,0.0034031607519791596,0.005696788221670833,0.00014669310055218573,0.9999963557251316,0.0026957406385855424,0.001969199938931506,-0.003403568526544066,-0.002695225775227669,0.9999905756952409,-0.005361653389657203,0.0,0.0,0.0,1.0
1544681591446320000,0.9999941671141702,-5.938520342015012e-05,0.0034149979555830375,0.0028679960142777437,5.110314839917092e-05,0.9999970578033783,0.0024252367013302576,0.004808805438847624,-0.0034151319311624424,-0.0024250480380541652,0.9999912279694789,-0.012717095936647792,0.0,0.0,0.0,1.0
1544681591541261000,0.9999920362309485,0.00024075733919807715,0.003983655429677949,-0.010130130064419304,-0.0002521276150466039,0.999995895618526,0.002853975782561145,0.006488203912266766,-0.003982951963620867,-0.002854957443699796,0.999987992583736,-0.009986994817786884,0.0,0.0,0.0,1.0
1544681591547216000,0.9999935476026991,-2.066143627727778e-05,0.003592259187870254,0.0025680419523453468,1.0561904509711479e-05,0.9999960477629934,0.0028114670267554353,0.003976790543150643,-0.0035923030793573694,-0.0028114109449546686,0.9999895956094174,-0.012601823078339059,0.0,0.0,0.0,1.0
1544681591642116000,0.9999906333893309,0.00023507186932934836,0.004321790696396826,-0.007529552150019839,-0.0002490002618360879,0.9999947764958519,0.0032225734875832527,0.006014500441747117,-0.0043210105851314235,-0.003223619430007047,0.999985468467064,-0.0072438508170063805,0.0,0.0,0.0,1.0
1544681591648038000,0.9999924637797175,-9.121780751509871e-05,0.003881245042575155,0.0015962144070278855,7.917299065146371e-05,0.9999951813739,0.0031033789034364337,0.00236565454117016,-0.003881509423725954,-0.0031030482259119412,0.9999876524119202,-0.012332020759825394,0.0,0.0,0.0,1.0
1544681591742967000,0.9999906362660933,-0.00012532983861485988,0.0043256990840955046,-0.0028162868591367096,0.00010930608674293755,0.9999931328883476,0.0037043526189626426,0.006248361202414983,-0.004326133644952832,-0.0037038451071511012,0.9999837829180558,-0.0091108934680285,0.0,0.0,0.0,1.0
1544681591748896000,0.9999920156463692,2.2143842296452983e-06,0.003996077903504428,0.00010101183969650239,-1.5221906228841875e-05,0.999994702212119,0.003255044698206903,0.00010508988650180894,-0.003996049525211696,-0.0032550795367020883,0.9999867179344964,-0.011751288507545275,0.0,0.0,0.0,1.0
1544681591843837000,0.9999912827122635,-1.8523431060295262e-05,0.004175422896733668,-0.0017547993355674235,3.855727101946799e-06,0.9999938299252611,0.0035128473550122513,-0.002687004910357896,-0.004175462204048147,-0.0035128006332198623,0.9999851127627318,-0.010836407342510596,0.0,0.0,0.0,1.0
1544681591849755000,0.9999930846948698,-0.0002324608425036064,0.0037116740692882608,0.00807042214150478,0.00021726962886216983,0.9999916012702365,0.004092698730493042,-0.006340346475183905,-0.0037125942881357952,-0.004091863994185014,0.9999847365298655,-0.0076963371852933685,0.0,0.0,0.0,1.0
1544681591944693000,0.9999926588999302,-0.00013971218591121842,0.0038291809506955598,-0.004114724931115741,0.00012784964223822682,0.9999951930071694,0.003098002102081699,-0.007273825143153131,-0.0038295953724958283,-0.003097489799923642,0.9999878698045399,-0.011690686298129716,0.0,0.0,0.0,1.0
1544681591950603000,0.999992023777076,-5.368009186081375e-05,0.0039936825953594355,-0.0006862049703629268,3.954780142218945e-05,0.999993738154469,0.0035386562168573496,-0.007403392663724077,-0.003993847542926714,-0.003538470050380304,0.9999857641044231,-0.007723442620909129,0.0,0.0,0.0,1.0
1544681592045521000,0.9999937439671271,-0.00022387102756255792,0.003530142826398635,0.003040830079820161,0.0002139788917504452,0.9999960505996552,0.00280232013299111,-0.009335885486614563,-0.003530756242739078,-0.0028015472255345257,0.9999898424951633,-0.010510831653701517,0.0,0.0,0.0,1.0
1544681592051462000,0.9999912812895339,4.6570337566881365e-05,0.004175545009004032,0.005001223004450888,-6.199575196099327e-05,0.9999931745924966,0.0036941744608992217,-0.0017551663622221265,-0.004175344470256124,-0.0036944011185143615,0.9999844588287019,-0.00896914577993745,0.0,0.0,0.0,1.0
1544681592138451488,0.9999905628704435,4.1285767649458955e-05,0.004344245105631456,0.001747008256259021,-5.845003798998352e-05,0.9999921931257237,0.003950983573754174,-0.0009629791004645831,-0.004344048071266277,-0.00395120020910179,0.9999827584829957,-0.008101335070502494,0.0,0.0,0.0,1.0
1544681592146415000,0.9999880459956861,-2.443915774165086e-05,0.0048895059523251,-0.005070491535999774,2.8363548632477075e-06,0.9999902398987601,0.004418155630887016,-0.006557419144403368,-0.004889566206254371,-0.004418088947861561,0.9999782860804342,-0.00484305264681924,0.0,0.0,0.0,1.0
1544681592152302000,0.99999046128983,3.4686865985785956e-05,0.0043676224856532995,0.0009762093432799175,-5.2029740292372846e-05,0.9999921152653002,0.003970730429116959,-0.0011022612761992874,-0.004367450315914456,-0.003970919799733849,0.999982578435087,-0.007908932568169531,0.0,0.0,0.0,1.0
1544681592247293000,0.9999888878087385,7.200004761268158e-05,0.004713711386410959,-0.01246891833334566,-9.201476139325453e-05,0.9999909815381659,0.00424598346905479,-0.0051784724907035975,-0.004713363164972794,-0.00424637001790286,0.9999798760721867,-0.004787080467757723,0.0,0.0,0.0,1.0
1544681592253173000,0.9999909447073204,2.6161088930052052e-05,0.004255563295063537,0.005003459245374054,-4.0913233976196625e-05,0.9999939908162704,0.0034665050778827523,0.0010294798431308124,-0.004255447035054221,-0.0034666477965214814,0.9999849366483392,-0.008393382701118982,0.0,0.0,0.0,1.0
1544681592348127000,0.9999907395447059,-7.219231079266205e-05,0.004302977237190377,-0.0020572365729362445,5.650581907049292e-05,0.9999933535195219,0.003645507355087773,-0.0016687345571675713,-0.004303211815136149,-0.003645230452776635,0.9999840972050608,-0.00884611484518018,0.0,0.0,0.0,1.0
1544681592354030000,0.9999908609832074,-4.9954106218228416e-05,0.004274980076309156,-0.00026658377402189495,3.4550592392053786e-05,0.9999935079436882,0.003603175922402748,-0.0036491265608550242,-0.004275132316330539,-0.0036029952898233887,0.9999843707121747,-0.011260031673938537,0.0,0.0,0.0,1.0
1544681592448983000,0.999990426046178,-6.900504717450655e-05,0.0043752776239991235,-0.0038157831749517676,5.243717683645919e-05,0.9999928290391069,0.0037867031444468583,-0.0063413559505742624,-0.004375507550683508,-0.0037864374635193116,0.9999832587723706,-0.013102387789276837,0.0,0.0,0.0,1.0
1544681592454900000,0.999990426046178,-6.900504717450655e-05,0.0043752776239991235,-0.0038157831749517676,5.243717683645919e-05,0.9999928290391069,0.0037867031444468583,-0.0063413559505742624,-0.004375507550683508,-0.0037864374635193116,0.9999832587723706,-0.013102387789276837,0.0,0.0,0.0,1.0
1544681592549844000,0.9999890591040901,0.000266922549669582,0.004670163216669656,-0.004753290938475164,-0.00028421684312526145,0.9999931039497737,0.0037028737064973396,-0.014249407675007085,-0.004669142630498697,-0.0037041605327878565,0.9999822389931947,-0.015467295858922574,0.0,0.0,0.0,1.0
1544681592555765000,0.999989612132286,5.797829240351255e-06,0.0045580252201052225,-0.006310433038145205,-2.3420061166770423e-05,0.9999925261205964,0.0038661549954641145,-0.007482243772243436,-0.004557968738667933,-0.003866221583586909,0.9999821384663048,-0.014313528971609544,0.0,0.0,0.0,1.0
1544681592650702000,0.9999882225654528,-0.0002047094954445827,0.00484900241436655,0.0011959209555655827,0.00018296489420843379,0.9999899284486635,0.004484364513113569,-0.004691949821955156,-0.00484987156938667,-0.004483424501590259,0.9999781885873774,-0.014237999903188374,0.0,0.0,0.0,1.0
1544681592656637000,0.9999890114810104,1.810334360631432e-05,0.004687919527723669,-0.007636816530719286,-3.70586812203628e-05,0.9999918247859365,0.00404338817691019,-0.0071408229401594605,-0.004687808004132519,-0.004043517474177789,0.9999808370276665,-0.014851883185117293,0.0,0.0,0.0,1.0
1544681592751548000,0.9999888515880797,-0.000312511367360071,0.0047115853171678665,0.007948551990711174,0.00029200929819849755,0.9999904896464544,0.004351476441099901,-0.0036149372346224746,-0.004712900394178369,-0.0043500521023261945,0.9999794325967813,-0.00826904528963187,0.0,0.0,0.0,1.0
1544681592757500000,0.9999874668273896,-6.235931421668436e-05,0.005006226069157778,-0.007705212337382734,4.174187252631249e-05,0.9999915186526047,0.004118358953952455,-0.00532454410521594,-0.005006440427655409,-0.004118098368598393,0.9999789881892877,-0.014654138826916883,0.0,0.0,0.0,1.0
1544681592852413000,0.9999870801600523,-0.00030185029734953073,0.005074288065798913,0.0059529692752807875,0.0002781354901200986,0.9999890400841315,0.004673580241018944,-0.006578485651551879,-0.0050756431736140705,-0.004672108519512059,0.99997620434106,-0.014087321409340875,0.0,0.0,0.0,1.0
1544681592858337000,0.9999864354320053,-5.386833097196111e-05,0.005208267485180978,-0.0065619026912487185,3.170531825587446e-05,0.9999909454921736,0.00425534116610483,-0.0018332885935696478,-0.005208449555008602,-0.0042551183144620575,0.9999773827549121,-0.013773494854389744,0.0,0.0,0.0,1.0
1544681592953252000,0.9999897323554751,-0.0003437124048984526,0.004518522480794738,0.007459052263349645,0.0003258124587835039,0.9999920997569411,0.003961599417944643,-0.0030171184411379648,-0.004519848434232062,-0.0039600865507305166,0.9999819441793156,-0.0136110044573035,0.0,0.0,0.0,1.0
1544681592959195000,0.999986208327411,-4.062903416503552e-05,0.005251809616875038,-0.004078528629503043,1.7165394746342495e-05,0.9999900196645378,0.0044676925438013534,0.003405736910002336,-0.005251938720086282,-0.004467540777463341,0.9999762288270074,-0.012162385677562976,0.0,0.0,0.0,1.0
1544681593054153000,0.9999852188898558,-3.867181562164956e-05,0.005436957448548066,-0.000465703124828838,1.387694386369597e-05,0.999989601247388,0.004560395215624704,0.009954386993575124,-0.005437077269735536,-0.0045602523595674105,0.9999748208275973,-0.009988853520163122,0.0,0.0,0.0,1.0
1544681593060061000,0.9999861163329016,-7.393902936739342e-05,0.005268934851077304,-0.012597557297825229,5.0114013154788567e-05,0.9999897754519158,0.004521778435126452,-0.004098422577490378,-0.005269215314508079,-0.004521451608789501,0.9999758956321486,-0.017797746782247163,0.0,0.0,0.0,1.0
1544681593139077744,0.999987371316675,-0.0005454538690319522,0.004995967097890113,0.0026387077895196377,0.0005219696418328187,0.9999888152557467,0.004700735166232364,-0.0006142971459021891,-0.00499847525345954,-0.004698068058979835,0.9999764714240291,-0.017700128951200517,0.0,0.0,0.0,1.0
1544681593154968000,0.999987371316675,-0.0005454538690319522,0.004995967097890113,0.0026387077895196377,0.0005219696418328187,0.9999888152557467,0.004700735166232364,-0.0006142971459021891,-0.00499847525345954,-0.004698068058979835,0.9999764714240291,-0.017700128951200517,0.0,0.0,0.0,1.0
1544681593160923000,0.9999856898336406,-9.255699116213311e-05,0.005348977579018374,-0.017782419947081324,6.830035445000595e-05,0.9999897153085285,0.00453482218294958,-0.007986187134186489,-0.005349342295930995,-0.004534391951825126,0.9999754116110194,-0.019338285861468688,0.0,0.0,0.0,1.0
1544681593255845000,0.9999763410073179,0.00031031263417058565,0.006871763360909423,0.0013005427229266042,-0.0003518467050998968,0.9999816742892464,0.006043781065933565,-0.0038915290254014087,-0.006869761969338779,-0.006046055883458287,0.999958124912608,-0.00892407832880729,0.0,0.0,0.0,1.0
1544681593261783000,0.9999854601377958,-6.781268234272819e-05,0.005392115951983134,-0.011691958304602033,4.420134606712278e-05,0.9999904117632928,0.004378861464267561,-0.004421626330406325,-0.005392361193440525,-0.00437855945744202,0.9999758750379106,-0.017598801837955667,0.0,0.0,0.0,1.0
1544681593356709000,0.9999846328201072,-8.15541536403825e-05,0.005543236649861836,0.004627236316851864,5.7264808083591265e-05,0.9999903981589874,0.004381815899192552,0.005959504170266074,-0.005543540779871884,-0.004381431130656429,0.999975035796829,-0.012884291407552559,0.0,0.0,0.0,1.0
1544681593362618000,0.9999883771417684,-5.4303956821756e-05,0.004821061341047101,-0.017089664505475183,3.148522784903909e-05,0.9999887984011636,0.0047330836543412426,-0.013259545396176875,-0.0048212643626223866,-0.0047328768501661185,0.9999771773828986,-0.01899605590800848,0.0,0.0,0.0,1.0
1544681593457567000,0.9999823678015797,-0.0002307281392129385,0.005933873142632632,0.010872289469925599,0.00020076573794589798,0.9999872311227667,0.005049483591718187,-0.011901337336389836,-0.005934962431688049,-0.005048203239801189,0.9999696454717939,-0.018780403678443042,0.0,0.0,0.0,1.0
1544681593463461000,0.9999865934020389,-3.4176148020900624e-05,0.0051780158529966145,-0.01929294679994141,9.428333589796874e-06,0.9999885787967202,0.004779350083662637,-0.010576438850365518,-0.005178120053600875,-0.004779237188776735,0.9999751726741054,-0.021547114823532137,0.0,0.0,0.0,1.0
1544681593558427000,0.9999833995394879,-7.609806968459462e-05,0.005761497594748173,0.0004944787545818571,4.979549826150704e-05,0.999989578009114,0.004565237514263477,-0.0019316332477771429,-0.005761784954235233,-0.004564874832574914,0.9999729815109533,-0.015226515201364404,0.0,0.0,0.0,1.0
1544681593564341000,0.9999852940107542,-6.7336583787821375e-06,0.005423257036781853,-0.020147853470117896,-2.0479640314809474e-05,0.999987410466036,0.005017817256679723,-0.008467968617557489,-0.005423222548770382,-0.005017854531066527,0.9999727045240252,-0.02324575521185772,0.0,0.0,0.0,1.0
1544681593659252000,0.9999786454609674,0.00022745991001426374,0.00653122377825884,-0.00280857674248288,-0.0002594742944035246,0.9999879548210207,0.004901314717952001,0.00031379480419278647,-0.006530030255894776,-0.004902904737316968,0.9999666595592058,-0.020340127259124114,0.0,0.0,0.0,1.0
1544681593665182000,0.9999829180010563,-7.105779591510054e-05,0.005844540776040033,-0.019748652771608324,3.993899107865376e-05,0.9999858246602059,0.005324366960258993,-0.006971797371153266,-0.005844836265469411,-0.005324042584366272,0.9999687457413807,-0.023973539914912634,0.0,0.0,0.0,1.0
1544681593760117000,0.9999760899788332,0.0003622939169717708,0.006905665338274985,-0.010397596376067133,-0.00039808698721792077,0.9999864916425721,0.005182476158409151,-0.002553095926233359,-0.0069036944744922885,-0.005185101300803743,0.9999627261688835,-0.021444045224904007,0.0,0.0,0.0,1.0
1544681593766045000,0.9999797978436065,-6.015923621839744e-05,0.0063561218936993655,-0.018168798147859263,2.5082090468968388e-05,0.9999847722336239,0.0055185751559772706,-0.0057973655753499895,-0.006356357097426519,-0.0055183042440345,0.9999645718937847,-0.023945584864159125,0.0,0.0,0.0,1.0
1544681593861005000,0.9999807822658819,-0.0004534816412507092,0.006182997114056278,0.0053589367783654016,0.00042002074088801756,0.9999852668889784,0.005411985546323101,-0.009630664774832636,-0.006185360255361349,-0.005409284553195045,0.9999662399096954,-0.018094041641699688,0.0,0.0,0.0,1.0
1544681593866914000,0.99997676288047,-8.339770982859586e-05,0.006816651958282621,-0.015275828729148525,4.314711498067978e-05,0.9999825662985357,0.005904679273362706,-0.0050173716340016225,-0.006817025555536042,-0.005904247946758789,0.9999593331824854,-0.0231471038913668,0.0,0.0,0.0,1.0
1544681593961839000,0.9999682664913034,0.00042279309066322983,0.007955328804207098,-0.014569507067877168,-0.00047355481022624905,0.999979535185536,0.006380043570622179,-0.0012957850803461503,-0.007952468561539326,-0.006383608393676185,0.9999480025419607,-0.01735410963646503,0.0,0.0,0.0,1.0
1544681593967772000,0.9999736927193029,-2.0619116329552464e-05,0.007253512540541989,-0.011004914654432561,-2.3484570637867255e-05,0.9999815152370716,0.006080183602942172,-0.004592158176299603,-0.007253503829095299,-0.006080193995473043,0.999955207958426,-0.021545086202233756,0.0,0.0,0.0,1.0
1544681594062697000,0.9999697811603334,0.00010388183835433141,0.007773414611493397,-0.00824245811560444,-0.00015563590892010912,0.9999778263500924,0.006657520980827947,-0.010674765932090779,-0.00777255065100086,-0.0066585296207173,0.9999476243482295,-0.015185948151752518,0.0,0.0,0.0,1.0
1544681594068609000,0.9999722814351607,-4.717285532828096e-05,0.007445410403819392,-0.005314287208307409,3.8810617077246295e-07,0.9999802581190063,0.0062835795606846195,-0.004479729211566642,-0.007445559831802809,-0.00628340249926741,0.9999525401196929,-0.019124746968615748,0.0,0.0,0.0,1.0
1544681594138779676,0.9999707330113589,-3.888298990089224e-05,0.007650595325788014,-0.000543434864252408,-1.0049564453400654e-05,0.9999795467892747,0.006395772207017098,-0.004612635486898078,-0.007650687533295767,-0.006395661907175387,0.9999502800084797,-0.016993910093303387,0.0,0.0,0.0,1.0
1544681594163543000,0.9999699205106508,-3.628627499582954e-05,0.0077560787276931805,0.0010603592979923793,-1.3662183068865925e-05,0.9999792644296657,0.006439761179608703,-0.00467976100297722,-0.007756151575922275,-0.0064396734398483434,0.9999491850682798,-0.01625977171433385,0.0,0.0,0.0,1.0
1544681594169492000,0.9999710315705987,-3.448276262593824e-05,0.007611493320750256,-0.014185687479525252,-1.2781769228964353e-05,0.999980720845257,0.006209490673761902,-0.009152760097348804,-0.007611560697985626,-0.006209408082920804,0.9999517525335905,-0.020730482626031194,0.0,0.0,0.0,1.0
1544681594264431000,0.9999760680812977,-0.00020445940634334893,0.006915306285337934,0.0014972689972909503,0.0001643226198178717,0.9999831424483675,0.005804120705563856,-0.018621641436323274,-0.006916376417278988,-0.005802845460573315,0.9999592445304027,-0.02207155812677294,0.0,0.0,0.0,1.0
1544681594270349000,0.9999717175905294,-9.048224147834339e-05,0.0075203611624216566,-0.004512922848343748,4.1577830289248743e-05,0.9999788554752804,0.006502835814678464,-0.004079271270925833,-0.007520790539119624,-0.006502339218513065,0.9999505774258807,-0.019475103592854138,0.0,0.0,0.0,1.0
1544681594365265000,0.9999665269583446,0.00018016147466899356,0.00818000640026623,-0.004707462913982214,-0.00023702434981422193,0.9999758133536537,0.006951009074919058,-0.0017463527491099644,-0.008178556249298943,-0.006952715264201251,0.9999423838242513,-0.007796677884051364,0.0,0.0,0.0,1.0
1544681594371207000,0.9999713670579831,4.4048072224976483e-05,0.007567240181140426,-0.007135368327315476,-9.189433094036131e-05,0.9999800080466472,0.006322583527422294,-0.001761209028735402,-0.007566810399611833,-0.006323097879728234,0.9999513797248247,-0.02118877298434772,0.0,0.0,0.0,1.0
1544681594466120000,0.9999712596903161,0.0002253515181586292,0.0075781930603124785,0.005224115699803109,-0.00027161594188774066,0.9999813306833849,0.0061044663541127905,-0.017848029278385736,-0.007576675929866416,-0.00610634926790519,0.9999526521193258,-0.015630014072572317,0.0,0.0,0.0,1.0
1544681594472039000,0.999970811406824,-3.0038937082894777e-05,0.007640381668434654,-0.010150008993189786,-1.974071226008071e-05,0.9999787758170883,0.006515176564162992,-0.005911770387627884,-0.007640415216555488,-0.006515137221900838,0.9999495872504284,-0.01937357503098154,0.0,0.0,0.0,1.0
1544681594567008000,0.9999770559047787,-0.0002336078848979837,0.006770014133566515,-0.006218384506496217,0.00019598318314343463,0.9999845367608163,0.005557682057144697,0.004977727462239421,-0.006771207765569003,-0.005556227732238517,0.999961638803601,-0.01140003227201981,0.0,0.0,0.0,1.0
1544681594572902000,0.9999696013277816,-9.818162173466256e-05,0.007796587761957128,-0.013101397512444704,4.687038222683186e-05,0.9999783428787923,0.006581153132690438,-0.006969619520706641,-0.007797065058598383,-0.006580587645325039,0.9999479494667276,-0.01988138764568754,0.0,0.0,0.0,1.0
1544681594667887000,0.9999751269515346,-7.934677001369594e-05,0.0070526011054355365,-0.006168709576985859,3.968144643675958e-05,0.9999841834211683,0.005624173973263784,-0.0038016649312264434,-0.007052935817452968,-0.005623754225498955,0.9999593139147034,-0.023248324069833504,0.0,0.0,0.0,1.0
1544681594673754000,0.999969310736295,-0.00012138944162520677,0.007833444337233934,-0.008496620847243291,7.082210617796062e-05,0.9999791620351192,0.0064552675987277815,-0.0032374288859436857,-0.007834064705525287,-0.0064545147102915475,0.9999484820079705,-0.020238010828924336,0.0,0.0,0.0,1.0
1544681594768720000,0.9999678766530107,0.0001554577148400265,0.008013831478901999,-0.008079443861416898,-0.0002099218945261357,0.999976885713124,0.006795879066064625,0.003814827864397756,-0.008012589773072317,-0.006797343038369742,0.9999447957426192,-0.007930265391355166,0.0,0.0,0.0,1.0
1544681594774629000,0.9999705413095717,-0.00016993447201172767,0.007673827944256314,-0.0046766955862409835,0.00012049968123710618,0.9999792428310994,0.00644200176730158,-0.0009093718733343021,-0.007674763375482569,-0.0064408873005446215,0.9999498052291992,-0.01988985947353156,0.0,0.0,0.0,1.0
1544681594869582000,0.9999785306195496,-0.0003961780285184575,0.006540744830444907,0.013051766438512857,0.00035890536694276775,0.9999836977252126,0.005698725361514254,-0.0075410458773590185,-0.0065428959112041815,-0.0056962555049879125,0.9999623708851839,-0.007898907946725762,0.0,0.0,0.0,1.0
1544681594875471000,0.9999721452674385,-0.00015472830607533963,0.007462221411160398,-0.0012149207915533918,0.00010657466817247994,0.9999791737854943,0.006452955688879408,0.00046330461904286053,-0.007463064456239511,-0.006451980659753704,0.999951336123159,-0.01893764183558856,0.0,0.0,0.0,1.0
1544681594970435000,0.9999755975908121,-0.00013892484289015645,0.006984620446736265,0.0011776230502446195,9.847058476740461e-05,0.9999832218695045,0.005791915316169804,0.009733015508352311,-0.006985307898788287,-0.005791086199822504,0.9999588335497541,-0.004258620134231632,0.0,0.0,0.0,1.0
1544681594976336000,0.9999733281936295,-0.00011612732787979628,0.007302699213464688,0.0018185542319265622,6.807108126554598e-05,0.9999783458365984,0.00658051853815728,0.0008701075629434217,-0.00730330525765653,-0.006579845921209389,0.9999516825126947,-0.01728309122469769,0.0,0.0,0.0,1.0
1544681595071284000,0.9999755259572867,-0.00015778688983753478,0.0069944685106573335,-0.0016974774877177288,0.00011667199732268152,0.9999827163125352,0.005878219445599833,0.011113215823325848,-0.006995275126413716,-0.005877259523194676,0.9999582611021327,-0.004778778713745267,0.0,0.0,0.0,1.0
1544681595077189000,0.9999729183658574,-0.00020697255799939244,0.0073566090849822505,0.004452706985530177,0.00015955115740224715,0.9999792109697347,0.006446097406647196,0.00019849147887429942,-0.007357790313482686,-0.00644474908030151,0.9999521629213056,-0.014941516347674712,0.0,0.0,0.0,1.0
1544681595139028760,0.9999716192854856,4.260186740930142e-05,0.007533844214328417,0.004999052058118425,-9.050517005677543e-05,0.9999797824248418,0.006358187664859326,-0.0004815175798594222,-0.007533421027598907,-0.006358689066802153,0.9999514061398046,-0.003402239499532027,0.0,0.0,0.0,1.0
1544681595172180000,0.9999716192854856,4.260186740930142e-05,0.007533844214328417,0.004999052058118425,-9.050517005677543e-05,0.9999797824248418,0.006358187664859326,-0.0004815175798594222,-0.007533421027598907,-0.006358689066802153,0.9999514061398046,-0.003402239499532027,0.0,0.0,0.0,1.0
1544681595178049000,0.9999733747772936,-0.0002806141610646045,0.007291844225015374,0.006618206083464523,0.00023238615305029692,0.9999781004489202,0.006613971518722447,-0.001625072102272893,-0.007293540510969305,-0.0066121008966296925,0.9999515410201365,-0.011929742333622746,0.0,0.0,0.0,1.0
1544681595273043000,0.9999651701714214,0.00020946600304716008,0.008343534505086937,-0.007875174453281801,-0.0002709964064261891,0.999972773695473,0.00737417308795273,0.0029188983670503594,-0.008341762702913152,-0.007376177314635905,0.9999380015797127,-0.004470147941313212,0.0,0.0,0.0,1.0
1544681595278918000,0.9999737544047483,-0.0003425185077953681,0.0072369318601259594,0.008276604224749105,0.00029422019534472785,0.9999776861526217,0.006673876784054553,-0.004509522678485421,-0.007239056302650222,-0.006671572372680108,0.9999515419188697,-0.008172182365359446,0.0,0.0,0.0,1.0
1544681595373884000,0.9999735082560239,-0.0003319368029418302,0.007271355038857787,0.00947611722580535,0.00028301291006584426,0.9999773246792293,0.006728300756405448,-0.00813160453182469,-0.007273423529192146,-0.0067260646246347245,0.9999509274783571,-0.0038868608806217277,0.0,0.0,0.0,1.0
1544681595379767000,0.9999775647455297,-4.0520133899342696e-05,0.006698385157464161,0.008880815422464067,-5.131879967494748e-06,0.9999767761163183,0.0068152183882766336,0.0031505853460433845,-0.006698505748508042,-0.006815099862426415,0.9999543411749364,-0.011838515084937927,0.0,0.0,0.0,1.0
1544681595474716000,0.9999721409862717,-0.00023734915810600993,0.007460624418082439,0.000590987091809696,0.00018683733221229318,0.9999770629656446,0.006770423503598382,-0.00458040540470911,-0.007462060247802436,-0.006768840963114118,0.9999492489366014,-0.0035801523155296836,0.0,0.0,0.0,1.0
1544681595480648000,0.9999764408119924,-5.341061599012415e-05,0.006864034403269438,0.009767727192086312,9.153222786992585e-06,0.9999792140157608,0.006447592779008768,-0.002865892357943768,-0.0068642360974604764,-0.006447378050922162,0.9999556558063305,-0.008224924744615609,0.0,0.0,0.0,1.0
1544681595575588000,0.9999734915035504,-0.0002130091102671101,0.0072781122084018554,-0.0029707727023480014,0.00016909836075796377,0.9999817849191814,0.0060333436496864176,0.000460726681304459,-0.007279264794162508,-0.006031952997973824,0.9999553129250771,-0.011887659956309103,0.0,0.0,0.0,1.0
1544681595581526000,0.9999748564924275,-0.00015515813075702288,0.00708959158948232,0.001877802107660908,0.00011172105032664453,0.9999812243406359,0.0061268658067224506,-0.002848485101437897,-0.0070904091107715445,-0.0061259196992068474,0.9999560986395759,-0.009363129885460607,0.0,0.0,0.0,1.0
1544681595676409000,0.9999732309959412,-0.00027777490694373355,0.007311643634634519,-0.0026969937681634673,0.0002350516678006232,0.9999828996290852,0.005843389437885053,0.004133844472141057,-0.0073131417497737,-0.005841514402138769,0.9999561963742398,-0.013759315252329509,0.0,0.0,0.0,1.0
1544681595682363000,0.999976238246708,7.255759173188409e-05,0.006893306707263947,-0.00210516102037242,-0.00011368188393020747,0.9999821990392294,0.005965624954558265,-0.002944730651181386,-0.006892751148401771,-0.005966266844942828,0.9999584459574015,-0.01152902396583324,0.0,0.0,0.0,1.0
1544681595777279000,0.999961261157636,0.00037167956139284235,0.008794204815264101,-0.0011029783754884653,-0.000434607269263266,0.9999743099367562,0.007154759467296304,0.008624531982909448,-0.008791319613725514,-0.007158304325537241,0.9999357336242334,0.007260799839839186,0.0,0.0,0.0,1.0
1544681595783243000,0.9999768864145875,-0.00015400631910424172,0.006797272882582862,0.0016985037336428755,0.00011039751961162142,0.9999794141130781,0.006415540698708472,-0.005383844636273581,-0.006798120988499978,-0.006414642010494208,0.999956318005394,-0.010372402326294997,0.0,0.0,0.0,1.0
1544681595878138000,0.999967700087397,-0.00010191900344891022,0.008036690515422612,-0.00658945839787932,4.867330206034066e-05,0.9999780516447698,0.00662524411948967,0.004268865751906115,-0.008037189361562561,-0.0066246389524185776,0.9999457574018288,-0.006628623993631066,0.0,0.0,0.0,1.0
1544681595884081000,0.9999758166639506,-0.00014414827691018998,0.006953079069100713,0.002597222759003181,9.998007744879128e-05,0.9999798192475724,0.006352251693609982,-0.002555459211173902,-0.006953854416869521,-0.006351402905588739,0.9999556508115143,-0.010056410666695792,0.0,0.0,0.0,1.0
1544681595979006000,0.9999725655216152,-0.0003902355139023123,0.007397021046499555,-0.005474409191810712,0.00034391941839467675,0.9999803362816982,0.00626169061640953,0.0009108880048020031,-0.007399319127617011,-0.006258974851017481,0.9999530365523472,-0.012345909519973264,0.0,0.0,0.0,1.0
1544681595984925000,0.9999761034426612,-0.00013191441367415058,0.006911956468483399,0.0034087073032719214,8.729529678513255e-05,0.9999791608024906,0.006455256794366162,-0.0006782144413988056,-0.006912663970272483,-0.006454499154660733,0.999955276258641,-0.009561893900942373,0.0,0.0,0.0,1.0
1544681596079860000,0.999965525958403,3.7416396254226326e-05,0.008303342384175015,-0.0006098724599368858,-9.339833305100982e-05,0.9999772693702637,0.006741811295616016,0.0037148137430884237,-0.008302901389690781,-0.00674235439647038,0.9999427996069099,-0.003159557999480195,0.0,0.0,0.0,1.0
1544681596085802000,0.99997487182732,-0.00011535125583534862,0.0070881879220403956,0.004197402163840819,6.953748113739431e-05,0.9999791102156614,0.00646330386394734,0.0006221732135128342,-0.00708878540154088,-0.006462648558197826,0.9999539905891389,-0.008893203059883474,0.0,0.0,0.0,1.0
1544681596138508696,0.9999740111670651,-0.00019060132297610765,0.007206986997688543,0.004590352764990084,0.0001430691898708245,0.9999782410295527,0.0065952254434792955,0.0010080239381273536,-0.007208087239766301,-0.006594022943475898,0.9999522800312852,-0.008500695996762649,0.0,0.0,0.0,1.0
1544681596180714000,0.99996991546569,-0.0002707733817951808,0.007752086513785938,0.013714589350463631,0.00021843058865520545,0.9999771801758496,0.006752141559366829,0.00303104239099937,-0.007753737912739257,-0.006750245131511895,0.9999471554732507,0.005290436766633843,0.0,0.0,0.0,1.0
1544681596186641000,0.9999735590908534,-0.00019665710704747387,0.007269280924280111,0.004970622124307577,0.00014797135423775317,0.9999775612442877,0.006697395942347073,0.0012093506244255589,-0.007270434901171993,-0.0066961432117667264,0.9999511500280576,-0.00808940626460941,0.0,0.0,0.0,1.0
1544681596281596000,0.9999634078545012,0.00017806520051107398,0.008552850098045907,0.004587593824278567,-0.00023854006437631667,0.9999749771820157,0.0070702269035910125,0.004072899924949554,-0.008551377120263378,-0.007072008386232411,0.9999384284278362,0.001205183446329268,0.0,0.0,0.0,1.0
1544681596287492000,0.9999723710249309,-0.00011301844577716951,0.007432658582720054,0.0058146757548330225,6.291487842511725e-05,0.9999772779603596,0.006740890498121562,0.001148177915674819,-0.007433251542524342,-0.00674023662941492,0.999949656723619,-0.0070545492038539825,0.0,0.0,0.0,1.0
1544681596382429000,0.9999735308317503,-0.0004931974674592535,0.0072590903110614675,0.011873693309333352,0.0004459505226575323,0.9999787178429632,0.006508839318773749,-0.0031415867723906883,-0.007262145965029624,-0.006505429840092444,0.9999524691797002,-0.005221842834043719,0.0,0.0,0.0,1.0
1544681596388345000,0.999970844681466,-0.00011602936147695245,0.007635202958945274,0.006715795399878763,6.532376865870327e-05,0.9999779465692104,0.0066409418034681315,0.0004262483371720936,-0.007635805120762294,-0.0066402494244627314,0.9999487994731215,-0.005770962088807499,0.0,0.0,0.0,1.0
1544681596483306000,0.9999653407981491,2.986412878948404e-05,0.008325641751644934,0.004298178667118989,-8.821908864933618e-05,0.9999754342709574,0.007008785344289172,0.0033343222111659036,-0.008325227914917365,-0.007009276905910923,0.9999407785551223,-0.002716546774623145,0.0,0.0,0.0,1.0
1544681596489229000,0.9999701148587371,-0.00014137091818623907,0.00772977384320604,0.007691081538561045,9.045213942931759e-05,0.9999782993493124,0.006587309683802739,-0.0009368876199448383,-0.007730537356102345,-0.006586413646540863,0.9999484276438774,-0.004159483789840217,0.0,0.0,0.0,1.0
1544681596584170000,0.9999696869961026,-0.00012513747954591471,0.00778520581174569,0.008679938820109775,7.373700527746406e-05,0.9999782021008756,0.006602263699548967,-0.0029135522603679002,-0.007785862301253371,-0.006601489507341662,0.9999478989849967,-0.0024082595007447064,0.0,0.0,0.0,1.0
1544681596590088000,0.9999685605566856,-0.00048077830216077124,0.007914970019640588,0.003936498082359118,0.00042468509505348917,0.999974795780066,0.007087132508268794,-0.008922141557013184,-0.00791817786852993,-0.007083548322972896,0.9999435613085365,-0.0010850151129834981,0.0,0.0,0.0,1.0
