1544681590129223000,0.9999927614146952,-0.0001489176610322695,0.003801965510430104,0.0009114976007832193,0.00014309986343048273,0.9999988186463082,0.0015304340615276183,0.0005894918505034713,-0.0038021889276249445,-0.0015298789226048134,0.9999916013796513,-0.000659733869477565,0.0,0.0,0.0,1.0
1544681590135154000,0.9999862954051232,0.00014206534023027126,0.005233432847946191,0.00091126516724153,-0.00016367526287070977,0.9999914622102031,0.0041290092161498405,0.0005896410386854881,-0.005232801576897552,-0.004129809213248395,0.9999777809849176,-0.0006595965339675713,0.0,0.0,0.0,1.0
1544681590139421659,0.9999804303127378,-6.50425208360593e-05,0.006255778210898814,-7.721757270799165e-07,3.7121490055099235e-05,0.9999900389559386,0.004463251158240171,-1.0157789848106826e-06,-0.006256006197922887,-0.004462931590002198,0.9999704718780824,-2.743366535900075e-06,0.0,0.0,0.0,1.0
1544681590230105000,0.9999782644306644,0.0005010038204596051,0.006574166213850499,-0.014381030367971526,-0.0005282322196655404,0.9999912879806385,0.004140644098034582,0.006571687415474025,-0.0065720344610748415,-0.004144026785189292,0.9999698172470245,-0.005748791210119942,0.0,0.0,0.0,1.0
1544681590240300000,0.9999838242395428,-0.00010782261628932267,0.005686794663069728,0.002350176929261173,8.505088664035458e-05,0.9999919787131659,0.004004407031517467,-0.0007959840405794994,-0.005687180813301406,-0.004003858590260304,0.9999758122528704,0.0003838723263626399,0.0,0.0,0.0,1.0
1544681590330953000,0.999986303999385,-9.992493881987236e-05,0.005232764915160491,0.003990269896829898,8.132915556376819e-05,0.9999936818808863,0.0035538125836152242,-0.0017374606603015505,-0.005233086968433438,-0.0035533383342440782,0.9999799940936167,-2.9665359557494592e-05,0.0,0.0,0.0,1.0
1544681590336870000,0.999986303999385,-9.992493881987236e-05,0.005232764915160491,0.003990269896829898,8.132915556376819e-05,0.9999936818808863,0.0035538125836152242,-0.0017374606603015505,-0.005233086968433438,-0.0035533383342440782,0.9999799940936167,-2.9665359557494592e-05,0.0,0.0,0.0,1.0
1544681590431813000,0.9999904533431783,-2.8721699587219388e-05,0.004369484817196376,0.008854550413448748,1.8129762222667994e-05,0.9999970617242872,0.0024240903662616814,-0.0034882582123987997,-0.004369541602440534,-0.002423988006582081,0.9999875156162338,-0.0015788428621910007,0.0,0.0,0.0,1.0
1544681590437711000,0.9999899325152795,-0.00010187785470397726,0.004486032656069871,0.004847868616431247,8.857063596741992e-05,0.99999559610871,0.00296646564600327,-0.0028385954636676787,-0.00448631511722579,-0.0029660384503903897,0.9999855376917111,-0.00134217604331821,0.0,0.0,0.0,1.0
1544681590532699000,0.9999924529420566,-0.00016214953130545037,0.003881722099263505,0.004875723514518733,0.00015339317010814636,0.9999974434992915,0.0022559843556842606,-0.0042157581584791205,-0.0038820779824441276,-0.002255371899981321,0.9999899213332758,-0.0034425104527251713,0.0,0.0,0.0,1.0
1544681590538576000,0.9999925605622084,-0.00014095954729031462,0.0038547309429680155,0.004857430659400154,0.00013239247492819486,0.999997521152219,0.0022226474421168717,-0.004301502016740016,-0.0038550346910539916,-0.002222120569499778,0.9999901003948501,-0.0035775710603197955,0.0,0.0,0.0,1.0
1544681590633558000,0.9999921335372006,7.246129802545955e-05,0.003965805476067813,-0.008771535603737737,-8.026610960546428e-05,0.9999980604555798,0.001967903054913065,-0.0038709098790921034,-0.003965655187402157,-0.0019682058942539073,0.9999901998242218,-0.005039200769672568,0.0,0.0,0.0,1.0
1544681590639434000,0.999994128178173,-2.5208303022843288e-05,0.003426802257306853,0.004033575391943721,1.9790825467116423e-05,0.9999987501207384,0.0015809381019986793,-0.006117326518846293,-0.0034268378269844877,-0.0015808609997664345,0.9999928788051438,-0.006673820967740485,0.0,0.0,0.0,1.0
1544681590734417000,0.9999947068624518,3.814190710194095e-05,0.003253427772875191,-0.009936692190288048,-4.234292622329075e-05,0.9999991655041186,0.001291200271511024,-0.013112783767672019,-0.0032533758090623156,-0.0012913311966625486,0.9999938739860289,-0.014836041224488726,0.0,0.0,0.0,1.0
1544681590740288000,0.9999947115891341,-5.2590641111030817e-05,0.0032517730527931057,0.0021768647042148988,4.854673766301973e-05,0.9999992254687994,0.0012436659583419307,-0.00843816660965925,-0.0032518359393834957,-0.001243501518352045,0.999993939615136,-0.010731908688074892,0.0,0.0,0.0,1.0
1544681590835250000,0.9999957375951665,-3.154356909503746e-05,0.002919554160716635,-0.0004972830036056588,2.9111976696286595e-05,0.9999996527124515,0.0008329030383516419,-0.011112413773144068,-0.0029195794195263735,-0.0008328144941890305,0.9999953912273959,-0.015439848560908728,0.0,0.0,0.0,1.0
1544681590841145000,0.999994603386593,-6.288917590711074e-05,0.003284698256447685,0.0036608123793973315,5.8835996185893116e-05,0.9999992368414322,0.001234040062577617,-0.013026603172635836,-0.003284773357464656,-0.0012338401444463901,0.9999938439322952,-0.008634451153923807,0.0,0.0,0.0,1.0
1544681590936132000,0.9999966824001714,-0.0004753688235789666,0.0025316423789026148,0.0023076954159369843,0.00047301257909045514,0.999999454529917,0.0009312351835873556,-0.00026732281411344085,-0.002532083678141116,-0.0009300345954307011,0.9999963617873304,-0.006489378879592365,0.0,0.0,0.0,1.0
1544681590942028000,0.999994513936197,-4.017391956956164e-05,0.003312172031383744,0.009182258611289955,3.590213688280064e-05,0.9999991675994765,0.001289771837605384,-0.008427209360439907,-0.0033122210895200903,-0.0012896458477811511,0.9999936829825702,-0.011693108130457,0.0,0.0,0.0,1.0
1544681591036973000,0.999993987132829,3.6700865680931295e-05,0.00346761463154679,-0.021480319877181343,-4.12016363142287e-05,0.9999991569023032,0.001297881775789268,-0.002763281609311568,-0.0034675640746241456,-0.0012980168431954737,0.9999931455523392,-0.018745081355350374,0.0,0.0,0.0,1.0
1544681591042874000,0.9999945689614954,-0.00015857937459633532,0.003291944727700584,0.008442778308838123,0.00015436341217350407,0.9999991677266816,0.0012809051013535377,-0.005538696966326931,-0.003292145113032719,-0.0012803899888877745,0.9999937611715555,-0.012664789600952249,0.0,0.0,0.0,1.0
1544681591137844000,0.999996006968275,-0.0002753804783817707,0.002812510105573009,0.00020475481417495323,0.00027465365624122957,0.9999999287919726,0.0002588076859019093,0.0025865398599883354,-0.002812581175884058,-0.00025803418629089886,0.9999960113947883,-0.011192738700195277,0.0,0.0,0.0,1.0
1544681591138938697,0.999996006968275,-0.0002753804783817707,0.002812510105573009,0.00020475481417495323,0.00027465365624122957,0.9999999287919726,0.0002588076859019093,0.0025865398599883354,-0.002812581175884058,-0.00025803418629089886,0.9999960113947883,-0.011192738700195277,0.0,0.0,0.0,1.0
1544681591143744000,0.9999936203730848,-0.00023312258778063067,0.003564388725854276,0.004772429948347755,0.0002292561563560262,0.9999993849897449,0.001085109093885416,-0.00629060871555744,-0.0035646394971586602,-0.001084285013235197,0.9999930588115421,-0.012734827226820487,0.0,0.0,0.0,1.0
1544681591238668000,0.9999926461512851,-0.00018899711949281697,0.003830394684169333,0.0022049760804532964,0.00018555066671493102,0.9999995776955627,0.0009000997963290303,-0.006786136704946351,-0.0038305631828454345,-0.0008993824448438725,0.9999922589184976,-0.012791582316715176,0.0,0.0,0.0,1.0
1544681591244578000,0.9999926461512851,-0.00018899711949281697,0.003830394684169333,0.0022049760804532964,0.00018555066671493102,0.9999995776955627,0.0009000997963290303,-0.006786136704946351,-0.0038305631828454345,-0.0008993824448438725,0.9999922589184976,-0.012791582316715176,0.0,0.0,0.0,1.0
1544681591339516000,0.9999913187841768,-0.00012555174530556255,0.004164924133362278,0.0002684845582978768,0.00012305365226462602,0.9999998124024781,0.0006000440015254256,-0.006953683571586842,-0.004164998688604488,-0.0005995262832879333,0.9999911466378886,-0.012894553578018208,0.0,0.0,0.0,1.0
1544681591345466000,0.9999913187841768,-0.00012555174530556255,0.004164924133362278,0.0002684845582978768,0.00012305365226462602,0.9999998124024781,0.0006000440015254256,-0.006953683571586842,-0.004164998688604488,-0.0005995262832879333,0.9999911466378886,-0.012894553578018208,0.0,0.0,0.0,1.0
1544681591440400000,0.9999893429219524,-0.0004223688301009169,0.004597352182597537,0.00991131569354064,0.0004194323933449988,0.999999707450052,0.0006396688787124821,-0.009125504540800501,-0.00459762101383835,-0.0006377337832823325,0.9999892275302948,-0.01093615923277732,0.0,0.0,0.0,1.0
1544681591446320000,0.9999887111252045,-0.00023346076368514795,0.0047458527390555815,-0.0009275126439144648,0.00023199942418181412,0.9999999255120444,0.00030846745701155993,-0.006878449324182434,-0.004745924400594796,-0.00030736293965835144,0.9999886908008548,-0.012993970981734831,0.0,0.0,0.0,1.0
1544681591541261000,0.9999864447122786,-0.00011332551267060003,0.005205530618752993,-0.004691383824886413,0.00011305395462625422,0.999999992233302,5.246144208288161e-05,-0.0052128881519168824,-0.005205536523543013,-5.187222513055923e-05,0.9999864497575817,-0.01577762103467978,0.0,0.0,0.0,1.0
1544681591547216000,0.9999869412892208,-0.00016835757339845022,0.005107730097986554,-0.0012859014661481493,0.00016844521603656914,0.9999999856731815,-1.6728638974583944e-05,-0.006661161983161122,-0.005107727208415973,1.7588793219929158e-05,0.9999869553216185,-0.013057097517790483,0.0,0.0,0.0,1.0
1544681591642116000,0.9999844878720581,-0.00021000952961441243,0.0055659600476896205,-0.0008564622572000274,0.00021180717587595223,0.9999999256031445,-0.0003223839715345273,-0.006305591102231845,-0.005565891929893471,0.00032355788095184417,0.9999844579578816,-0.013282375485281562,0.0,0.0,0.0,1.0
1544681591648038000,0.9999844878720581,-0.00021000952961441243,0.0055659600476896205,-0.0008564622572000274,0.00021180717587595223,0.9999999256031445,-0.0003223839715345273,-0.006305591102231845,-0.005565891929893471,0.00032355788095184417,0.9999844579578816,-0.013282375485281562,0.0,0.0,0.0,1.0
1544681591742967000,0.9999833234754566,-0.00020317982987720447,0.00577161060143357,0.0005677962121326168,0.00020670413255483066,0.9999997925639297,-0.0006100372947956248,-0.005715350351390899,-0.0057714854569195706,0.0006112201372565102,0.9999831580409583,-0.013526203132762201,0.0,0.0,0.0,1.0
1544681591748896000,0.9999833234754566,-0.00020317982987720447,0.00577161060143357,0.0005677962121326168,0.00020670413255483066,0.9999997925639297,-0.0006100372947956248,-0.005715350351390899,-0.0057714854569195706,0.0006112201372565102,0.9999831580409583,-0.013526203132762201,0.0,0.0,0.0,1.0
1544681591843837000,0.9999820943783393,-0.00018820853023036687,0.005981262430416165,0.0028766317975623093,0.00019302691585794014,0.9999996573473036,-0.0008050129729008673,-0.005042424592369609,-0.0059811088706120145,0.0008061531032830111,0.9999817880610885,-0.013694150505997761,0.0,0.0,0.0,1.0
1544681591849755000,0.9999847704304483,-0.00043388684500614484,0.005501876894926396,0.006443252657772613,0.0004357216565022125,0.9999998498636509,-0.0003322940189147446,-0.01069439916599574,-0.005501731890891188,0.0003346862451343975,0.9999848093502803,-0.010375848795026687,0.0,0.0,0.0,1.0
1544681591944693000,0.9999836626091106,-0.0003304412830142487,0.005706603492869225,0.003249763784924372,0.00033412022282457447,0.9999997369813068,-0.0006437398488400206,-0.007926816833048241,-0.005706389273704268,0.000645636023441083,0.9999835100018322,-0.012965783190790323,0.0,0.0,0.0,1.0
1544681591950603000,0.9999836626091106,-0.0003304412830142487,0.005706603492869225,0.003249763784924372,0.00033412022282457447,0.9999997369813068,-0.0006437398488400206,-0.007926816833048241,-0.005706389273704268,0.000645636023441083,0.9999835100018322,-0.012965783190790323,0.0,0.0,0.0,1.0
1544681592045521000,0.9999834730974257,-0.00020493378583311464,0.005745566477797935,0.001710310323154742,0.00020938528960846685,0.9999996784006321,-0.0007741811375508639,-0.004491359000998657,-0.005745405974155946,0.0007753713798355447,0.9999831944134945,-0.011953483298378302,0.0,0.0,0.0,1.0
1544681592051462000,0.9999834730974257,-0.00020493378583311464,0.005745566477797935,0.001710310323154742,0.00020938528960846685,0.9999996784006321,-0.0007741811375508639,-0.004491359000998657,-0.005745405974155946,0.0007753713798355447,0.9999831944134945,-0.011953483298378302,0.0,0.0,0.0,1.0
1544681592138451488,0.9999806109930709,-6.954582048904552e-05,0.006226780974077893,0.0017467911195343058,7.208261537096636e-05,0.9999999145054099,-0.000407177196043684,-0.0009638306930501832,-0.006226752124249634,0.00040761814394015146,0.9999805305131876,-0.008101859866795392,0.0,0.0,0.0,1.0
1544681592146415000,0.9999804939848398,-6.694487510133986e-05,0.006245571888549228,0.0017684936424020394,6.941926357426752e-05,0.999999919195585,-0.00039596690796499766,-0.0008392177666647512,-0.006245544875924228,0.0003963927472295993,0.9999804178292654,-0.007925218833279174,0.0,0.0,0.0,1.0
1544681592152302000,0.9999829957618274,-0.00036065419167345106,0.0058204910229650705,0.0011158079146867121,0.00036515553438513704,0.9999996350937504,-0.0007723171648671182,-0.00932526950608058,-0.005820210359608705,0.000774429416711978,0.9999827625566591,-0.006000879607039421,0.0,0.0,0.0,1.0
1544681592247293000,0.9999805183385992,4.2476285394742464e-05,0.006241885855066701,-0.006793813910657557,-3.973852109978813e-05,0.9999999029661805,-0.0004387350889361508,-0.0010084468000271308,-0.0062419038852295295,0.00043847849833494656,0.999980422994619,-0.008451498320475426,0.0,0.0,0.0,1.0
1544681592253173000,0.9999824723837358,-0.00021429505363701828,0.005916840621352706,0.005227898765422413,0.00022211000041014598,0.9999991039064681,-0.0013201717339664013,-0.0005448589945088308,-0.005916552413037558,0.0013214627839756793,0.9999816239029857,-0.007672976876106906,0.0,0.0,0.0,1.0
1544681592348127000,0.9999838097666309,-0.00023274042692973535,0.005685599045622015,0.00350573306756314,0.0002384705578245771,0.9999994643647573,-0.0010071752543399164,-0.004101559621029437,-0.005685361589816084,0.0010085147959134923,0.9999833296417995,-0.010874013012307837,0.0,0.0,0.0,1.0
1544681592354030000,0.9999838157039722,-0.000233281528176841,0.005684532509444421,0.0034986711886954933,0.00023900155967768416,0.9999994658370754,-0.0010055863045393624,-0.0041151528356324525,-0.005684294888268081,0.0010069286419687306,0.9999833373043437,-0.010886797537768986,0.0,0.0,0.0,1.0
1544681592448983000,0.999984841162895,-0.00023573505343722867,0.005501079294492604,0.0022379972117111267,0.00023909113320579964,0.9999997857170941,-0.0006094269432536073,-0.00621173430879286,-0.005500934452412307,0.0006107329643322236,0.9999846832453965,-0.013099344470938922,0.0,0.0,0.0,1.0
1544681592454900000,0.999984841162895,-0.00023573505343722867,0.005501079294492604,0.0022379972117111267,0.00023909113320579964,0.9999997857170941,-0.0006094269432536073,-0.00621173430879286,-0.005500934452412307,0.0006107329643322236,0.9999846832453965,-0.013099344470938922,0.0,0.0,0.0,1.0
1544681592549844000,0.9999857807574036,-0.00011004485663991037,0.005331620122593694,0.001286923671462937,0.00011177372549811574,0.9999999412749748,-0.0003239701897690415,-0.0068955454779934516,-0.00533158415824107,0.0003245615182023698,0.9999857343333363,-0.014496916125895435,0.0,0.0,0.0,1.0
1544681592555765000,0.9999857786451268,-0.00011519460814655756,0.00533190751052337,0.0012660900520564589,0.0001168636316654757,0.9999999442760795,-0.00031271509784509447,-0.006897164835727784,-0.005331871190315402,0.00031333375668809614,0.9999857363840593,-0.014522955256774429,0.0,0.0,0.0,1.0
1544681592650702000,0.9999874561414982,-0.00017627566089843902,0.005005645467132046,0.0005977600020525046,0.00017541746138996048,0.9999999698421559,0.00017188484678471976,-0.0063564580360205005,-0.005005675615287551,-0.0001710046130650581,0.9999874569058654,-0.015204775190833056,0.0,0.0,0.0,1.0
1544681592656637000,0.9999875276249425,-0.00017351810738025448,0.004991441276550639,0.0005799964377374867,0.00017261648778566736,0.9999999687098042,0.00018106335478077106,-0.006316041111706589,-0.004991472538138112,-0.00018019949142855662,0.9999875262872261,-0.015214037528329236,0.0,0.0,0.0,1.0
1544681592751548000,0.999988731840765,-0.0002466151364340813,0.004740819810034576,0.0002102744039061378,0.00024442446157480337,0.9999998631004514,0.0004626616069371668,-0.0045396933466628365,-0.004740933260373786,-0.0004614976212630212,0.9999886552215297,-0.015119476373167766,0.0,0.0,0.0,1.0
1544681592757500000,0.9999887796174348,-0.00024350925397487302,0.004730892355230312,0.00019795475019709986,0.0002413056069403549,0.999999862137795,0.0004663646600549453,-0.004431681668791531,-0.004731005267129497,-0.0004652178364139013,0.9999887005169249,-0.015099345995675369,0.0,0.0,0.0,1.0
1544681592852413000,0.9999897124276537,-0.00022519121007186587,0.004530378325774543,-7.604165903711031e-07,0.0002210158887602489,0.9999995504351811,0.0009221070493644839,-0.0009387906701830078,-0.0045305839394780955,-0.0009210962775294175,0.999989312638297,-0.014193197602573414,0.0,0.0,0.0,1.0
1544681592858337000,0.9999897124276537,-0.00022519121007186587,0.004530378325774543,-7.604165903711031e-07,0.0002210158887602489,0.9999995504351811,0.0009221070493644839,-0.0009387906701830078,-0.0045305839394780955,-0.0009210962775294175,0.999989312638297,-0.014193197602573414,0.0,0.0,0.0,1.0
1544681592953252000,0.9999915027882427,-0.00020705797833497664,0.004117217300818881,4.8378256446033656e-05,0.00020218901418905683,0.9999992798538282,0.0011829672132621855,0.004249592447998498,-0.004117459278620227,-0.001182124705232027,0.9999908245130423,-0.01243730183088245,0.0,0.0,0.0,1.0
1544681592959195000,0.9999915027882427,-0.00020705797833497664,0.004117217300818881,4.8378256446033656e-05,0.00020218901418905683,0.9999992798538282,0.0011829672132621855,0.004249592447998498,-0.004117459278620227,-0.001182124705232027,0.9999908245130423,-0.01243730183088245,0.0,0.0,0.0,1.0
1544681593054153000,0.9999912694654006,-0.00012673186994818545,0.004176713062510285,0.0003185430264528099,0.00012019459425400867,0.9999987675589379,0.0015653861708448513,0.010716388162806425,-0.004176906299274232,-0.0015648704858548636,0.9999900522675845,-0.010012603527171262,0.0,0.0,0.0,1.0
1544681593060061000,0.9999911544066905,-0.000224403037765016,0.0042000894816053265,-0.007689381703752847,0.0002188839765178171,0.9999991121580638,0.001314447750591387,-0.002427999423186605,-0.004200380718657952,-0.0013135167912336925,0.9999903156908366,-0.017710957308159917,0.0,0.0,0.0,1.0
1544681593139077744,0.9999928069160371,-0.0006630554382709419,0.0037344977796425205,0.0026388417855473497,0.0006569412082067575,0.9999984423332806,0.0016382183198430276,-0.0006138995248543604,-0.003735578192105663,-0.001635753190517708,0.9999916848489637,-0.017699168830419398,0.0,0.0,0.0,1.0
1544681593154968000,0.9999928069160371,-0.0006630554382709419,0.0037344977796425205,0.0026388417855473497,0.0006569412082067575,0.9999984423332806,0.0016382183198430276,-0.0006138995248543604,-0.003735578192105663,-0.001635753190517708,0.9999916848489637,-0.017699168830419398,0.0,0.0,0.0,1.0
1544681593160923000,0.9999909771703551,-0.00024627026238618584,0.004240864161274243,-0.010734306634638879,0.00024056824895972548,0.9999990665531073,0.0013449980795499053,-0.005035167795148298,-0.004241191435682702,-0.001343965726596012,0.9999901029766914,-0.01886165631501404,0.0,0.0,0.0,1.0
1544681593255845000,0.9999842470587105,0.00016278409549094612,0.005610627038226277,0.0009911054056023696,-0.00017909262682978773,0.9999957605424282,0.002906341859535482,-0.0032306302494000093,-0.0056101301459801885,-0.002907300898037249,0.9999800368213528,-0.008330047266999534,0.0,0.0,0.0,1.0
1544681593261783000,0.9999910160489157,-0.00022192050145240474,0.004233033515393283,-0.006603595532485926,0.00021683216851462077,0.9999992535190446,0.0012024746011122308,-0.0016057663810932104,-0.004233297209280841,-0.0012015459403026945,0.9999903176941721,-0.01673233213502941,0.0,0.0,0.0,1.0
1544681593356709000,0.9999907919811275,-0.0002575640527949311,0.004283644910081816,0.0040223446865294546,0.00025252109835648194,0.9999992745605008,0.0011777570074571367,0.007320834254638423,-0.004283945150424636,-0.001176664451930726,0.9999901315886658,-0.011650278085338518,0.0,0.0,0.0,1.0
1544681593362618000,0.9999925852582316,-0.0001231161853460255,0.003848931145400624,-0.009771752360408262,0.00011648795155802285,0.9999985101002821,0.001722274011889507,-0.009127113385686557,-0.003849137450685647,-0.0017218128875676451,0.9999911097111135,-0.017755308921564447,0.0,0.0,0.0,1.0
1544681593457567000,0.9999894572983294,-0.0005024253687548031,0.00456430289713009,0.00852587425405707,0.0004947427867123523,0.9999984594133565,0.001684161658736261,-0.010335547956941247,-0.004565142030968427,-0.0016818857471876138,0.9999881652992559,-0.017003303947920878,0.0,0.0,0.0,1.0
1544681593463461000,0.9999913152087225,-0.00013088217601599515,0.004165618438953116,-0.009086932245057194,0.00012490624284977134,0.999998962854949,0.0014348126921911075,-0.0011083303724524686,-0.004165801910009874,-0.0014342799193940094,0.9999902944206792,-0.021567499168971077,0.0,0.0,0.0,1.0
1544681593558427000,0.9999907296923356,-0.0004270494738452273,0.004284642124727798,-0.003611916583332794,0.0004225785524740749,0.9999993654039582,0.0010443270803364671,-0.0001962473923974007,-0.004285085385041023,-0.0010425068012361951,0.9999902755641243,-0.012837314149641583,0.0,0.0,0.0,1.0
1544681593564341000,0.9999900408112634,-0.00011803717156718472,0.004461428640007845,-0.009051281045126704,0.00011215706189890285,0.9999991248642652,0.001318215270846295,0.0011309690951119692,-0.004461580334054273,-0.0013177017617634873,0.9999891789229468,-0.019052904104338058,0.0,0.0,0.0,1.0
1544681593659252000,0.9999877878971256,-0.00019563446339210993,0.004938196408566045,-0.008660770126132956,0.0001895720454972149,0.9999992279203673,0.0012280965399196174,0.002250439756583043,-0.004938432853892743,-0.0012271453982840984,0.9999870529137461,-0.01735472225298529,0.0,0.0,0.0,1.0
1544681593665182000,0.9999877878971256,-0.00019563446339210993,0.004938196408566045,-0.008660770126132956,0.0001895720454972149,0.9999992279203673,0.0012280965399196174,0.002250439756583043,-0.004938432853892743,-0.0012271453982840984,0.9999870529137461,-0.01735472225298529,0.0,0.0,0.0,1.0
1544681593760117000,0.9999850940957514,-0.00018412691242591497,0.0054568932178234815,-0.007941016426562062,0.00017831572327079806,0.999999416569707,0.001065393705704428,0.0025407123091597387,-0.005457086201760227,-0.0010644047751869226,0.9999845435068785,-0.016282212246362025,0.0,0.0,0.0,1.0
1544681593766045000,0.999985047384918,-0.00019181776233211627,0.005465181838256358,-0.007914052047399237,0.00018601860916441746,0.9999994192037737,0.0010615974723275038,0.002537116838288826,-0.0054653822973510235,-0.0010605649731447553,0.9999845022790529,-0.016259995076666093,0.0,0.0,0.0,1.0
1544681593861005000,0.999983477831924,-0.00037359368342434324,0.005736243625363475,-0.006738770204532568,0.0003678290839420962,0.9999994263675422,0.0010059653821511679,0.0019568314446923004,-0.0057366161571804665,-0.0010038388041840676,0.999983041627569,-0.01568507999475729,0.0,0.0,0.0,1.0
1544681593866914000,0.9999832633654964,-0.00036620101691064343,0.005773983521143837,-0.006683813778371542,0.0003604379887839362,0.9999994359300449,0.0009991116291620911,0.00191766702433205,-0.005774346139907816,-0.0009970137443882983,0.9999828312977436,-0.015675562059704093,0.0,0.0,0.0,1.0
1544681593961839000,0.9999782782070159,-0.00017498462811863107,0.006588815865606935,-0.005025447750667586,0.00016917326559006765,0.9999995962419106,0.0008825510899581528,0.00044836783122763053,-0.006588967638193468,-0.0008814172678697332,0.9999779040604159,-0.01562549544826739,0.0,0.0,0.0,1.0
1544681593967772000,0.999978191585869,-0.0001767342671536453,0.006601902578485557,-0.004934423643487842,0.00017103878830933994,0.9999996127662226,0.0008632572843614918,0.0003575410548605335,-0.006602052589149393,-0.0008621092766715886,0.999977834588951,-0.01563892490686546,0.0,0.0,0.0,1.0
1544681594062697000,0.9999765497729171,-0.000283561224365686,0.006842477423139488,-0.0025665229074814276,0.000278665956081306,0.9999997045823605,0.0007163661627498305,-0.0022268960209417448,-0.0068426785354171425,-0.0007144425982875667,0.999976333381063,-0.016218336500721672,0.0,0.0,0.0,1.0
1544681594068609000,0.9999765497729171,-0.000283561224365686,0.006842477423139488,-0.0025665229074814276,0.000278665956081306,0.9999997045823605,0.0007163661627498305,-0.0022268960209417448,-0.0068426785354171425,-0.0007144425982875667,0.999976333381063,-0.016218336500721672,0.0,0.0,0.0,1.0
1544681594138779676,0.9999750230361096,-0.0003034123223256506,0.007061249527534466,-0.0005436312239690231,0.00029969691485350747,0.9999998161100085,0.0005272207393518024,-0.004613452633789454,-0.0070614081943102475,-0.0005250913362800379,0.9999749300824498,-0.01699405711056219,0.0,0.0,0.0,1.0
1544681594163543000,0.9999733252049895,-0.0003145139581534087,0.0072972569808421265,0.006072188778036912,0.0003103167167671052,0.9999997857875481,0.0005763058172843431,0.005055208093585955,-0.007297436673902494,-0.0005740259836171126,0.9999732085971909,-0.014155139770208597,0.0,0.0,0.0,1.0
1544681594169492000,0.9999742596053354,-0.00030116085624575043,0.007168642054036095,0.00035097365747246403,0.00029787810939274016,0.999999850296202,0.00045899477800147,-0.005691765924114889,-0.0071687792121234795,-0.00045684758175277933,0.9999741996146173,-0.01739002953251108,0.0,0.0,0.0,1.0
1544681594264431000,0.9999742028702275,-0.0004071418400816294,0.007171319932402619,0.0038416991992324947,0.00040575462702105555,0.999999898689971,0.00019489286922576217,-0.010090895214682741,-0.0071713985549173714,-0.00019197804530472374,0.999974266762498,-0.0191999101245267,0.0,0.0,0.0,1.0
1544681594270349000,0.9999681528270736,-0.00020466146567871916,0.007978185589138277,0.004187172901122767,0.00019634908814575934,0.9999994371559697,0.0010426575580217497,0.002455248594265059,-0.007978394490488152,-0.0010410578428607352,0.9999676301860584,-0.010638648142785888,0.0,0.0,0.0,1.0
1544681594365265000,0.9999709784167407,-0.00017703445695265482,0.007616494145527654,0.003216237209688236,0.00016867518227670216,0.999999382806348,0.0010981509960378522,0.0021088914203541333,-0.007616683855241035,-0.0010968344124189977,0.9999703911023189,-0.009396621875475412,0.0,0.0,0.0,1.0
1544681594371207000,0.9999709784167407,-0.00017703445695265482,0.007616494145527654,0.003216237209688236,0.00016867518227670216,0.999999382806348,0.0010981509960378522,0.0021088914203541333,-0.007616683855241035,-0.0010968344124189977,0.9999703911023189,-0.009396621875475412,0.0,0.0,0.0,1.0
1544681594466120000,0.9999759651189208,-0.00019180962333875277,0.006930540639210693,0.002681084787219712,0.0001850150238051909,0.9999995016913016,0.0009810130437367458,0.00183752244944166,-0.00693072535340439,-0.0009797072110635675,0.9999755023098608,-0.00819166905955671,0.0,0.0,0.0,1.0
1544681594472039000,0.9999759651189208,-0.00019180962333875277,0.006930540639210693,0.002681084787219712,0.0001850150238051909,0.9999995016913016,0.0009810130437367458,0.00183752244944166,-0.00693072535340439,-0.0009797072110635675,0.9999755023098608,-0.00819166905955671,0.0,0.0,0.0,1.0
1544681594567008000,0.9999807101491012,-0.00032686612028764897,0.006202619465659054,0.0025060819576651922,0.00032204359766552703,0.9999996451278942,0.0007784805800404124,0.0015935810902593579,-0.00620287172344931,-0.0007764680493784276,0.9999804605489806,-0.007119770860013343,0.0,0.0,0.0,1.0
1544681594572902000,0.9999807101491012,-0.00032686612028764897,0.006202619465659054,0.0025060819576651922,0.00032204359766552703,0.9999996451278942,0.0007784805800404124,0.0015935810902593579,-0.00620287172344931,-0.0007764680493784276,0.9999804605489806,-0.007119770860013343,0.0,0.0,0.0,1.0
1544681594667887000,0.9999849022883678,-0.00028506220305665037,0.005487616501005024,0.00271127309324665,0.00028190762317025734,0.9999997945952852,0.000575619213307016,0.0012528285660107104,-0.005487779461103779,-0.0005740635218494668,0.9999847772479658,-0.006086732668060239,0.0,0.0,0.0,1.0
1544681594673754000,0.9999849022883678,-0.00028506220305665037,0.005487616501005024,0.00271127309324665,0.00028190762317025734,0.9999997945952852,0.000575619213307016,0.0012528285660107104,-0.005487779461103779,-0.0005740635218494668,0.9999847772479658,-0.006086732668060239,0.0,0.0,0.0,1.0
1544681594768720000,0.999989390151687,-0.0002560786057005831,0.004599348628386829,0.0031664400927779502,0.0002527739654719636,0.9999997095227068,0.0007190687212919294,0.0009076226867136722,-0.004599531430496016,-0.0007178984964904922,0.9999891644074781,-0.0052599177794086524,0.0,0.0,0.0,1.0
1544681594774629000,0.999989390151687,-0.0002560786057005831,0.004599348628386829,0.0031664400927779502,0.0002527739654719636,0.9999997095227068,0.0007190687212919294,0.0009076226867136722,-0.004599531430496016,-0.0007178984964904922,0.9999891644074781,-0.0052599177794086524,0.0,0.0,0.0,1.0
1544681594869582000,0.9999949178112554,-0.0003366525728562929,0.0031703338476161244,0.00372610217901391,0.00033495215778552934,0.9999997997900208,0.0005368677374090311,0.0005939947662572148,-0.0031705139507887245,-0.000535803098782715,0.9999948303648009,-0.004642143494383499,0.0,0.0,0.0,1.0
1544681594875471000,0.9999949800502212,-0.00034022086812365274,0.0031502577852727744,0.003739200057919428,0.00033851706550524536,0.9999997961661968,0.000541362874013567,0.0005873621120399065,-0.003150441326090711,-0.0005402937403780737,0.9999948913880133,-0.004629655795743455,0.0,0.0,0.0,1.0
1544681594970435000,0.9999967228256342,-0.0002390142282716784,0.0025489625707645733,-0.005048299368950666,0.00023772210900072893,0.9999998431127934,0.0005072105978595649,0.01514520493896323,-0.0025490834014145584,-0.0005066029908839239,0.9999966227579097,-0.002045865183370659,0.0,0.0,0.0,1.0
1544681594976336000,0.999997719284528,-0.00025665597743287916,0.0021202720228631626,0.0042890670618713515,0.00025515252743900217,0.9999997158785631,0.0007093236087021712,0.00028448621602524796,-0.0021204534725925124,-0.0007087809981713562,0.9999975006501607,-0.004058093713876546,0.0,0.0,0.0,1.0
1544681595071284000,0.9999987863629266,-0.00040855856700048286,0.0015034468960075618,-0.00480830918769671,0.00040785982946373646,0.999999808696712,0.00046503429803664416,0.013823401841750195,-0.0015036366021396281,-0.00046442053805917615,0.9999987616944993,-0.003665411257863373,0.0,0.0,0.0,1.0
1544681595077189000,0.9999988179853371,-0.00030155128922573966,0.0015076785959111272,0.004750162746762357,0.00030062616161183927,0.9999997664369503,0.0006137996053383405,-6.667236508320816e-05,-0.0015078633358354089,-0.0006133456321889792,0.9999986750767709,-0.0036323494258342567,0.0,0.0,0.0,1.0
1544681595139028760,0.9999994635356138,-0.00033271869311669503,0.0009809315758489443,0.004998478182282256,0.0003319041942613257,0.9999996001560194,0.0008303778720078184,-0.00048122245593100834,-0.0009812074658697122,-0.0008300518512353596,0.9999991741225754,-0.0034097079842039875,0.0,0.0,0.0,1.0
1544681595172180000,0.9999994635356138,-0.00033271869311669503,0.0009809315758489443,0.004998478182282256,0.0003319041942613257,0.9999996001560194,0.0008303778720078184,-0.00048122245593100834,-0.0009812074658697122,-0.0008300518512353596,0.9999991741225754,-0.0034097079842039875,0.0,0.0,0.0,1.0
1544681595178049000,0.9999994635356138,-0.00033271869311669503,0.0009809315758489443,0.004998478182282256,0.0003319041942613257,0.9999996001560194,0.0008303778720078184,-0.00048122245593100834,-0.0009812074658697122,-0.0008300518512353596,0.9999991741225754,-0.0034097079842039875,0.0,0.0,0.0,1.0
1544681595173472255,0.9999994635356138,-0.00033271869311669503,0.0009809315758489443,0.004998478182282256,0.0003319041942613257,0.9999996001560194,0.0008303778720078184,-0.00048122245593100834,-0.0009812074658697122,-0.0008300518512353596,0.9999991741225754,-0.0034097079842039875,0.0,0.0,0.0,1.0
1544681595273043000,0.9999991075197716,-0.00011620255670023822,0.0013309607909025576,-0.005929123167923419,0.00011386564130342617,0.9999984521834506,0.0017557520667234314,0.004255381378912087,-0.0013311627536984813,-0.0017555989490454268,0.9999975729360816,-0.004286432874095047,0.0,0.0,0.0,1.0
1544681595278918000,0.999999839470925,-0.00038449392245051096,0.00041620013034377736,0.004975252764648209,0.00038410519901517677,0.9999994903715721,0.0009336593575342962,-0.0009446230794497032,-0.0004165589045849527,-0.000933499343020928,0.9999994775286916,-0.0032860549262920405,0.0,0.0,0.0,1.0
1544681595373884000,0.9999998156499325,-0.0005744340431875303,-0.00019678828827238522,0.013362617023933399,0.0005746334962410081,0.9999993197971044,0.0010149885100137453,-0.0054571916657251175,0.00019620511046284785,-0.0010151014040426613,0.9999994655362057,-0.0033862268339281193,0.0,0.0,0.0,1.0
1544681595379767000,0.9999999487199929,-0.0003106318751711329,-7.789639874226767e-05,0.004747361413307681,0.0003107093967267584,0.9999994545672124,0.0009971584381079275,-0.0012306761465361972,7.7586607059575e-05,-0.0009971825901167013,0.9999994998034737,-0.0032680696522075633,0.0,0.0,0.0,1.0
1544681595474716000,0.99999971828914,-0.0004252787617083279,-0.0006185140369086873,0.00422614501268563,0.0004258946069405326,0.9999994134038044,0.0009958944878521554,-0.001582258312591472,0.0006180901413161291,-0.0009961576290905027,0.9999993128170429,-0.0033791206968827162,0.0,0.0,0.0,1.0
1544681595480648000,0.9999999310490806,-0.0003384115301310041,0.00015290346471374174,0.004318285154085916,0.0003383026484070024,0.9999996896166848,0.000711560154247792,-0.005634407402704088,-0.0001531442174156162,-0.0007115083775380123,0.9999997351513029,-0.0017282959155433897,0.0,0.0,0.0,1.0
1544681595575588000,0.9999996056447014,-0.0004018090333572543,-0.0007919974380829033,-0.0003456526522536164,0.0004019816062564527,0.999999895498153,0.0002177486405332794,0.0014451163042980037,0.0007919098619469699,-0.0002180669230652653,0.9999996626627381,-0.013366782630914044,0.0,0.0,0.0,1.0
1544681595581526000,0.9999997113924713,-0.0005063083543481609,0.000566451075373632,-0.004853330034575379,0.0005060475872624684,0.999999765973349,0.0004604010063308181,-0.003977542008218397,-0.0005666840476848282,-0.0004601142222556377,0.9999997335820113,-0.0049641730525209595,0.0,0.0,0.0,1.0
1544681595676409000,0.9999996127271423,-0.0004583690570395048,-0.0007512944631917021,-0.0011337471329977565,0.00045835144662725316,0.9999998946782059,-2.3612104028289702e-05,0.003068178603320875,0.0007513052071218892,2.326773797991608e-05,0.9999997174995098,-0.01689569673583669,0.0,0.0,0.0,1.0
1544681595682363000,0.9999999065556237,-0.00026913167815807796,0.00033831477086173673,-0.010119700612777366,0.00026899517842611124,0.9999998824346812,0.00040345039353992224,-0.0024316502561416106,-0.0003384233123690975,-0.0004033593507976056,0.9999998613854394,-0.009201038170975636,0.0,0.0,0.0,1.0
1544681595777279000,0.9999996030453548,0.0001728373678994068,0.0008740917433364457,-0.0007821451317397923,-0.000173935675481259,0.9999991953598214,0.0012565930492830094,0.0053769378003070785,-0.0008738738537719358,-0.0012567445862103805,0.9999988284680817,0.0024814836198474746,0.0,0.0,0.0,1.0
1544681595783243000,0.9999999079448851,-0.0003338244461462074,0.00026957644563703665,-0.008699553762512767,0.000333645989091621,0.9999997253740878,0.0006617643877713743,-0.0015111868239722356,-0.00026979728473456395,-0.0006616743837527445,0.9999997446981855,-0.011661679101841852,0.0,0.0,0.0,1.0
1544681595878138000,0.9999999144570361,-0.000325887809716901,0.0002547215279725038,-0.007229232081205817,0.00032571621563139586,0.9999997202172367,0.0006734050779270837,-0.0009565681376199158,-0.0002549409112117116,-0.0006733220533898983,0.9999997408212398,-0.01315740280199278,0.0,0.0,0.0,1.0
1544681595884081000,0.9999999145493765,-0.0003266257123127546,0.0002534105125217003,-0.0072196623895168805,0.00032645542197788353,0.9999997210930153,0.0006717445568876845,-0.0009539316594537099,-0.00025362985088808314,-0.0006716617722509066,0.9999997422711475,-0.01316436812999409,0.0,0.0,0.0,1.0
1544681595979006000,0.9999999237462891,-0.0003905009568403018,-4.051871243449514e-06,-0.005790160906476258,0.00039050386043613277,0.9999996475627859,0.0007432234124848701,-0.0006381711593941712,3.7616403617083236e-06,-0.0007432249380826994,0.9999997238012341,-0.01393050410930378,0.0,0.0,0.0,1.0
1544681595984925000,0.9999999239911184,-0.00038989400682502037,-6.474503265996521e-07,-0.005765404647627726,0.0003898943822040679,0.9999996439029059,0.0007484493535944113,-0.0006338244334480705,3.556341786949476e-07,-0.0007484495491428679,0.9999997199115345,-0.013938624265007497,0.0,0.0,0.0,1.0
1544681596079860000,0.9999999411762504,-0.00031364030183195647,0.00013884256474022745,-0.00414186699652205,0.00031351257653386563,0.999999528577195,0.0009189968730918935,-0.00042450326364201145,-0.00013913073374332028,-0.0009189532901428518,0.9999995680836512,-0.014139341244645973,0.0,0.0,0.0,1.0
1544681596085802000,0.9999999411762504,-0.00031364030183195647,0.00013884256474022745,-0.00414186699652205,0.00031351257653386563,0.999999528577195,0.0009189968730918935,-0.00042450326364201145,-0.00013913073374332028,-0.0009189532901428518,0.9999995680836512,-0.014139341244645973,0.0,0.0,0.0,1.0
1544681596138508696,0.9999998637011869,-0.00048096510448746894,-0.00020315062898434427,0.00459158651082734,0.00048119949282671555,0.9999992168670725,0.0011552974910986507,0.0010082517838929728,0.00020259481211189366,-0.001155395089612615,0.9999993120085295,-0.008488468596681812,0.0,0.0,0.0,1.0
1544681596180714000,0.9999998637011869,-0.00048096510448746894,-0.00020315062898434427,0.00459158651082734,0.00048119949282671555,0.9999992168670725,0.0011552974910986507,0.0010082517838929728,0.00020259481211189366,-0.001155395089612615,0.9999993120085295,-0.008488468596681812,0.0,0.0,0.0,1.0
1544681596186641000,0.9999999008874568,-0.00044515019677148214,-8.147199920052945e-06,-0.00237295840371634,0.00044516003148497,0.9999991199172253,0.0012497989135594233,-0.00045710485692951406,7.5908445175670215e-06,-0.0012498024164964532,0.9999992189678447,-0.013634698452148606,0.0,0.0,0.0,1.0
1544681596281596000,0.9999997060287034,9.15275807010565e-05,0.0007612918037483046,-0.005229782281254951,-9.283082168632145e-05,0.999998530180683,0.0017120218794085245,0.004087559338709024,-0.0007611339875661527,-0.0017120920474669222,0.9999982447063979,-0.0084036159684601,0.0,0.0,0.0,1.0
1544681596287492000,0.9999998947125475,-0.0004062263028810381,-0.00021343637026703392,-0.0004867523079104969,0.0004065222594287966,0.9999989535172908,0.0013884177965362233,-0.0007048913623872957,0.00021287213508123503,-0.00138850441698874,0.9999990133699832,-0.01241364159894769,0.0,0.0,0.0,1.0
1544681596382429000,0.9999998362691209,-0.0004554779438388534,-0.00034641243438851733,0.001380092502851739,0.00045595246866920227,0.9999989562558543,0.0013709830600413476,-0.001075026431637454,0.000345787620277357,-0.0013711407831737267,0.9999990002014396,-0.0105753527068538,0.0,0.0,0.0,1.0
1544681596388345000,0.999999840901377,-0.00045067290450635,-0.00033925087456328695,0.0014862676532397161,0.00045114060418270055,0.9999989462935225,0.00137981303101121,-0.0010980462320635638,0.00033862867274609527,-0.0013799658613293804,0.9999989905119122,-0.010451058209358014,0.0,0.0,0.0,1.0
1544681596483306000,0.9999999152868426,-0.00010419302367493179,0.00039820864178216045,-0.0024951391783390006,0.00010343235090967222,0.9999981710190884,0.0019097801515223238,0.004689868307742303,-0.00039840689923466695,-0.0019097388020828474,0.9999980970830148,-0.006314642081363454,0.0,0.0,0.0,1.0
1544681596489229000,0.999999822475023,-0.00045317510099150503,-0.0003868879017438509,0.0035701510168725864,0.0004537289402048031,0.9999988708383334,0.0014326381636073928,-0.0015990153189624399,0.000386238228940385,-0.0014328134515159826,0.9999988989322179,-0.007618749216080528,0.0,0.0,0.0,1.0
