1544681590129223000,0.9999991063251891,-0.0003530762405087392,0.0012894518173757862,-0.0006237919251588639,0.00035246973943957023,0.9999998271726014,0.0004705527054616968,-0.0013237881995035023,-0.0012896177355033827,-0.0004700977921945122,0.9999990579466369,-0.0004902257906537241,0.0,0.0,0.0,1.0
1544681590135154000,0.9999936883296395,-0.0002917582175332486,0.0035409289779608348,-0.0006240439228315978,0.0002888823841801714,0.9999996280705944,0.0008126534556014018,-0.00132372649068613,-0.0035411647593088925,-0.0008116254143952931,0.999993400686392,-0.0004901008039634376,0.0,0.0,0.0,1.0
1544681590139421659,0.9999894784501471,-0.0005455804055430692,0.004554704273990911,1.680047542086991e-07,0.0005435188889708595,0.9999997493090546,0.0004538381279792872,5.45185614205817e-07,-0.004554950737357694,-0.00045135778509221053,0.9999895242950949,-2.9701940051439055e-06,0.0,0.0,0.0,1.0
1544681590230105000,0.9999922066156878,0.00033002578837847585,0.003934182363056271,-0.01948936041932852,-0.00034200899672752824,0.9999953035503489,0.0030456373866889893,0.003879896616353062,-0.003933158747487229,-0.003046959176629284,0.9999876230744262,-0.005088173288201856,0.0,0.0,0.0,1.0
1544681590240300000,0.9999917391883906,-0.0005587930429368072,0.0040260781554575095,-0.00020870020694088126,0.0005559933872444834,0.9999996029031187,0.0006964660510011594,-0.00767216407288866,-0.004026465737098388,-0.0006942218247953689,0.9999916527800247,0.0005323970294374091,0.0,0.0,0.0,1.0
1544681590330953000,0.9999968288902541,-0.00028945203897456185,0.00250168482208907,-0.00471657301941272,0.00028338681912870166,0.9999970208176501,0.002424468547186022,-0.005213071132155842,-0.0025023791364782197,-0.0024237519144259955,0.9999939317442459,0.0011930115433151879,0.0,0.0,0.0,1.0
1544681590336870000,0.999993056765526,-0.000532169526114676,0.00368825383263225,-0.0003320068445129074,0.0005289042929606161,0.9999994674327768,0.000886224807953152,-0.012354349622714906,-0.0036887234902252303,-0.0008842679214008982,0.9999928056687494,5.440469142695907e-05,0.0,0.0,0.0,1.0
1544681590431813000,0.9999981807511137,-0.0003761642594902566,0.001870025377318339,0.006244277905428874,0.0003734870309682983,0.9999989052322164,0.0014317967059456326,0.0011289077736822948,-0.0018705619208224506,-0.0014310956709250673,0.9999972264777945,0.00034733214716464516,0.0,0.0,0.0,1.0
1544681590437711000,0.9999950607326146,-0.00047836989091351535,0.003106392219245526,-0.0005491682823513238,0.00047502389490824753,0.9999993063699841,0.0010777809842585522,-0.01430118642265489,-0.003106905642530506,-0.0010763000502789957,0.9999945943431565,-0.001528066266382247,0.0,0.0,0.0,1.0
1544681590532699000,0.999998456851169,-0.0007003020980370374,0.0016111710805602095,0.00836158493865139,0.0006980443459493941,0.9999987743393909,0.0014014470396586545,0.008493128088708501,-0.0016121505421134513,-0.0014003202081541602,0.9999977200343713,-0.0008371506722885385,0.0,0.0,0.0,1.0
1544681590538576000,0.999996366416281,-0.00045838342031980016,0.0026565087760701054,-0.000882749195538467,0.0004553134867327085,0.9999992280416075,0.0011561166977767043,-0.013567123142890674,-0.0026570366700820595,-0.0011549029526565365,0.9999958031688441,-0.004270444623348722,0.0,0.0,0.0,1.0
1544681590633558000,0.9999976702420346,-0.0003865931396910958,0.0021236893015623795,-0.002978197818726977,0.00038332009238166046,0.9999987385765252,0.0015413990607603025,0.007087605704117943,-0.002124282516993264,-0.0015405814168943015,0.9999965570104172,-0.0026916618428774863,0.0,0.0,0.0,1.0
1544681590639434000,0.9999973725904899,-0.00033441551825280446,0.002267813568868866,-0.0012633805744195106,0.0003317959796302399,0.9999992775129811,0.0011553722102830304,-0.009934181899150275,-0.002268198304799467,-0.0011546167232224039,0.9999967610630918,-0.008068442307488984,0.0,0.0,0.0,1.0
1544681590734417000,0.9999982217477692,-0.00031725939309945383,0.0018589910646426488,-0.0018165324952805117,0.0003148795084618992,0.9999991307704001,0.001280355159703774,-0.003894435183386511,-0.0018593956534535146,-0.001279767524716683,0.9999974524181976,-0.01272156627530922,0.0,0.0,0.0,1.0
1544681590740288000,0.999996963317103,-0.0005190389931815087,0.002409139908084726,-0.01654943909966477,0.0005160364296822273,0.999999089627486,0.0012467760835887494,-0.018103400544467844,-0.002409784840273105,-0.0012455290935683703,0.9999963207903821,-0.00898245240995126,0.0,0.0,0.0,1.0
1544681590835250000,0.9999977784114541,-0.0003178958233010921,0.0020837740774026564,0.006742015763892204,0.00031529584061029475,0.9999991716199231,0.0012479374986147005,-0.005945038374354062,-0.002084169065364276,-0.0012472777209116789,0.9999970502644476,-0.014666338181783877,0.0,0.0,0.0,1.0
1544681590841145000,0.9999972630500978,-0.00046064597959058376,0.002293839050853001,-0.013778479478890148,0.00045807551314875846,0.9999992667681006,0.0011209951327005657,-0.02092482071819386,-0.0022943537508380474,-0.001119941313092752,0.9999967408308508,-0.00622888555551206,0.0,0.0,0.0,1.0
1544681590936132000,0.9999981272077711,-0.00081929024293698,0.0017533808625751855,0.007126110400282552,0.0008168060945671929,0.9999986624349331,0.0014170236922874271,0.0031816049770552078,-0.0017545394709992939,-0.0014155888663218183,0.9999974588464731,-0.005974089107497337,0.0,0.0,0.0,1.0
1544681590942028000,0.9999981550547827,-0.00037812954077062294,0.001883322882629401,-0.006969384619691843,0.0003758643988568274,0.9999992058235486,0.0012029456458685014,-0.014558026688737024,-0.0018837762562233392,-0.0012022355524765522,0.9999975030052306,-0.008626529078269054,0.0,0.0,0.0,1.0
1544681591036973000,0.999996220783402,-0.00032794700360896765,0.0027296281202686705,-0.019061638180241487,0.000322928869934245,0.9999982575724257,0.001838632387937037,-0.0010513741389175887,-0.0027302263380717374,-0.0018377439636227929,0.9999945842659685,-0.018503213845271583,0.0,0.0,0.0,1.0
1544681591042874000,0.9999978434521429,-0.0004194421863382466,0.002034000815284277,-0.006421962889337173,0.0004175161282474699,0.9999994641863913,0.0009472630133453654,-0.009902106676438309,-0.002034397047508296,-0.0009464117423820901,0.9999974827635661,-0.008943789117861815,0.0,0.0,0.0,1.0
1544681591137844000,0.9999980976311499,-0.0006970009152831972,0.0018217913712654393,0.00020542033121960865,0.0006951585503365992,0.9999992465775064,0.0010117306994950656,0.0025865417918677944,-0.0018224951759104123,-0.0010104623409614322,0.9999978287362377,-0.011193970969532245,0.0,0.0,0.0,1.0
1544681591138938697,0.9999980976311499,-0.0006970009152831972,0.0018217913712654393,0.00020542033121960865,0.0006951585503365992,0.9999992465775064,0.0010117306994950656,0.0025865417918677944,-0.0018224951759104123,-0.0010104623409614322,0.9999978287362377,-0.011193970969532245,0.0,0.0,0.0,1.0
1544681591143744000,0.9999974760075481,-0.0004782766753316103,0.002195274459789327,-0.005330908915700897,0.0004760977815711629,0.9999993936869473,0.0009929534926801564,-0.012104752366917416,-0.0021957480352610033,-0.000991905821172801,0.9999970974024924,-0.0077211195900920735,0.0,0.0,0.0,1.0
1544681591238668000,0.9999964360316492,-0.0006684233783235622,0.0025847890020164947,0.002270307567554021,0.000663587477528734,0.9999980289184236,0.0018713126211857211,-0.00850594132215898,-0.0025860347362906696,-0.001869590718272973,0.9999949085144824,-0.013679589647951854,0.0,0.0,0.0,1.0
1544681591244578000,0.9999972852292682,-0.0004313296955495473,0.0022898665432625723,-0.0044218111510326615,0.0004288063462480454,0.999999300485477,0.0011023400898332104,-0.013424973242238488,-0.00229034041348299,-0.001101355187926776,0.9999967706735554,-0.007099381418397382,0.0,0.0,0.0,1.0
1544681591339516000,0.9999964867423214,-0.00038825156946535686,0.0026221677542027054,-0.009193235359166215,0.0003847688612413581,0.9999990434495695,0.0013285529228066217,-0.006256173229496407,-0.0026226810587244246,-0.0013275393267570949,0.9999956795823665,-0.01661039161094031,0.0,0.0,0.0,1.0
1544681591345466000,0.9999970824668438,-0.00041068105565907515,0.002380419894155427,-0.003681483186027498,0.000407568769899911,0.9999990617859491,0.0013077900900814491,-0.01392729635043327,-0.0023809547454268047,-0.0013068160897523977,0.9999963116363033,-0.006993844162057534,0.0,0.0,0.0,1.0
1544681591440400000,0.9999954731469572,-0.0005754650417323273,0.0029533922152430816,0.0005975577071910031,0.0005699567237911187,0.9999980973698296,0.001865584640582039,-0.00621933593942544,-0.00295446017477301,-0.0018638928896034617,0.999993898515574,-0.013242671439744346,0.0,0.0,0.0,1.0
1544681591446320000,0.9999962382213601,-0.0005352140113035966,0.002690183839350425,-0.003055884629305987,0.0005313767744102536,0.9999988408010883,0.0014268970542016973,-0.01364117345348864,-0.0026909444161883336,-0.0014254621853197187,0.9999953634271052,-0.007369702177627628,0.0,0.0,0.0,1.0
1544681591541261000,0.9999940631482548,-0.00019115776383377194,0.0034405126003899267,-0.013847279511811056,0.00018499222083942485,0.9999983767699466,0.0017922710040335283,-0.00010968837751335067,-0.0034408496221637946,-0.0017916238955195233,0.9999924752905378,-0.01672103353885714,0.0,0.0,0.0,1.0
1544681591547216000,0.9999959205617132,-0.0004874203608181539,0.0028144770961337946,-0.002498417994045385,0.00048308183438529524,0.9999986944675721,0.0015419776548367234,-0.012608264329294613,-0.0028152250130475676,-0.001540611741675604,0.9999948504985355,-0.00820824772198815,0.0,0.0,0.0,1.0
1544681591642116000,0.9999931913920809,-0.00020422475602121208,0.0036844893442033832,-0.009866173563605368,0.00019713514452607216,0.999998128836168,0.0019244380728642768,0.0010080803740594529,-0.003684875467816099,-0.0019236986277806007,0.9999913605008677,-0.012826242194584002,0.0,0.0,0.0,1.0
1544681591648038000,0.9999951156588016,-0.0005478553810274063,0.0030770948992853136,-0.0021067840924339862,0.000542790347624875,0.9999984969799743,0.001646637917907212,-0.010769845310684981,-0.003077992393793993,-0.0016449596577557582,0.9999939100167295,-0.009718427995862271,0.0,0.0,0.0,1.0
1544681591742967000,0.999993352227688,-0.0005647216996763825,0.003602303405686711,-0.003770100802902678,0.0005568961471863963,0.9999974839485185,0.002173007894759547,0.00283950983825546,-0.0036035214868176484,-0.0021709873402102095,0.9999911506842756,-0.013538821306429043,0.0,0.0,0.0,1.0
1544681591748896000,0.9999948487891753,-0.00044840244465811294,0.0031782590141501053,-0.0017192358842808794,0.00044314013421130696,0.999998530260197,0.0016562319485862252,-0.007964854137511966,-0.003178997001390991,-0.0016548150028602034,0.9999935777620631,-0.011770158069062116,0.0,0.0,0.0,1.0
1544681591843837000,0.9999942228078332,-0.00044446211636697065,0.003369985813911515,-0.0013217596735223204,0.0004385974268665978,0.9999983886040106,0.001740810638812418,-0.004499874918871046,-0.0033707541079106207,-0.0017393225147082714,0.999992806361093,-0.014125697104751395,0.0,0.0,0.0,1.0
1544681591849755000,0.9999958873161857,-0.0007351360117375242,0.002772169864703834,0.00615315439639877,0.0007283251901384865,0.9999967161803974,0.002457065493324165,-0.013686185352051029,-0.0027739670387254213,-0.002455036347046887,0.9999931389281669,-0.0072364106838519494,0.0,0.0,0.0,1.0
1544681591944693000,0.9999949108350793,-0.0005211434878454753,0.003147493193904565,-0.00160777723827973,0.0005169062958688313,0.9999989593671007,0.0013468751218139597,-0.006582051866921957,-0.0031481918337182817,-0.001345241308296202,0.9999941395898252,-0.01498642095769786,0.0,0.0,0.0,1.0
1544681591950603000,0.9999955194816742,-0.0006153535069034482,0.002929565946809611,-0.002699678947266986,0.0006098909884044591,0.9999980746310232,0.0018651453639818487,-0.0140266112232782,-0.002930708030054832,-0.0018633502912929866,0.9999939694198849,-0.006790744160043772,0.0,0.0,0.0,1.0
1544681592045521000,0.9999954370415214,-0.0005446965916201604,0.002971397273720855,0.007619064948675699,0.0005415157369779879,0.999999279655314,0.001071190720551107,-0.006139309574781385,-0.002971978607225089,-0.0010695767743678008,0.9999950116619005,-0.013801720786015546,0.0,0.0,0.0,1.0
1544681592051462000,0.9999960705404706,-0.00046843784913257484,0.002763959043896401,0.0019158245081980247,0.0004639797458497488,0.999998590891991,0.0016133619645195675,-0.002759960723165786,-0.002764710908988099,-0.001612073203864304,0.9999948787836749,-0.009672089181304017,0.0,0.0,0.0,1.0
1544681592138451488,0.99999032581927,-0.000319064826425121,0.004387079382508963,0.0017463238017462303,0.0003073887337884482,0.9999964099215641,0.0026618895818533764,-0.0009638679441989652,-0.004387912947887277,-0.002660515291476071,0.9999868338525008,-0.008101676454033365,0.0,0.0,0.0,1.0
1544681592146415000,0.9999900799358729,-0.0003160294714938344,0.004442989445842343,0.0015750202780792945,0.0003040551968947404,0.9999963208779401,0.002695511272557876,-0.0008691468110986607,-0.004443824960544742,-0.0026941336188824458,0.9999864969407137,-0.00813008503377323,0.0,0.0,0.0,1.0
1544681592152302000,0.999995834849449,-0.0006680889005277873,0.0028078356393562575,-0.00021399909371375294,0.0006632763804283868,0.9999983102026355,0.0017145425975136227,-0.011890076634288656,-0.0028089763615618776,-0.0017126730851258723,0.9999945881867097,-0.0036107981278211184,0.0,0.0,0.0,1.0
1544681592247293000,0.9999903503783395,-0.00021308346675608393,0.004387909028071551,-0.0055261896548859345,0.00020198388018836355,0.999996779469206,0.0025298722746605277,0.0031808967798331233,-0.004388433970630168,-0.0025289615754588283,0.99998717291805,-0.008916502622826556,0.0,0.0,0.0,1.0
1544681592253173000,0.9999957075489053,-0.0005781848837375631,0.002872383332286293,0.0023818201892871213,0.0005745597610679092,0.9999990377018485,0.0012627258041379528,-0.007422796040762301,-0.002873110657169382,-0.0012610700280681086,0.9999950774566515,-0.005192883956350285,0.0,0.0,0.0,1.0
1544681592348127000,0.999992748704208,-0.0004502221158389955,0.003781512798965561,0.006238807186624755,0.000443232626022761,0.9999981924324516,0.0018489663771906128,0.004306404005043385,-0.0037823384091802107,-0.0018472768799402876,0.9999911407029015,-0.011555418351185617,0.0,0.0,0.0,1.0
1544681592354030000,0.9999954095173826,-0.0006191653559522555,0.0029660712100270607,-0.00393495612630163,0.0006148966907109576,0.9999987743510234,0.0014398605872991774,-0.009813102439538843,-0.0029669590864579705,-0.001438030150272729,0.9999945645967613,-0.008772110057939196,0.0,0.0,0.0,1.0
1544681592448983000,0.9999931616717137,-0.0005276977187833206,0.0036603476510869795,0.005837189032461239,0.0005207710433465211,0.9999980725785655,0.001893049569262295,-0.002753457126849254,-0.0036613395539937194,-0.0018911304209026153,0.9999915090731525,-0.014410371989064308,0.0,0.0,0.0,1.0
1544681592454900000,0.9999949238218389,-0.000610342790839184,0.003127269133702568,-0.007979266176847239,0.0006051361619353844,0.99999842981198,0.0016655881240498739,-0.010777457289094993,-0.003128280803006058,-0.0016636872455869146,0.9999937229822838,-0.011177001658534998,0.0,0.0,0.0,1.0
1544681592549844000,0.9999924075765754,-0.00020286464760538075,0.003891482383003589,0.0037041543776994146,0.0001958895513297414,0.9999983739288011,0.0017926982555926322,-0.011421722575515455,-0.0038918397302760556,-0.001791922343930392,0.9999908212567895,-0.016536630940684752,0.0,0.0,0.0,1.0
1544681592555765000,0.9999943535084211,-0.0005251280577993104,0.0033192155398047815,-0.010527429756491253,0.0005192349722571654,0.9999982880055455,0.0017760577193618801,-0.010511586375066502,-0.0033201425150668888,-0.0017743242380782154,0.9999929141884832,-0.012871842922396777,0.0,0.0,0.0,1.0
1544681592650702000,0.9999917341209231,-0.0006775264193300354,0.004009070687663623,0.008447014998964253,0.0006672623591503003,0.9999964980310988,0.002560993260815686,-0.002628126479171429,-0.004010791788616703,-0.0025582969899900334,0.9999886842688457,-0.01503025750163168,0.0,0.0,0.0,1.0
1544681592656637000,0.9999939083271127,-0.0005006713443343805,0.0034543649012800056,-0.011452855061593891,0.000493823602632033,0.999997912095256,0.0019829128525383974,-0.009089162003237134,-0.003455350476538712,-0.0019811949263615833,0.9999920676784153,-0.013813971125544229,0.0,0.0,0.0,1.0
1544681592751548000,0.9999923912426756,-0.000792557956822977,0.0038195953501216147,0.013993241370269097,0.0007833193934742987,0.9999967659253979,0.0024196176288632043,-0.002323711927588731,-0.003821500684469551,-0.0024166072554668867,0.9999897780187025,-0.008799509049507945,0.0,0.0,0.0,1.0
1544681592757500000,0.9999926614407465,-0.0005692628815685115,0.003788535920699065,-0.010654124663932677,0.0005613835510854303,0.9999976781377778,0.002080520983442045,-0.006524685163694772,-0.0037897114876108274,-0.002078378893666978,0.9999906591703837,-0.013939115609928396,0.0,0.0,0.0,1.0
1544681592852413000,0.9999911906029793,-0.0007902940752362781,0.004122396354845597,0.010803374968603206,0.0007790506167679784,0.9999959747173495,0.002728301528846583,-0.006041291177427377,-0.004124535921568799,-0.002725065938732423,0.9999877810348791,-0.014371322999650488,0.0,0.0,0.0,1.0
1544681592858337000,0.9999917579545735,-0.000549201156266628,0.004022735513704881,-0.008164227132769533,0.0005402274378464453,0.9999973642835704,0.0022314973057901166,-0.002625307719334559,-0.004023950451815343,-0.0022293057215882622,0.9999894189534031,-0.01329885069605145,0.0,0.0,0.0,1.0
1544681592953252000,0.9999934955139684,-0.0008380140359063832,0.0035080852650512615,0.011106341105459739,0.0008309882886906784,0.9999976473022965,0.0020037086452068054,-0.0032444629999862046,-0.0035097561475556727,-0.0020007804343409354,0.99999183921142,-0.013632800522538529,0.0,0.0,0.0,1.0
1544681592959195000,0.999991431806837,-0.0005261677981330245,0.004106027321460567,-0.003839346306618804,0.0005160900927429905,0.9999968532037021,0.0024550425064281136,0.002672961753166119,-0.004107306164938919,-0.0024529023911285673,0.9999885565874888,-0.011844197681603654,0.0,0.0,0.0,1.0
1544681593054153000,0.99999032028211,-0.0005154673624606233,0.004369626468808966,0.001970542226749174,0.0005041240990702214,0.9999965016578327,0.002596638401297017,0.00895165128400047,-0.004370949664708434,-0.0025944104325629743,0.9999870818333296,-0.009739509280258284,0.0,0.0,0.0,1.0
1544681593060061000,0.9999917553645905,-0.0005513080598165942,0.004023091132927824,-0.011377495509960794,0.0005415873388458509,0.9999969325823359,0.0024169214038444286,-0.003632141808327792,-0.004024411260676896,-0.0024147226219880373,0.9999889865536833,-0.01654581225948619,0.0,0.0,0.0,1.0
1544681593139077744,0.9999915610666089,-0.0009920124303414192,0.003986691223328339,0.0026386439146893,0.0009810379412521714,0.9999957270804889,0.0027537947131584775,-0.0006142571233461617,-0.003989405987103687,-0.002749860378718192,0.9999882613849865,-0.017700708952586467,0.0,0.0,0.0,1.0
1544681593154968000,0.999991480963992,-0.0010433218621613226,0.003993679873112722,0.00403947583320332,0.0010321426143669531,0.9999955465662002,0.0028002730927157576,-0.0028549943200631522,-0.003996583673661457,-0.002796127189903294,0.9999881044250849,-0.018124864224973638,0.0,0.0,0.0,1.0
1544681593160923000,0.9999914905351421,-0.0007204717085377108,0.004061991853676485,-0.016895959852721253,0.0007105133807025845,0.9999967402077803,0.0024524976155872245,-0.007868333719482853,-0.004063745567574311,-0.0024495906465806247,0.9999887426754498,-0.018279742964984812,0.0,0.0,0.0,1.0
1544681593255845000,0.9999822938074987,-0.00021054635340088396,0.005947078419101007,0.0015201606295552736,0.00018543183831331068,0.9999910649054103,0.004223236244393522,-0.0069627138605425415,-0.005947914468383632,-0.0042220586892757804,0.999973397913115,-0.010283901832673078,0.0,0.0,0.0,1.0
1544681593261783000,0.9999921300416309,-0.0005119471567998905,0.003934179064459548,-0.00755151800700349,0.0005040780259365981,0.9999978710944835,0.0020009277463593285,-0.0009023946971098385,-0.003935195058234719,-0.001998928865924789,0.9999902592141816,-0.013444549140015201,0.0,0.0,0.0,1.0
1544681593356709000,0.9999888119469401,-0.0006193242399435043,0.004689607491992513,0.0036712592314207516,0.0006070100565515216,0.9999963656884531,0.0026268134074091524,0.002084107937789003,-0.004691217297714902,-0.0026239373795724705,0.9999855536120978,-0.015150566195102987,0.0,0.0,0.0,1.0
1544681593362618000,0.9999940461137823,-0.0005001017572631367,0.0034143279311729135,-0.013366841094425057,0.00049156939220352,0.9999967557489039,0.0024993701613269335,-0.010175002175945367,-0.0034155667936454936,-0.00249767690125548,0.9999910477167168,-0.01512250455779861,0.0,0.0,0.0,1.0
1544681593457567000,0.9999871321763814,-0.0007604586410494265,0.0050156938011307675,0.010038805102502055,0.000744743196513421,0.9999948105019367,0.003134378210626656,-0.01524153935032031,-0.005018051337192102,-0.003130602474166511,0.9999825090914967,-0.020843078505528086,0.0,0.0,0.0,1.0
1544681593463461000,0.9999934045719833,-0.0005738660024647358,0.0035862920050279416,-0.015332896416355888,0.000566052605410404,0.9999974650725081,0.002179319390017372,-0.00390846406129755,-0.0035875335513441877,-0.0021772749865400075,0.9999911944995586,-0.019600996754428134,0.0,0.0,0.0,1.0
1544681593558427000,0.999988408194707,-0.0006047885360632645,0.0047767883603407335,-0.00023983269009400442,0.0005928989829264632,0.9999967240540726,0.002490050585153138,-0.004762921359952449,-0.004778278665888488,-0.002487189568011089,0.9999854908652639,-0.01704964416923337,0.0,0.0,0.0,1.0
1544681593564341000,0.9999923808455827,-0.0005459999478677879,0.00386524706097913,-0.01696347715020135,0.0005369808291366099,0.999997131948591,0.0023340407411926566,-0.004977061730191961,-0.0038665103613748373,-0.0023319473942042188,0.9999898060075324,-0.020052736879578432,0.0,0.0,0.0,1.0
1544681593659252000,0.9999849418836405,-0.00030079862521447006,0.005479555288178561,-0.0034313678733765844,0.0002861734747137266,0.9999963955884085,0.0026696282385766323,-0.001987480450459173,-0.005480338558109977,-0.002668019935627283,0.9999814236069134,-0.021931582130577575,0.0,0.0,0.0,1.0
1544681593665182000,0.9999905362374577,-0.0006059676836301071,0.004308159548019545,-0.017223798905898056,0.0005950759095134479,0.9999966250013809,0.002529005834674957,-0.005656029512692022,-0.0043096775037945205,-0.002526418218802909,0.9999875218675484,-0.020159815886134146,0.0,0.0,0.0,1.0
1544681593760117000,0.9999832488245799,-0.00016863555662029105,0.005785640179163325,-0.010910061930003372,0.00015247301108348073,0.9999960854589817,0.0027938895277950025,-0.004334911934123803,-0.00578608868015319,-0.002792960572882268,0.9999793600615082,-0.022819331468151478,0.0,0.0,0.0,1.0
1544681593766045000,0.999988098293636,-0.0005932211538267101,0.004842660399490996,-0.016264530335487744,0.000580538986998558,0.9999963997296737,0.0026198286540006365,-0.00600144098475799,-0.0048441971023813896,-0.0026169861204065874,0.9999848424541674,-0.019999009671074885,0.0,0.0,0.0,1.0
1544681593861005000,0.9999870313190529,-0.0009775986428907709,0.004998149117235114,0.004954101037391084,0.0009633002667062771,0.9999954395159214,0.0028623416908314207,-0.010891182876656776,-0.005000924544608096,-0.002857489851657606,0.9999834126151529,-0.019237799221632414,0.0,0.0,0.0,1.0
1544681593866914000,0.9999856327387817,-0.0006115933605490715,0.005325436092844406,-0.013951647333664781,0.0005960074122351817,0.9999955363879138,0.0029277942915318946,-0.006080092109029431,-0.005327202941713241,-0.002924578227761811,0.9999815337050034,-0.019567650245081142,0.0,0.0,0.0,1.0
1544681593961839000,0.9999775440469173,-0.0001042527190617713,0.006700786018499748,-0.014872099172803386,7.964723360992549e-05,0.9999932543094942,0.003672191692418046,-0.002047990970795246,-0.006701123653039986,-0.003671575530784306,0.999970806811333,-0.01826903455972006,0.0,0.0,0.0,1.0
1544681593967772000,0.9999830779916907,-0.0005450547329745489,0.005791946616042247,-0.010216001508512818,0.0005273285855520105,0.9999951743501543,0.0030615683833893053,-0.005840744878468311,-0.00579358738847365,-0.0030584623164870606,0.9999785398464501,-0.01884923687047362,0.0,0.0,0.0,1.0
1544681594062697000,0.9999791031185151,-0.00042203064834509435,0.006450985693596975,-0.008435282661726558,0.0003976064094475587,0.9999927504755052,0.003786938813749634,-0.010908845875359348,-0.006452537131260986,-0.0037842947252790422,0.9999720215476056,-0.015886937248741698,0.0,0.0,0.0,1.0
1544681594068609000,0.9999817390977422,-0.0005676066179118968,0.006016584893702116,-0.005012411807619525,0.0005480476734024896,0.9999945620920098,0.003251988645970511,-0.005226016407248207,-0.006018398026343882,-0.0032486318863708947,0.9999766123645425,-0.017844626645099133,0.0,0.0,0.0,1.0
1544681594138779676,0.9999802933936662,-0.0005595114114700464,0.0062529809930096944,-0.0005435280688995912,0.0005384855869746191,0.9999941977407192,0.0033637060167200474,-0.004612750841518205,-0.006254826743493877,-0.0033602725893494153,0.9999747925375609,-0.016991705979305136,0.0,0.0,0.0,1.0
1544681594163543000,0.9999795656456428,-0.00055697466151487,0.006368521836053418,0.0009731530954048394,0.0005352763795573981,0.9999940484288359,0.0034083113270437213,-0.004385373175107804,-0.00637038227639023,-0.0034048327610907716,0.9999739123314787,-0.016699487707692518,0.0,0.0,0.0,1.0
1544681594169492000,0.9999806794212224,-0.000541142508573768,0.006192572087501301,-0.01391260450776004,0.0005214786055729565,0.9999948186997989,0.0031765757700569566,-0.009711735868358386,-0.00619425898210717,-0.0031732851029174576,0.9999757804153667,-0.01843795510814565,0.0,0.0,0.0,1.0
1544681594264431000,0.9999847073933679,-0.0007514694825306501,0.005479075927487362,0.0008044057920162552,0.0007364401781508454,0.9999959625751743,0.002744538069415256,-0.01883057927770123,-0.005481116242733004,-0.0027404610866220303,0.999981223442604,-0.022378526135571328,0.0,0.0,0.0,1.0
1544681594270349000,0.9999811091021689,-0.0005813069842103995,0.006119111127479294,-0.004277874186441813,0.0005600641775403856,0.9999938133488189,0.003472692356605398,-0.004450089867673906,-0.006121091970994106,-0.003469199659388004,0.9999752481370762,-0.016114208468525397,0.0,0.0,0.0,1.0
1544681594365265000,0.9999774767563481,-0.0003773009270568916,0.006701016640239234,-0.006051116694801021,0.00035134668168468585,0.9999924345620813,0.0038739352229761903,-0.00252371701522724,-0.006702427583464857,-0.003871493589428832,0.9999700440522605,-0.007886573835083018,0.0,0.0,0.0,1.0
1544681594371207000,0.9999808818462627,-0.0004076071942113283,0.0061700727993973924,-0.006929245630972783,0.0003874236926284778,0.9999945718292901,0.003272035274704029,-0.0019390593204310716,-0.006171373012306617,-0.0032695822870428886,0.9999756116960116,-0.016785217622622497,0.0,0.0,0.0,1.0
1544681594466120000,0.9999816131835656,-0.0003610443442271663,0.006053341372704087,0.0032802533971996394,0.0003428826646598831,0.9999954380761479,0.0030010428807133024,-0.01911675877324681,-0.006054397267380574,-0.002998912115268779,0.9999771751394404,-0.015580497681319161,0.0,0.0,0.0,1.0
1544681594472039000,0.9999802848970268,-0.0004939768807827369,0.0062598565562334025,-0.009981897301811291,0.0004721337802963595,0.9999937971122891,0.0034903906140760126,-0.0059115066269692824,-0.006261541899314367,-0.003487366310925641,0.9999743153547804,-0.013947592818350788,0.0,0.0,0.0,1.0
1544681594567008000,0.9999862122177648,-0.0008027891591476635,0.0051894993910073335,-0.00879936239360777,0.0007903095453757947,0.9999967923550335,0.002406385353238127,0.0031699747245562356,-0.005191414565010058,-0.0024022508636164855,0.9999836390689625,-0.011122834310090611,0.0,0.0,0.0,1.0
1544681594572902000,0.9999791777627762,-0.0005755753310601915,0.006427499818756348,-0.012969471528504436,0.0005525702603153322,0.9999934378024903,0.003580365632639622,-0.00678427126704977,-0.0064295184103673655,-0.003576739436169061,0.9999729337477177,-0.013423301300914554,0.0,0.0,0.0,1.0
1544681594667887000,0.9999851753923459,-0.0006361577327796782,0.005407799818358899,-0.009342963960004719,0.0006230936993716009,0.9999968846432751,0.0024171177019225855,-0.006090834784874478,-0.005409320639250493,-0.0024137123031067235,0.9999824564676828,-0.022824561034925382,0.0,0.0,0.0,1.0
1544681594673754000,0.9999793650285315,-0.0005958101877769704,0.006396446463320276,-0.007985178151420745,0.0005740542737547313,0.9999940465486098,0.003402547432168839,-0.002345071116539275,-0.006398435654811656,-0.003398805313270554,0.9999737537273746,-0.011455349424665653,0.0,0.0,0.0,1.0
1544681594768720000,0.9999800042268395,-0.0003818287151396789,0.006312317587124125,-0.011900129130904151,0.00035947668632113926,0.9999936632894587,0.0035417732055114306,0.0009565666925755116,-0.006313629938507129,-0.0035394332540086195,0.9999738049015295,-0.00731128761553152,0.0,0.0,0.0,1.0
1544681594774629000,0.9999807777538452,-0.0006415098039924563,0.0061670566715136405,-0.0040408377599700195,0.0006209776916568676,0.999994260529933,0.0033306596792228357,0.00034765838728417276,-0.006169157926714457,-0.00332676605184644,0.9999754367573804,-0.009679023222544396,0.0,0.0,0.0,1.0
1544681594869582000,0.9999881069935929,-0.0009361636818685391,0.004786383700376554,0.008620316833681009,0.000924716032458025,0.9999967083455444,0.0023933654829939336,-0.010906585808715155,-0.004788608527097944,-0.0023889109729376837,0.9999856810638552,-0.007107105829506907,0.0,0.0,0.0,1.0
1544681594875471000,0.9999825400182554,-0.0006304872405750225,0.005875554823449876,-0.0006701558864746489,0.0006112768812107743,0.9999944642126233,0.0032707620950803993,0.0018168182965576628,-0.005877584471395559,-0.003267113396806074,0.999977389729806,-0.00794929564245021,0.0,0.0,0.0,1.0
1544681594970435000,0.9999863842645536,-0.0006631405257951676,0.005176053530022494,-0.0038865287800374402,0.0006505161591235054,0.9999968108839906,0.002440297230745745,0.005830226147004217,-0.005177655282976023,-0.0024368968978424827,0.9999836265755976,-0.0032567086208391176,0.0,0.0,0.0,1.0
1544681594976336000,0.999984005259973,-0.0005955771378465132,0.005624456605198056,0.002042673052182838,0.000576938896210216,0.9999943395170383,0.003314826600753398,0.002038067730749737,-0.0056263990029966045,-0.0033115286131781005,0.9999786884791638,-0.006182780740901826,0.0,0.0,0.0,1.0
1544681595071284000,0.9999866213288243,-0.0006642793469076213,0.00512990217326202,-0.007378215245123107,0.0006515682051575373,0.999996714689899,0.002479126516188171,0.006692076930606855,-0.005131532152485677,-0.002475750867618051,0.9999837688859814,-0.0036037143758729483,0.0,0.0,0.0,1.0
1544681595077189000,0.9999841796189677,-0.0006900057238394847,0.005582508744557133,0.004112141801221692,0.0006727544832345555,0.9999949949441618,0.0030915187256660252,0.0008831273259469367,-0.005584613969405209,-0.0030877141588762356,0.9999796388467569,-0.004416028910771684,0.0,0.0,0.0,1.0
1544681595139028760,0.9999845190132927,-0.0007536652297223409,0.0055130501975077465,0.0049993950650282755,0.0007363647074261156,0.9999948007637988,0.003139460524543638,-0.00048131663257584297,-0.005515387636095004,-0.003135352307001278,0.999979874830058,-0.003405805852363948,0.0,0.0,0.0,1.0
1544681595172180000,0.999984136774207,-0.0004564156196630588,0.005614079151777882,-0.0012949920459969953,0.0004400852300279756,0.9999956699199024,0.002909719305448928,-0.0054223400717433165,-0.005615382883705343,-0.0029072024745996983,0.9999800076245724,-0.002080528424623217,0.0,0.0,0.0,1.0
1544681595178049000,0.9999849556725304,-0.000765796349298535,0.00543157293636311,0.005407594315919677,0.0007485747586322657,0.9999946891075555,0.00317196981608376,-0.0015788909699086472,-0.005433973172768684,-0.0031678561575313006,0.9999802181158006,-0.002791769596102945,0.0,0.0,0.0,1.0
1544681595273043000,0.9999797831677921,-0.00030161197318756425,0.006351557754629764,-0.012790718143174265,0.00027694345820981973,0.9999924174410504,0.003884374173974805,-0.0007151786086751241,-0.006352681167327894,-0.0038825366218643263,0.9999722842916041,-0.0015896083366368895,0.0,0.0,0.0,1.0
1544681595278918000,0.9999855990769292,-0.0008325680763141891,0.005301742086858919,0.0060050573050781375,0.0008157528923768819,0.9999946332733278,0.0031730067383562905,-0.005519350196278487,-0.005304355377974543,-0.003168636132688358,0.9999809115973591,-0.001100315026998752,0.0,0.0,0.0,1.0
1544681595373884000,0.9999859526509994,-0.0008196850440065395,0.005236660872958246,0.005943324656503885,0.0008030456454939344,0.9999946251742946,0.003178795403145979,-0.010449057203066454,-0.00523923833786868,-0.0031745454717866084,0.999981236145303,0.0005614990102759812,0.0,0.0,0.0,1.0
1544681595379767000,0.9999880974659645,-0.0005606415264574208,0.004846710996042728,0.006836145611729819,0.0005446877243771676,0.9999944317936652,0.0032923695037182254,0.0022646163546638028,-0.004848529847620078,-0.0032896903721950158,0.9999828347004629,-0.005721043519001512,0.0,0.0,0.0,1.0
1544681595474716000,0.999985543146964,-0.0006937002850719609,0.005332192512033972,-0.002554507982237279,0.0006764721736481401,0.9999945479853045,0.0032320867972345842,-0.006606735223126188,-0.005334405540374662,-0.0032284329915718392,0.9999805604800285,0.0008560018227885825,0.0,0.0,0.0,1.0
1544681595480648000,0.999986841616126,-0.0006030790029281236,0.005094397935496496,0.007943145829506004,0.0005882665924806012,0.9999955970245529,0.002908586241340399,-0.003653373336363241,-0.005096129612277814,-0.0029055511049318667,0.9999827934698444,-0.003109507043922213,0.0,0.0,0.0,1.0
1544681595575588000,0.9999869927634243,-0.0006428460168111825,0.005059748310195344,-0.005711211545291944,0.0006301591009800426,0.9999966548687815,0.0025086153059795018,-0.0012411670494888762,-0.005061344038030486,-0.002505394229380405,0.999984052770986,-0.0074479776106004605,0.0,0.0,0.0,1.0
1544681595581526000,0.999984470789816,-0.0007743005228158771,0.005518934490798577,0.00028262085117396397,0.0007601981260049455,0.9999964421355237,0.0025569151535669,-0.0035237554448513757,-0.0055208946759178045,-0.0025526799630366296,0.9999815016023962,-0.005244267183285515,0.0,0.0,0.0,1.0
1544681595676409000,0.9999872477185827,-0.0006814423300815705,0.005004002054647876,-0.0050451220302880065,0.0006697741711419316,0.999997054086543,0.002333071108029325,0.002735357980465528,-0.0050055771667029975,-0.0023296898047214477,0.9999847582551673,-0.009312942098597218,0.0,0.0,0.0,1.0
1544681595682363000,0.9999858037647881,-0.0005356886138453385,0.0053014438223653575,-0.003477533425392798,0.0005229962541832507,0.9999969946709076,0.0023952294402820643,-0.003505916892834826,-0.005302710986920705,-0.002392422801780696,0.9999830786414978,-0.008399027997868059,0.0,0.0,0.0,1.0
1544681595777279000,0.999978849857041,-4.509244925413741e-05,0.006503676287846031,-0.00310751322405557,2.1434320893380785e-05,0.9999933833959952,0.0036376784904002895,0.0074514657531142585,-0.00650379728742819,-0.0036374621510956422,0.9999722343595085,0.011719313825972147,0.0,0.0,0.0,1.0
1544681595783243000,0.9999863041283968,-0.0007494075820165053,0.005179762920142845,0.0005451274828580676,0.0007346678091365809,0.9999956775219383,0.002846963408442343,-0.005838076430544407,-0.005181874066695255,-0.002843119011720654,0.9999825322751631,-0.00822736543142275,0.0,0.0,0.0,1.0
1544681595878138000,0.9999832111575575,-0.0005361293862860337,0.005769745947526116,-0.008166366551014773,0.0005182217919784915,0.9999950459638165,0.003104753451901836,0.0034411161844536127,-0.005771381913558687,-0.003101711318601127,0.999978535038481,-0.002204984107433178,0.0,0.0,0.0,1.0
1544681595884081000,0.9999857978789976,-0.0007296664755096177,0.005279358591589093,0.0017996603694446051,0.0007149696534101983,0.9999958657891422,0.0027851791718192125,-0.002920708543588553,-0.005281369017477438,-0.0027813650351851574,0.999982185416244,-0.009087944291304028,0.0,0.0,0.0,1.0
1544681595979006000,0.9999863546541417,-0.0008399566980524454,0.005156062282910526,-0.006642922329736613,0.0008258384163763317,0.9999959059835803,0.0027397092888563532,0.00040250714901254994,-0.005158342411074777,-0.0027354138302651087,0.9999829543620966,-0.007938605512268907,0.0,0.0,0.0,1.0
1544681595984925000,0.9999863268106661,-0.0007074211116301127,0.005181288168602402,0.002934456535173184,0.0006924550631014147,0.9999955850462904,0.002889704814552064,-0.0009245375221377547,-0.0051833095316471565,-0.002886077493845295,0.9999824017746511,-0.00926406500807213,0.0,0.0,0.0,1.0
1544681596079860000,0.9999813983255168,-0.00042567252387810137,0.006084554695721596,-0.0014063205569913944,0.0004061069432617141,0.9999947446268924,0.003216488107398988,0.0034749428145493593,-0.006085891889727186,-0.0032139572954256526,0.9999763159187394,0.0012613815661130705,0.0,0.0,0.0,1.0
1544681596085802000,0.9999857500789252,-0.0006813811847754897,0.005294842658038919,0.004044136960681532,0.0006660358692859951,0.999995574969476,0.002899385743255403,0.0005323554970315383,-0.005296794815091386,-0.0028958178721049275,0.9999817789357667,-0.008887612192665264,0.0,0.0,0.0,1.0
1544681596138508696,0.9999852417014703,-0.000751234955751652,0.005380708623940628,0.004590431690938851,0.0007349297860625672,0.9999951345127035,0.003031638027290241,0.0010080639560112385,-0.005382959916630452,-0.0030276388424333514,0.9999809283909273,-0.008496965226034638,0.0,0.0,0.0,1.0
1544681596180714000,0.9999843084497837,-0.0007438522296094418,0.005552435327477433,0.013293639527448348,0.0007259787788848434,0.9999945511330651,0.003220350756136274,0.003066779631657469,-0.0055548005380862435,-0.003216269273621806,0.9999793996892856,0.009733607519194947,0.0,0.0,0.0,1.0
1544681596186641000,0.9999850864380506,-0.0007520895060839597,0.0054093680649171735,0.005114810960482167,0.0007351460284776999,0.9999948201872,0.0031335537470910998,0.001303840423724168,-0.005411696758293156,-0.0031295303391936824,0.9999804595981142,-0.008000604374489085,0.0,0.0,0.0,1.0
1544681596281596000,0.99997963804636,-0.000307586396771324,0.0063740790141968455,0.00456905729857286,0.0002850639009041445,0.9999937145654073,0.003534058326034839,0.0044173761640191045,-0.006375125978606598,-0.0035321693458745824,0.9999734404215308,0.005624982954771785,0.0,0.0,0.0,1.0
1544681596287492000,0.9999846662941806,-0.0006579763754183709,0.00549856741411433,0.006259586015895449,0.000640513420787431,0.9999947479782261,0.0031770675984044813,0.0014763587247123226,-0.005500628970941388,-0.00317349697596074,0.9999798357956374,-0.0064874189861055115,0.0,0.0,0.0,1.0
1544681596382429000,0.9999864844319605,-0.0009884650976759838,0.005104301142578907,0.012266650026401742,0.0009733173177877525,0.9999951179972,0.0029692819275200077,-0.002472034474550799,-0.005107211254916954,-0.0029642736912908214,0.9999825645853455,-0.0008186642504546969,0.0,0.0,0.0,1.0
1544681596388345000,0.9999839554651218,-0.0006508651755892571,0.005627182852619611,0.007439973738704814,0.0006335529557288957,0.9999950629606889,0.003077769468216607,0.0010290047736235828,-0.005629158283961998,-0.0030741549685083442,0.9999794308625792,-0.0043155488970272205,0.0,0.0,0.0,1.0
1544681596483306000,0.999980705438056,-0.00047764401520104013,0.006193594093770461,0.005076374830766122,0.0004561798238689322,0.9999938876315634,0.0034664967159152597,0.004289826144494467,-0.006195211987651474,-0.0034636044387168453,0.9999748110791208,0.00168625386756406,0.0,0.0,0.0,1.0
1544681596489229000,0.9999837787381167,-0.0006658561460277347,0.005656756688786931,0.00866474989744348,0.0006487438865431435,0.999995210013733,0.0030263973561351393,-1.7927444803137634e-05,-0.005658744738279964,-0.0030226784778315564,0.9999794207996529,-0.0013962491496385082,0.0,0.0,0.0,1.0
1544681596584170000,0.9999836822475773,-0.0006431819199711332,0.005676403403079848,0.009854632091624859,0.0006258393377149285,0.9999951331960433,0.0030564537217067783,-0.0016581806742265906,-0.005678341632910337,-0.0030528513307052784,0.9999792180515833,0.0019747584577321617,0.0,0.0,0.0,1.0
1544681596590088000,0.9999831442660625,-0.0009729183434303781,0.005724038230273041,0.006199760537391191,0.0009530643163480666,0.999993524527289,0.00347024089908878,-0.007698491911453131,-0.005727377425446522,-0.0034647270290488206,0.9999775961562568,0.0036621505052407267,0.0,0.0,0.0,1.0
