1559194794098995359,0.049974915062465625,0.9941104826584847,-0.09616057473319375,2.1719634370399384e-06,-0.9966526499536846,0.04340115798424347,-0.06928084025128592,-0.0001360592621280336,-0.06469932924534022,0.09930099573592054,0.9929518160721884,-1.2400647147863909e-05,0.0,0.0,0.0,1.0
1559194794175226000,0.03441385401599196,0.9946690738200927,-0.09720658536151365,0.047431149831787554,-0.9972075261622516,0.027724939468926593,-0.06934318637623503,-0.342674204683708,-0.06627847627345507,0.09932150480799147,0.9928456084737167,0.03773031784253655,0.0,0.0,0.0,1.0
1559194794188477000,0.03293115637809038,0.9947303560939654,-0.09709303582014953,0.052305829977568906,-0.9972398654484533,0.02623463436510994,-0.06945786291037649,-0.37948533115738337,-0.06654464441222414,0.09911237372245738,0.9928487033154368,0.04133771940321245,0.0,0.0,0.0,1.0
1559194794276082000,0.01989910275568638,0.9950514926493593,-0.09734758695417058,0.10347396990989474,-0.9974512893076475,0.013085118398402087,-0.07014060974223302,-0.7847617094466143,-0.06851971371825114,0.09849521131903226,0.9927757763861813,0.07653667667520835,0.0,0.0,0.0,1.0
1559194794289332000,0.018061241448583874,0.9950747145433411,-0.09746847712886503,0.10849694815191957,-0.997471305837728,0.011230803751176101,-0.07017736869872294,-0.8270310035353284,-0.06873707578672444,0.09848949956003616,0.992761317179864,0.07970301909656934,0.0,0.0,0.0,1.0
1559194794376966000,0.011044181355049108,0.9951457428892695,-0.09779047227395851,0.15584790038838645,-0.9973537171208487,0.003934926645393529,-0.07259531181505027,-1.2515743523668483,-0.07185811717145019,0.09833344681064866,0.9925557637910889,0.10668104964947059,0.0,0.0,0.0,1.0
1559194794390162000,0.009896650827192988,0.9951429667530437,-0.09794147244327778,0.16086871204409567,-0.9973349438621993,0.0027429421350826555,-0.07290737973497825,-1.2995406678752048,-0.07228461837612021,0.09840199180095953,0.9925180008220602,0.10917186009996159,0.0,0.0,0.0,1.0
1559194794477767000,0.005965213289412448,0.9952063889050605,-0.09761485395658408,0.20361900526777255,-0.997060329048541,-0.0015374850633825506,-0.07660506756929089,-1.7434215998064015,-0.0763879340473848,0.09778486397307783,0.9922716381665535,0.12697685778691006,0.0,0.0,0.0,1.0
1559194794491043000,0.0047841668178643885,0.9952060819850148,-0.09768298791450318,0.20834362363805775,-0.9970208993020419,-0.0027729806129664514,-0.07708201433191199,-1.7980082839128568,-0.07698336250647828,0.09776075367224946,0.992227996449719,0.12849782054003167,0.0,0.0,0.0,1.0
1559194794578635000,7.182958914158375e-05,0.9951429084190089,-0.09844077744445101,0.24087769042110896,-0.9968566141931056,-0.0077278916510450605,-0.07884903569537396,-2.209105688849243,-0.07922679837006401,0.0981370037956511,0.9920142352335684,0.1354183927423635,0.0,0.0,0.0,1.0
1559194794591873000,-0.0010944965619110916,0.9951007733397221,-0.0988597641913625,0.2452155313698808,-0.9968335405427717,-0.008945945741727268,-0.0790117871190396,-2.2696668642623945,-0.0795090845516054,0.09846025062674672,0.9919596183919362,0.13579781550841308,0.0,0.0,0.0,1.0
1559194794679507000,-0.0030956666162868115,0.9950892769490529,-0.09893304680040205,0.27321015788049724,-0.9965321501030906,-0.011296273199630504,-0.08243826795067768,-2.698736259333415,-0.08315101117310143,0.09833476045025506,0.9916734261984027,0.1344453729329757,0.0,0.0,0.0,1.0
1559194794692736000,-0.004232364873356987,0.9950578128480396,-0.09920703693617863,0.2771990458766492,-0.9964822658565915,-0.01250018418344469,-0.0828663938439013,-2.766226465543377,-0.08369695885091286,0.09850733214059507,0.9916103693455619,0.13362721436520353,0.0,0.0,0.0,1.0
1559194794780369000,-0.006905315305828908,0.99495413262257,-0.1000929098277774,0.30105530950311843,-0.9964269959653639,-0.015272048612217553,-0.08306627620541053,-3.2137045703094858,-0.08417575857676929,0.09916167862864479,0.9915046158034628,0.12418469239137034,0.0,0.0,0.0,1.0
1559194794793595000,-0.0073047609080103115,0.9949429928665268,-0.1001752535004246,0.30459592423998333,-0.996414936980935,-0.015685845149859462,-0.0831337935091021,-3.2880540352814682,-0.08428471883654971,0.09920884641871429,0.9914906408851818,0.12197650299770273,0.0,0.0,0.0,1.0
1559194794881213000,-0.005175762055247925,0.9948225902110723,-0.10149495304144515,0.32300940387916177,-0.9967354093620813,-0.013310093139774255,-0.07963268891865,-3.7536626176172256,-0.08057130513372265,0.10075145371828799,0.991643791571698,0.1037347840795072,0.0,0.0,0.0,1.0
1559194794894452000,-0.005074884137818514,0.9948141394781832,-0.1015828403091419,0.32377151277607685,-0.996761023860795,-0.013185617508607118,-0.07933221793760224,-3.7766076560443436,-0.08026024459824568,0.10085121409879767,0.9916588756986074,0.10265775674626015,0.0,0.0,0.0,1.0
1559194794982100000,-0.003860055866520119,0.9947185192132955,-0.10256786778916903,0.33732212443392046,-0.9971622410972083,-0.011540360487402812,-0.0743927752527991,-4.259999797110383,-0.07518354140834317,0.10198964464066923,0.9919402943158299,0.07598338697321355,0.0,0.0,0.0,1.0
1559194794995336000,-0.004000477301194119,0.9947174648795635,-0.10257271198977794,0.33796151590446327,-0.9971791222853095,-0.011656330345205256,-0.07414801441159133,-4.288795492935318,-0.07495194633670764,0.10198673946380882,0.9919581194354337,0.07417000208257604,0.0,0.0,0.0,1.0
1559194795082944000,-0.006833906852002064,0.9945882815200382,-0.10366989910361461,0.34576724169708467,-0.9973841132496513,-0.014239885122816895,-0.07086717370474944,-4.78919873435958,-0.07195990796511822,0.10291441072417765,0.992083865260869,0.03823432495006725,0.0,0.0,0.0,1.0
1559194795096192000,-0.00685846268430646,0.9945704752755742,-0.10383896763610408,0.34613863909909925,-0.9973848388551487,-0.014275012900648457,-0.0708498922270018,-4.8240922652086216,-0.07194751358802762,0.10308149066059251,0.992067417856106,0.03544673169366872,0.0,0.0,0.0,1.0
1559194795099977732,0.003623775577802144,0.9930951250433153,-0.11725587774507934,0.3649495110792659,-0.9982360621236313,-0.0033561076573092917,-0.05927479074020932,-5.065498266297845,-0.05925902907122963,0.11726384420016124,0.9913312051564456,-0.014363194469518656,0.0,0.0,0.0,1.0
1559194795183793000,0.006491983351049484,0.9937516667494891,-0.11142476827337264,0.3780520124132611,-0.9986303551812532,0.0006578860068828446,-0.052316162861708586,-5.422786179860546,-0.05191596924589378,0.11161179157511517,0.9923948509130075,0.019280493506269404,0.0,0.0,0.0,1.0
1559194795197050000,0.00674123097595143,0.9937963231790155,-0.11101091766490405,0.37886901196218337,-0.9986544576154339,0.000982460594192721,-0.051848906025130176,-5.451091504066058,-0.05141818831649755,0.11121107322140164,0.9924657510983356,0.022036883028298603,0.0,0.0,0.0,1.0
1559194795284691000,0.016045788285170642,0.9941643713935822,-0.10667584229762826,0.38801906875934733,-0.9988151413314128,0.011034982045325865,-0.04739770688932242,-5.818258913956693,-0.04594394547069671,0.10730998007110086,0.9931634921057688,0.02943239563033949,0.0,0.0,0.0,1.0
1559194795297924000,0.016627922450595422,0.9941868625191836,-0.10637666374370618,0.3885018512411559,-0.9988415224637738,0.011711732792254171,-0.04667385046526109,-5.850585719035296,-0.04515667389464955,0.10702951793438809,0.9932298611567743,0.027382503792965442,0.0,0.0,0.0,1.0
1559194795385497000,0.019509703550211224,0.9947793399743422,-0.10016704162342849,0.390901519031101,-0.9992024404698822,0.015908565190122848,-0.03662513498438828,-6.225132954921755,-0.03484041369467338,0.1008016979708098,0.9942963156221519,0.007614436137733095,0.0,0.0,0.0,1.0
1559194795398774000,0.020625114861762706,0.994810113858166,-0.09963654953101275,0.39086569830399004,-0.9992113909471999,0.017128575111720862,-0.03582189436654857,-6.261980382282721,-0.033929350690886505,0.10029680593193767,0.9943788764256531,0.006733602478050544,0.0,0.0,0.0,1.0
1559194795486381000,0.02388326445720582,0.9953398545429201,-0.09342464148897017,0.4000747316198387,-0.9994068774769099,0.02145233667129854,-0.02693864330656034,-6.653710011855653,-0.02480892844771896,0.0940126119721,0.9952618478870077,-0.0011700850259627597,0.0,0.0,0.0,1.0
1559194795499612000,0.024299567956108235,0.9953806378670549,-0.09288119700198905,0.40350377871380777,-0.9994213750846287,0.021975715807872907,-0.025961181380746,-6.696477321830885,-0.023800126493338424,0.09345829911841756,0.9953386862293624,-0.0020595804254030696,0.0,0.0,0.0,1.0
1559194795587209000,0.027456533413130674,0.9958552069502801,-0.08670954712683474,0.4341629069106934,-0.9994847683334656,0.025906768593580133,-0.018948277242018825,-7.107733147162508,-0.01662337638193327,0.08718512562958011,0.9960534208698948,-0.007812442102179585,0.0,0.0,0.0,1.0
1559194795602774000,0.027591326477377963,0.9959407112311314,-0.08567857617657766,0.4381893270210777,-0.999492415554464,0.026120765721871657,-0.01823778624731578,-7.166465910285386,-0.01592576379074104,0.08613829177857008,0.9961558937923081,-0.008181740161604301,0.0,0.0,0.0,1.0
1559194795688076000,0.027955853318856142,0.9964317191795786,-0.07963855396754103,0.4619015900512892,-0.9995594661349871,0.027071215590536143,-0.012166468115166336,-7.540001412055616,-0.009967142276565118,0.0799435944855932,0.9967495561953207,-0.008637538227108369,0.0,0.0,0.0,1.0
1559194795703632000,0.028029440700144966,0.9964860358793179,-0.07892991037343126,0.4656405824807742,-0.9995723223798454,0.027282314989971884,-0.010528419679581008,-7.6036152025283865,-0.008338032513641227,0.07919125953227923,0.9968245691331485,-0.00834933122136163,0.0,0.0,0.0,1.0
1559194795788934000,0.025454678524370174,0.9969175958077587,-0.07421163325312172,0.4867819789654729,-0.9996754187283798,0.025305960529354347,-0.002943730953474541,-7.986870071222228,-0.0010566605229206725,0.07426247727191347,0.997238170116839,-0.004255198475251046,0.0,0.0,0.0,1.0
1559194795804494000,0.024576909318260984,0.9970289364275288,-0.07300188665064532,0.4904318512125201,-0.9996976736105501,0.02445776336528699,-0.0025257056080767,-8.055599885329631,-0.0007327387072286628,0.07304189029152633,0.9973286045013556,-0.0030907883783409733,0.0,0.0,0.0,1.0
1559194795889791000,0.02144645674598524,0.9975080185247466,-0.06721460013922312,0.5105732479615428,-0.9997694142519705,0.0214705909793475,-0.00036338584620300565,-8.447556347910227,0.0010806568920234407,0.06720689474920372,0.9977384754928768,0.0058807477124708015,0.0,0.0,0.0,1.0
1559194795905364000,0.021366272164503215,0.9975727601399637,-0.06627269905871197,0.5141130138501916,-0.9997708838404504,0.021404743219018786,-0.0001295862899560338,-8.521338802145154,0.001289278352835376,0.06626028368836161,0.9978015396695198,0.007997204641083241,0.0,0.0,0.0,1.0
1559194795990650000,0.02502542653023581,0.9977275196049846,-0.06255817012881199,0.5327952356244895,-0.9996814951708843,0.02518039642559966,0.0016899256664893417,-8.922030192747998,0.0032613248670464883,0.06249595393891663,0.9980398887325971,0.022028650508634662,0.0,0.0,0.0,1.0
1559194796006215000,0.025204962557206185,0.9977374174377929,-0.062327808457010754,0.5340961883256264,-0.9996761055535203,0.025375334080330467,0.0019432976245976196,-8.950679137002785,0.003520489715370589,0.062258640082125775,0.998053840174609,0.02316798399489948,0.0,0.0,0.0,1.0
1559194796091527000,0.02743234830727374,0.9979592821611042,-0.0576605360262856,0.5522175918115555,-0.9996077585993753,0.027711614283568692,0.004049121105959448,-9.360632565838792,0.0056387245260305936,0.057526842276356537,0.9983280358696911,0.04154071790555684,0.0,0.0,0.0,1.0
1559194796100973768,0.027452380378204785,0.9979607743541272,-0.05762516518047688,0.55231908147055,-0.999607026260525,0.02773332385508874,0.0040811516196504445,-9.36300246709118,0.005670966598755831,0.057490482677183506,0.9983299477324036,0.041657717571409306,0.0,0.0,0.0,1.0
1559194796107090000,0.027121095356035154,0.9978142961004713,-0.060258415878709844,0.534643172583034,-0.9996232300939374,0.027326265399881033,0.002583229732847842,-9.408316835294196,0.004224221022425535,0.06016565230110958,0.9981794679514971,0.018382946873170068,0.0,0.0,0.0,1.0
1559194796192378000,0.026306030180258358,0.9978548392572854,-0.05994758166073649,0.5436805959341867,-0.9996470175174245,0.026481621997102304,0.0021363672265806103,-9.751493876229574,0.003719293572653863,0.05987022187379843,0.9981992403263503,0.02515297761431202,0.0,0.0,0.0,1.0
1559194796207960000,0.026296788596557263,0.9978597229790326,-0.05987029451836239,0.5444677380542642,-0.9996485094560382,0.026451155599358702,0.0017871513023934775,-9.782484858828655,0.003366964779612763,0.059802254335986876,0.998204565169138,0.025709503387207358,0.0,0.0,0.0,1.0
1559194796293231000,0.022725527373739444,0.9979514843660966,-0.059802886695251085,0.5528061283798924,-0.9997412062754356,0.022746738178121652,-0.00032615516744147834,-10.120820788655045,0.0010348335724705117,0.05979482213164875,0.998210152405657,0.03147417156133893,0.0,0.0,0.0,1.0
1559194796308788000,0.022193258783339363,0.9979609911473946,-0.05984412596643513,0.5536267695410068,-0.9997533887575688,0.02220063603053682,-0.0005416895736353376,-10.154400242845048,0.0007879925953472294,0.05984138958906737,0.9982075872080501,0.03202691427862044,0.0,0.0,0.0,1.0
1559194796394081000,0.021669953688874335,0.9979789527110984,-0.059736279200930484,0.5614232923434899,-0.9997617044663423,0.021473635712880617,-0.003926480845344267,-10.487994378546585,-0.002635790143473395,0.05980713097047778,0.9982064714754155,0.03729358562043243,0.0,0.0,0.0,1.0
1559194796409675000,0.021468095946684616,0.9979844415273835,-0.05971746248543937,0.5623035231639386,-0.9997648650677295,0.0212471199966725,-0.004332951412929898,-10.524329349613838,-0.003055394004673124,0.05979644104060861,0.9982059157339991,0.03785475032582649,0.0,0.0,0.0,1.0
1559194796494919000,0.020792893098117174,0.9980229660918497,-0.059311168845627496,0.5710269661216251,-0.999770340797448,0.02044811948532756,-0.00641405264009901,-10.852085054372301,-0.0051885699731712785,0.0594309142007587,0.9982189364958458,0.042343698180110814,0.0,0.0,0.0,1.0
1559194796510511000,0.020769087272222205,0.9980169016341411,-0.05942145291446789,0.5721360797530278,-0.9997700715594042,0.020415000359345247,-0.0065598608542909685,-10.890552183767182,-0.005333763022348795,0.05954403255503876,0.9982114300883859,0.04276322030543113,0.0,0.0,0.0,1.0
1559194796595776000,0.018734661190614253,0.9980614667610368,-0.059349145207639654,0.580947617419986,-0.9998066937584462,0.018347119236988126,-0.007068120790895034,-11.174308537300373,-0.00596553316006727,0.05947009149571115,0.9982122623127843,0.04505284209499517,0.0,0.0,0.0,1.0
1559194796611378000,0.01848584381433781,0.9980713787224458,-0.05926041303897366,0.5822608793770743,-0.9998106374543503,0.018092594741878052,-0.00716569945136639,-11.21502598725923,-0.006079704893585278,0.0593816553371838,0.9982168382660244,0.04523436441741084,0.0,0.0,0.0,1.0
1559194796696633000,0.017036642345424034,0.9981114989511966,-0.059018543517988374,0.5910174006042024,-0.999833313383741,0.016619005404531293,-0.007560033561782092,-11.494284682485148,-0.006564926936778876,0.0591375035045838,0.9982282591740018,0.04577712940426591,0.0,0.0,0.0,1.0
1559194796712240000,0.01691993756657707,0.9981122582243307,-0.05903927248087508,0.5923216170953308,-0.999834484717691,0.016495115689971224,-0.007675566928629772,-11.536730574978058,-0.006687217810462742,0.05915937069224488,0.9982261517197637,0.04575378307790653,0.0,0.0,0.0,1.0
1559194796797542000,0.016518033290543778,0.9980838323294267,-0.059630681857665804,0.6001390354506394,-0.9998371698717717,0.01605482785575095,-0.008238704105039393,-11.811512229773149,-0.007265557034440305,0.05975705937476998,0.9981865083920236,0.044839647064132876,0.0,0.0,0.0,1.0
1559194796813094000,0.01633169441638469,0.9980832018547234,-0.05969252828384238,0.6012717105130142,-0.9998405176221585,0.015870685106483297,-0.008189058266938215,-11.855996929689738,-0.007226000175637724,0.059816749574666934,0.9981832203517436,0.04456956386941484,0.0,0.0,0.0,1.0
1559194796898375000,0.015657064560288616,0.9980035202968648,-0.06118684339312918,0.6081091782132059,-0.9998530795972985,0.015200348528418416,-0.007922665234452692,-12.12577724695608,-0.00697678644918826,0.061301899478522666,0.9980948860560128,0.042258485158119787,0.0,0.0,0.0,1.0
1559194796913947000,0.01557216313619142,0.9979918405141595,-0.06139864821330468,0.6093548402671789,-0.9998551992682942,0.015120985302260572,-0.007806170613375286,-12.171787016122996,-0.006862086520597773,0.06151131660637922,0.9980827970153221,0.0417690316051082,0.0,0.0,0.0,1.0
1559194796999207000,0.01477187472952711,0.9979563567808124,-0.06216833340003447,0.6175838878676788,-0.9998678436060804,0.014320818126165905,-0.007694770349452752,-12.436526235678581,-0.00678874358837636,0.06227378364095035,0.9980360157987953,0.03871244421412037,0.0,0.0,0.0,1.0
1559194797014785000,0.014627313458337706,0.9979602359849276,-0.06214023731771341,0.6192671583126534,-0.9998692542056894,0.014170255441847327,-0.007789631240586732,-12.483961714463014,-0.006893199195082434,0.062246054120908605,0.9980370296493138,0.038139695889061784,0.0,0.0,0.0,1.0
1559194797099596625,0.01368695535444377,0.9980088315105039,-0.06157141772092053,0.6297889781432542,-0.9998756877840437,0.013178497277602463,-0.00865656905976433,-12.74196361122039,-0.007827913611412026,0.061682245715788675,0.998065140324989,0.03480947472584208,0.0,0.0,0.0,1.0
1559194797100065000,0.012795410875693275,0.9979867363650933,-0.0621188497951096,0.6260303725778164,-0.9998948559285726,0.012346486623724527,-0.007605350460763367,-12.674297788552668,-0.006823089337173739,0.062209631950328415,0.9980397823456238,0.027665791060775304,0.0,0.0,0.0,1.0
1559194797115663000,0.012427515630496603,0.9979987366573965,-0.06200063294431545,0.627230330794342,-0.9998996418749209,0.011981541361389951,-0.007559685509552997,-12.725412333025652,-0.0068016934400063275,0.06208835878687209,0.9980474801679001,0.02831739265052528,0.0,0.0,0.0,1.0
1559194797200969000,0.010583728449685085,0.9980236412968462,-0.06194187682565131,0.632806269853231,-0.9999270569966389,0.010202719228774878,-0.006464147769370221,-12.990752508473102,-0.005819396716912504,0.062005773383770876,0.9980588252647912,0.031626062514776516,0.0,0.0,0.0,1.0
1559194797216519000,0.010511548300873549,0.9980239838341721,-0.06194864844443021,0.6331725535846126,-0.999927938997908,0.010131923259708978,-0.006439017196147663,-13.010515022824233,-0.005798634641994281,0.06201186840301352,0.9980585674265064,0.031844750471827776,0.0,0.0,0.0,1.0
1559194797301804000,0.008525886270216975,0.998034208940846,-0.06208886411527055,0.6373899566247048,-0.9999505899844726,0.00819193749016643,-0.005631141080354927,-13.268611407398385,-0.005111443339898831,0.06213380677195282,0.9980547395824594,0.03420651168468528,0.0,0.0,0.0,1.0
1559194797317367000,0.008471010660903106,0.9980307094224372,-0.06215259470151819,0.6377185411822448,-0.9999514037301003,0.008141064686830811,-0.005559967981864411,-13.29014613157197,-0.005043030495386621,0.062196672865300937,0.9980511718984687,0.03437422752412722,0.0,0.0,0.0,1.0
1559194797402660000,0.008870993905373437,0.9979604622847389,-0.06321567197741758,0.640845978920263,-0.9999537184534881,0.00861776938183994,-0.004277265706958714,-13.53939713983752,-0.0037237639798119995,0.06325068985637206,0.9979907233108511,0.03621354986443553,0.0,0.0,0.0,1.0
1559194797418235000,0.00866596152117858,0.9979610677135713,-0.0632345509899961,0.6410994694693903,-0.9999555600834329,0.008413812883682408,-0.004252718069769433,-13.56246583412337,-0.0037120033857783023,0.06326859474298005,0.9979896321856793,0.03637342576890422,0.0,0.0,0.0,1.0
1559194797503538000,0.006341489438025549,0.9979829453417045,-0.06316507198442267,0.6437779963211212,-0.9999678430342275,0.006018658669662125,-0.005299872196658126,-13.80231352275994,-0.004909013056636872,0.06319664987092191,0.997989020498675,0.03804313196543217,0.0,0.0,0.0,1.0
1559194797519078000,0.006096877531700813,0.9979747727569254,-0.06331809397895122,0.6440718285512115,-0.9999684363998171,0.005761975847386653,-0.005470451392358465,-13.826615653375352,-0.005094535156957411,0.06334944810413187,0.9979784031412873,0.038223702495908334,0.0,0.0,0.0,1.0
1559194797604377000,0.004561419387968328,0.9979159100257404,-0.06436637298044778,0.6466875478893775,-0.9999670951769049,0.004120056492597736,-0.006988111187156796,-14.056540983878449,-0.00670835424178981,0.06439613072218571,0.9979018670848238,0.03975962584150038,0.0,0.0,0.0,1.0
1559194797619956000,0.004428739533214204,0.9979071257954677,-0.06451166214553054,0.6469785061325798,-0.9999668165547342,0.003978300561667967,-0.007109072655706012,-14.081923768189071,-0.006837547479178953,0.06454100565743669,0.9978916306559507,0.03988845186213337,0.0,0.0,0.0,1.0
1559194797705222000,0.004450040052057221,0.9978771817145969,-0.06497174275686511,0.6491703880171675,-0.999954782566251,0.003894436596564318,-0.008675608709293273,-14.301923282485761,-0.008404163635753562,0.06500741170762325,0.9978493906680819,0.04095266086599907,0.0,0.0,0.0,1.0
1559194797720802000,0.004369839908970024,0.9978717297885092,-0.06506085910943704,0.6493637270291501,-0.9999535694733219,0.0038016306204108727,-0.008854744614198386,-14.328087348670488,-0.008588561970824896,0.06509653211588233,0.9978420105957427,0.041082424425618526,0.0,0.0,0.0,1.0
1559194797806084000,0.005146117217893823,0.9978531240601642,-0.06528905176938553,0.6499894496427265,-0.9999455296830255,0.004542053691215836,-0.009397202520192507,-14.514116027585512,-0.009080481513615346,0.06533385455972916,0.9978221446249067,0.04202235049650299,0.0,0.0,0.0,1.0
1559194797821665000,0.005256775827473019,0.9978382998164513,-0.06550644034991528,0.6499955424675532,-0.9999435930700588,0.004640676645519397,-0.009553784506995538,-14.541003022988058,-0.009229137881410115,0.06555296743618218,0.9978064098181921,0.042143787973850114,0.0,0.0,0.0,1.0
1559194797906961000,0.005296177612755634,0.9977902700577697,-0.06623086501573218,0.6496862728428778,-0.9999255435013075,0.004556097055308944,-0.01132031065137241,-14.719010310560229,-0.010993541572902232,0.06628588807325804,0.997740107987059,0.04284028753435749,0.0,0.0,0.0,1.0
1559194797922535000,0.005211591812729541,0.9977876267042478,-0.06627738156174705,0.6496132234780222,-0.9999233405539474,0.0044553728743884635,-0.011552604380657751,-14.746400668722865,-0.011231755259233844,0.0663325082327978,0.9977343564423019,0.04292981612101289,0.0,0.0,0.0,1.0
1559194798007818000,0.005427315996503416,0.9977886511341262,-0.06624463683205062,0.6492992241274075,-0.999905543200269,0.004578446193961997,-0.012959263398415638,-14.9164186271776,-0.01262730844062323,0.06630871359320054,0.9977192518856004,0.04337704695972293,0.0,0.0,0.0,1.0
1559194798023392000,0.005454517976487334,0.9977883956526957,-0.06624625072007503,0.6493081615422963,-0.9999033631188472,0.004594961000750842,-0.013120623347093125,-14.944179988328194,-0.01278720678095459,0.06631141556492787,0.9977170357914672,0.043425946856162884,0.0,0.0,0.0,1.0
1559194798099500605,0.004830556303536548,0.9978433926080299,-0.06546166476874847,0.6494977015299155,-0.9998971810130208,0.003935897897338293,-0.013788985095016415,-15.087995627479211,-0.013501597239113122,0.06552154253556194,0.9977598079376372,0.04364744364413838,0.0,0.0,0.0,1.0
1559194798108667000,0.004776327028298461,0.9978506107703052,-0.06535552987654143,0.6495148500725192,-0.9998961219040046,0.0038768860278447182,-0.013882188446521245,-15.104732509701623,-0.013598974279569222,0.06541504674042356,0.9977654732242897,0.04367322534822924,0.0,0.0,0.0,1.0
1559194798124238000,0.004878401371705571,0.9978550859944092,-0.06527961822154003,0.6495718009312572,-0.9998949626599611,0.0039765920240013,-0.01393737289085978,-15.132555707582142,-0.01364788801539526,0.06534075352311326,0.9977696733624192,0.04370856951945678,0.0,0.0,0.0,1.0
1559194798209552000,0.004612230606296358,0.9978872524521641,-0.06480554545946784,0.6497991908403669,-0.9998844536649347,0.003663343116903359,-0.014753278835285315,-15.286558467805838,-0.014484703932707652,0.06486610294038475,0.9977888464205802,0.04386065771391328,0.0,0.0,0.0,1.0
1559194798225089000,0.004499742152589035,0.997895261040324,-0.06469003256935958,0.6498088229099109,-0.9998821354734744,0.0035402410700911898,-0.01493927220997209,-15.314208526944695,-0.014678810631594926,0.06474963078219291,0.9977935747598337,0.04387948694281036,0.0,0.0,0.0,1.0
1559194798310382000,0.004286487883807553,0.9979163012077686,-0.06437920320586757,0.6494001548218159,-0.9998606012409785,0.0032381294730437697,-0.016379639909047308,-15.459386473021917,-0.016137041477799912,0.06444043995284458,0.9977910731165265,0.043950211919440485,0.0,0.0,0.0,1.0
1559194798325948000,0.004110938480099211,0.9979255808213563,-0.06424667561182845,0.6492740511121227,-0.9998544655531052,0.0030381062821090528,-0.0167874245709804,-15.486611684398916,-0.016557412186709367,0.0643063375770798,0.9977928377419327,0.043944850642336025,0.0,0.0,0.0,1.0
1559194798411231000,0.004187481720024096,0.9979670595891993,-0.0635941268650544,0.6484606924641788,-0.9998168816121575,0.0029907844928035695,-0.018901281741380012,-15.623093208225846,-0.018672660233450888,0.06366163038284293,0.9977968373255193,0.04388746861862148,0.0,0.0,0.0,1.0
1559194798426795000,0.004164771966744044,0.9979749509149477,-0.06347166313223301,0.6483925361213801,-0.9998125495451203,0.0029554746506821,-0.01913454837899158,-15.633532698626308,-0.01890821108787983,0.06353945637079311,0.9978001889344147,0.04387553979887664,0.0,0.0,0.0,1.0
1559194798512098000,0.003939082663799112,0.99805271456972,-0.06225160694935186,0.6472777873465271,-0.9997583583601046,0.002584213533787496,-0.02182995028682559,-15.762064498216713,-0.02162656969750996,0.06232255434768839,0.9978217229058004,0.04359484194501554,0.0,0.0,0.0,1.0
1559194798527671000,0.00395401304514115,0.9980541349578143,-0.062227883416119414,0.6471516662413863,-0.9997549006553003,0.002589874754323908,-0.02198706811878826,-15.773079406593947,-0.021783121827281187,0.06229956855683922,0.9978197529419256,0.043558912575377,0.0,0.0,0.0,1.0
1559194798612931000,0.0039702517326340786,0.9980744800061088,-0.06189967254928958,0.6457345318344523,-0.9997263110059849,0.0025344558015239055,-0.023256818702552008,-15.893379302115175,-0.02305515524894121,0.06197506671492826,0.9978113804332601,0.043125135295038086,0.0,0.0,0.0,1.0
1559194798628527000,0.00404425216772187,0.9980795756661868,-0.06181265778471417,0.6456053865028449,-0.9997224610491703,0.00260081479220686,-0.02341445357464136,-15.904776326682068,-0.023208724613521504,0.06189019631915085,0.9978130880587737,0.04308341380258104,0.0,0.0,0.0,1.0
1559194798713789000,0.004564468977184857,0.9980960465152016,-0.06150973543818771,0.6446431768821945,-0.9996700057504493,0.002999411798043109,-0.025512411327934484,-16.017169050813926,-0.025279343857313424,0.0616058881892406,0.997780371281455,0.04250809273227605,0.0,0.0,0.0,1.0
1559194798729371000,0.004517020139821688,0.9980991559676777,-0.06146276422083936,0.6445623996858639,-0.999664397867487,0.0029391524633170132,-0.025738162697146735,-16.028754193887867,-0.02550859002931887,0.06155839698536284,0.9977774679733472,0.04243452247094812,0.0,0.0,0.0,1.0
1559194798814671000,0.004463719739477651,0.9981446402048648,-0.06072357397570004,0.6439917403957531,-0.9996104729878528,0.0027808509175161326,-0.027769932682338436,-16.132813170978125,-0.02754954625932108,0.06082387770003972,0.9977682488446076,0.041778184256362254,0.0,0.0,0.0,1.0
1559194798830230000,0.00456602132901719,0.9981543479821414,-0.06055616445558793,0.6439325473282446,-0.9996044771758495,0.0028754416259132278,-0.027975364974337735,-16.144419644882948,-0.027749606469541145,0.06065994922356352,0.9977726844832814,0.041701249006349354,0.0,0.0,0.0,1.0
1559194798915529000,0.00476987104442489,0.9982080657089828,-0.05964818424518096,0.6437072441351857,-0.9995594928054474,0.0030120319981559833,-0.029525379011371727,-16.240165162120544,-0.029292809232687875,0.059762741041300256,0.9977827148785888,0.04121519052326381,0.0,0.0,0.0,1.0
1559194798931088000,0.004739060982485625,0.9982067508344141,-0.05967263937189357,0.6436952120935588,-0.9995536921477975,0.0029684707258025907,-0.029725488982497925,-16.25160451824356,-0.02949504729107648,0.05978687790940351,0.99777531108719,0.04116880077831145,0.0,0.0,0.0,1.0
1559194799016386000,0.004971962542158644,0.9982314008205809,-0.059239767084752176,0.6436587487445731,-0.9995060975553413,0.0031226044679525675,-0.03126995828326696,-16.329022564452654,-0.03102967189932764,0.05936598148024663,0.9977538973638275,0.040797030208225595,0.0,0.0,0.0,1.0
1559194799031955000,0.005021349135853636,0.9982339755516552,-0.05919219633698245,0.6436630220491376,-0.9994980699639499,0.0031585549631905734,-0.03152192362272889,-16.34022422165334,-0.03127929332942991,0.05932076857968557,0.9977487921435545,0.04071967667720546,0.0,0.0,0.0,1.0
1559194799099076452,0.005236481432168468,0.9982445773978648,-0.05899443158445748,0.6436418636295879,-0.9994694835761665,0.0033282040942832864,-0.03239867987263914,-16.39454870079656,-0.03214546098897182,0.05913278915516806,0.9977324203334944,0.0401623469921625,0.0,0.0,0.0,1.0
1559194799117243000,0.0053389719472173155,0.9982509942541417,-0.05887654753090421,0.6436264051506949,-0.9994632176466108,0.003423808137765691,-0.032581499494736973,-16.409405339726025,-0.03232293226235236,0.05901889535096116,0.997733430351775,0.039952155109598715,0.0,0.0,0.0,1.0
1559194799132827000,0.005331227754184519,0.9982455799303439,-0.058968976251653565,0.6436347108534463,-0.9994579564800343,0.0034033922473247226,-0.032744620168149025,-16.42015775301215,-0.032486477792745064,0.05911158152803914,0.9977226316416147,0.039785990983261084,0.0,0.0,0.0,1.0
1559194799218097000,0.005587369546562564,0.9982306958745488,-0.059196782981508204,0.6437149890033496,-0.9994258189141787,0.0035961102489742076,-0.033691252259376296,-16.483405921269565,-0.03341876402977624,0.05935103878523774,0.9976776234865826,0.03862693213548592,0.0,0.0,0.0,1.0
1559194799233661000,0.0055684539467899495,0.9982213345011905,-0.05935621001468188,0.6437778362492933,-0.9994204616090608,0.003562153799953622,-0.03385338945265515,-16.49358069470786,-0.03358173964776316,0.05951032185234847,0.9976626626045773,0.0384188817932482,0.0,0.0,0.0,1.0
1559194799318957000,0.0058827577452115675,0.9981877096611543,-0.05988897596992643,0.6441270909833916,-0.9993918651683262,0.0038102766120383475,-0.034660952490087174,-16.549561731954498,-0.03436994321629731,0.06005645738432265,0.9976030918806119,0.03719207972354555,0.0,0.0,0.0,1.0
1559194799334519000,0.005892290911532809,0.9981824883314706,-0.059975002261042604,0.6442342031232007,-0.9993869391225236,0.0038082953756980982,-0.03480291363716576,-16.55889568148626,-0.034511256411762975,0.0601433028252501,0.9975929812835223,0.036974356475344555,0.0,0.0,0.0,1.0
1559194799419814000,0.006163580660951309,0.9981693391379971,-0.06016627525655094,0.6449312412094891,-0.9993517643095763,0.004014414245866415,-0.035776188304564666,-16.607134993875846,-0.03546916188433335,0.06034778275192578,0.9975470333132934,0.03578727253146522,0.0,0.0,0.0,1.0
1559194799435376000,0.006162630655604671,0.9981563114272978,-0.060382116071369694,0.6451029134702555,-0.9993475890016935,0.003998602791294816,-0.03589439416137996,-16.615469212635148,-0.035586771979173086,0.060563926008567914,0.9975297451838337,0.03556463850082868,0.0,0.0,0.0,1.0
1559194799520662000,0.006162442113367345,0.9981025685443123,-0.06126407570870302,0.6462442173699244,-0.9993261518646018,0.00392998755365959,-0.036493799436633514,-16.655679123658913,-0.03618378789862344,0.06144768395204436,0.9974542173103683,0.03442154477010339,0.0,0.0,0.0,1.0
1559194799536257000,0.006154084108664715,0.9981024370917567,-0.061267057382269,0.6463403206954221,-0.9993233888062882,0.003916767106284655,-0.036570801469793385,-16.658364383121313,-0.03626143727834573,0.0614506631936058,0.9974512139245556,0.03433546485082819,0.0,0.0,0.0,1.0
1559194799621509000,0.005985761851978543,0.9980716199086831,-0.06178359157498687,0.6475604823905187,-0.9992890946522954,0.003670395681472654,-0.037521107453590816,-16.69123968868645,-0.0372219822692707,0.061964261702974886,0.9973840555711492,0.03311795769630319,0.0,0.0,0.0,1.0
1559194799637112000,0.006002485232011838,0.9980669625345491,-0.06185716181737101,0.6476608524545102,-0.9992864420270683,0.0036800591417024027,-0.03759074281770443,-16.693649905199777,-0.03729044048965782,0.06203866102499795,0.9973768733965652,0.03302143103503781,0.0,0.0,0.0,1.0
1559194799722379000,0.006300685025955268,0.9980154962187042,-0.06265277867366313,0.6487908564598672,-0.9992442935844799,0.0038805057119574754,-0.03867535926507943,-16.718904789445304,-0.038355483402862066,0.06284911282386338,0.9972857393496544,0.031875305228123776,0.0,0.0,0.0,1.0
1559194799737951000,0.006334553780896112,0.998011401576937,-0.06271455772656874,0.6488883152716278,-0.9992399707895627,0.0039051579586190047,-0.038784410757242906,-16.720877178193813,-0.03846237388494435,0.06291257476657992,0.9972776211924983,0.03176791713251924,0.0,0.0,0.0,1.0
1559194799823248000,0.006415787075509077,0.997952226072807,-0.06364111998172871,0.6499912375567845,-0.999201855219576,0.0038885188644686235,-0.039755904552677586,-16.73827703038737,-0.03942702375227792,0.0638453905725987,0.997180663621529,0.030783809899209993,0.0,0.0,0.0,1.0
1559194799838818000,0.006404653721722661,0.9979480277708972,-0.06370803935833391,0.6501117816237182,-0.9991968700092403,0.0038665675782575486,-0.039883137024214796,-16.739639652375406,-0.03955496649517422,0.06391231120324987,0.9971713098070069,0.030701497984764962,0.0,0.0,0.0,1.0
1559194799924104000,0.006490479685916645,0.9979143497877426,-0.06422479397513448,0.6513862828654735,-0.999149034529926,0.003855601378795003,-0.04106508414614906,-16.748987643897713,-0.040731811540480244,0.06443667298758943,0.9970901838364077,0.029980104489615775,0.0,0.0,0.0,1.0
1559194799939687000,0.00651322844796456,0.9979122556404568,-0.06425502235438672,0.6515218174160461,-0.9991440482541594,0.0038693930062861813,-0.041184932148102496,-16.749574170727186,-0.0408503206041951,0.06446827002751901,0.9970832931436515,0.029904657431034404,0.0,0.0,0.0,1.0
1559194800024980000,0.006545981901092279,0.9978672391496417,-0.06494707963270889,0.6525669910825065,-0.9991110256758381,0.0038216547892550084,-0.0419827741776534,-16.751126528164434,-0.0416450296425717,0.06516416182641005,0.9970051772781982,0.029289532548922602,0.0,0.0,0.0,1.0
1559194800040523000,0.006569565108433899,0.9978642898820306,-0.06498999763439847,0.6526622579761375,-0.9991100073555388,0.003842009419615297,-0.04200514451380533,-16.75098195636235,-0.04166574151856818,0.06520811254631409,0.9970014383348954,0.02924129054079846,0.0,0.0,0.0,1.0
1559194800099014058,0.0065993711683692445,0.9978440802542118,-0.06529655275595533,0.6530532690813919,-0.9991009423885961,0.003844910541062131,-0.04221994293154679,-16.75011425737136,-0.04187786071892809,0.06551647246731551,0.9969723349306345,0.029053198681592254,0.0,0.0,0.0,1.0
1559194800125812000,0.0065845787373648035,0.997837323704706,-0.06540121363304859,0.6532492733161189,-0.999101828931389,0.0038269714200712887,-0.0422005890445757,-16.749666743652437,-0.041859034255590136,0.06562034525643777,0.9969662940840174,0.02891029154393813,0.0,0.0,0.0,1.0
1559194800141410000,0.006562974491957691,0.9978366695168606,-0.06541336509705722,0.6533302241092244,-0.9991026390687744,0.0038059667664233025,-0.04218330502430681,-16.74949816187037,-0.04184308750102869,0.06563151365370132,0.9969662283366979,0.028837148713315004,0.0,0.0,0.0,1.0
1559194800226677000,0.006442278405624643,0.9978261414643276,-0.06558573365720127,0.6538789372021451,-0.9991135310126616,0.0036942918305285137,-0.041934524622155384,-16.749112937578296,-0.04160107205781731,0.06579774782072517,0.9969653991916487,0.02814815758057847,0.0,0.0,0.0,1.0
1559194800242269000,0.006451001808152677,0.9978224828015146,-0.0656405163865516,0.6539637829280225,-0.999114417139903,0.003702178480082534,-0.04191271093219919,-16.749174653704628,-0.041578432376121285,0.06585276524432078,0.996962711073397,0.028035653862061066,0.0,0.0,0.0,1.0
1559194800327526000,0.006373453476623199,0.9978011473622781,-0.06597158034561956,0.6545184226417436,-0.9991021645468818,0.003590741785436078,-0.042213402743313824,-16.74967730241489,-0.04188369478114636,0.06618139388036089,0.9969281715427311,0.027443641964299756,0.0,0.0,0.0,1.0
1559194800343127000,0.006320395054188072,0.9978032957585239,-0.0659441853372232,0.6546024259737268,-0.9990952144528618,0.003527520457523621,-0.042382886367082526,-16.749743358437886,-0.04205716423800198,0.06615239657678985,0.996922793080488,0.027369716953369736,0.0,0.0,0.0,1.0
1559194800428394000,0.006170842776227568,0.9978146144273085,-0.06578689789545582,0.6549531642197203,-0.9990423488100872,0.003301938093148748,-0.04362891803444599,-16.749949161590923,-0.04331634776223053,0.06599312418809243,0.9968794318153213,0.027166228416594898,0.0,0.0,0.0,1.0
1559194800443994000,0.00623392848916402,0.9978166510759339,-0.06575004921064985,0.6549741853809136,-0.9990347813817135,0.003355531139452113,-0.0437977853361799,-16.7499628429564,-0.04348153315114267,0.06595961830076882,0.9968744580078464,0.02718752223839531,0.0,0.0,0.0,1.0
1559194800529290000,0.006581905569770334,0.9978372000019657,-0.06540337003018078,0.6550092259780479,-0.9989885595162498,0.003651995150046959,-0.044816524709962946,-16.750131760551323,-0.04448074274026157,0.06563219654756408,0.9968519841489095,0.027610467009862142,0.0,0.0,0.0,1.0
1559194800546901000,0.006608574823810463,0.9978400908541968,-0.06535655914206549,0.6549858385295471,-0.9989774984337185,0.003664676309343356,-0.045061377815704295,-16.750182915866443,-0.04472453869968945,0.06558752344493601,0.9968440160859947,0.027755970837439015,0.0,0.0,0.0,1.0
1559194800630114000,0.006663814529533971,0.9978613626269784,-0.06502533777029657,0.6547978326840657,-0.9989355337469465,0.0036746184656939857,-0.045981481020526606,-16.750214320175953,-0.0456441999998408,0.06526253255396,0.9968236598571577,0.028554452107801852,0.0,0.0,0.0,1.0
1559194800647778000,0.006608994190699901,0.9978721237857933,-0.0648655977157415,0.6547412076003988,-0.9989256468570228,0.003612748473859966,-0.04620065042546574,-16.750142355098657,-0.04586799807119081,0.06510124898723396,0.9968239333669903,0.028736088301789812,0.0,0.0,0.0,1.0
1559194800730953000,0.006569453514403803,0.9979123137196728,-0.06424839614472178,0.6544389008512833,-0.9988723700876238,0.0035275728185244397,-0.04734495227105769,-16.749568938408565,-0.04701946996788493,0.06448697819449258,0.9968102121704432,0.02942111506466668,0.0,0.0,0.0,1.0
1559194800748616000,0.006590673576232295,0.9979167165649714,-0.06417779851320234,0.6543997482390405,-0.998867953143273,0.0035462201382359467,-0.047436657830114505,-16.74950062369363,-0.0471102452251286,0.06441778576543059,0.9968104000620687,0.02947856706823951,0.0,0.0,0.0,1.0
1559194800831830000,0.006617354758715221,0.9979574450472674,-0.06353855908599026,0.6540367083518004,-0.9988303629780565,0.003552967551379156,-0.04822118222014725,-16.74892418962117,-0.04789693736688315,0.06378333870459708,0.9968137083199498,0.029983352821905066,0.0,0.0,0.0,1.0
1559194800849498000,0.0066317406817203595,0.9979616764947917,-0.06347056217835334,0.653997831727971,-0.9988271228320491,0.0035664124820311677,-0.048287259158635173,-16.748873507874265,-0.04796247189809555,0.06371634758610949,0.9968148415526855,0.030047967474937178,0.0,0.0,0.0,1.0
1559194800932667000,0.00677217932411457,0.9980029282612379,-0.0628036047468148,0.653653025172257,-0.9987959473018333,0.003699185451080631,-0.04891800977589764,-16.74845345263598,-0.04858799482010305,0.06305926743144548,0.9968263316899147,0.030646567924548857,0.0,0.0,0.0,1.0
1559194800950355000,0.006765579888624541,0.9980100359044085,-0.06269126863329731,0.6536071686941504,-0.9987867208119172,0.003686125612896774,-0.04910701383444572,-16.748398117755265,-0.04877820474905921,0.06294744404697976,0.9968241098756631,0.03072491585212982,0.0,0.0,0.0,1.0
