1544581126870152013,0.940761947591407,-0.2687398624410135,0.2067506814963434,-0.0004098115057314359,0.27625460468102153,0.9610526786859723,-0.007819346714973618,-4.9490284670480414e-05,-0.19659692611164972,0.06447197162877552,0.9783624141992289,-3.691761116842048e-05,0.0,0.0,0.0,1.0
1544581126874306000,0.9406476350694075,-0.2692037804074581,0.2066672476534729,0.005122800663876203,0.27674052959032996,0.9609121483323606,-0.00790711510909479,-4.912861589351019e-07,-0.1964604436531497,0.06463101269218965,0.9783793365959789,-3.789309341055071e-05,0.0,0.0,0.0,1.0
1544581126901587000,0.9322560803381308,-0.30122559054558384,0.20040395273807643,0.21598507884259321,0.3114624411150739,0.9500284409821121,-0.02090715427168184,-0.14719498797918165,-0.18409168489429212,0.08190912602125425,0.9794902483573877,-0.06049072567659691,0.0,0.0,0.0,1.0
1544581126919992631,0.9253502582017838,-0.31303510129263823,0.21385959179938016,-0.29161339478478715,0.32386353172472443,0.9459565599103315,-0.016691302567328356,-0.2774986109136987,-0.1970769201724998,0.08470662383375746,0.9767218004191422,0.2860054517592958,0.0,0.0,0.0,1.0
1544581126975123000,0.9333610992876324,-0.2973506297175361,0.20104641589235497,0.45825268560111887,0.306987026998078,0.9515464648333887,-0.017840698359858326,0.027474260189978,-0.1860000634178887,0.07837045533662908,0.9794192402331455,-0.002092746392185229,0.0,0.0,0.0,1.0
1544581127002446000,0.9319045745505073,-0.3026680345605586,0.1998647662472898,0.55493844506226,0.312755579761741,0.9496186214006597,-0.020209433861490878,0.03911526542487775,-0.18367855416387746,0.0813420847062154,0.979615053985958,-0.0029944985058792425,0.0,0.0,0.0,1.0
1544581127019993074,0.9308382510059956,-0.30770640199903004,0.19712158844964142,0.6397922274190084,0.31802954008943385,0.9478199386343044,-0.022239054785758765,0.050924245696030386,-0.1799926723358503,0.08339145097714057,0.9801267794572934,-0.0038892887208704595,0.0,0.0,0.0,1.0
1544581127076008000,0.9242346012504432,-0.328429875289277,0.19474141539206039,0.9090296695825563,0.3395945382977939,0.9402113289782804,-0.026042396571776066,0.0977552790626569,-0.1745449839145785,0.090202405058647,0.9805088345914579,-0.007358074510327188,0.0,0.0,0.0,1.0
1544581127103314000,0.9223445227968076,-0.33428866827518594,0.19373091526531835,1.0130515413039012,0.34585100823048887,0.9378634890852894,-0.028269346414864373,0.11940620222575772,-0.17224302996838278,0.09307610919872183,0.9806473252519186,-0.008974424880582657,0.0,0.0,0.0,1.0
1544581127120072163,0.9215717558937011,-0.33695763040246557,0.19278240078531397,1.0489488907486546,0.3486178678307769,0.9368130777632854,-0.029100507913159223,0.12736169383242069,-0.17079543602835853,0.09402559569200274,0.9808099236787152,-0.009549967365841195,0.0,0.0,0.0,1.0
1544581127176865000,0.9139236070066494,-0.3593195593093121,0.18876730345512371,1.3281801675216118,0.3718130900216805,0.927673147807704,-0.0343155493191431,0.19776765484162565,-0.16278411054057462,0.10154794500287544,0.9814221050196543,-0.014151911606165943,0.0,0.0,0.0,1.0
1544581127204162000,0.9115257442430621,-0.3660645273536599,0.18739685001483208,1.4379972119387072,0.37890002287967606,0.9247104766454984,-0.03667842749946641,0.22957181317129424,-0.15986115927241212,0.10443800168231608,0.9815992632233806,-0.015955043626617784,0.0,0.0,0.0,1.0
1544581127219818944,0.9106547788460444,-0.36877677512998713,0.18631039662239512,1.4730274591731845,0.3816782864136278,0.9235312323054093,-0.03757324362910655,0.24018398809857444,-0.15820733056727376,0.10532688679147127,0.9817722177132484,-0.016528748502328022,0.0,0.0,0.0,1.0
1544581127277721000,0.89987342427276,-0.39622944367249513,0.1822911085450974,1.760058980497034,0.40976731801297805,0.9112144280835339,-0.042178325486527175,0.3355645510844713,-0.14939399377507034,0.11265209283178929,0.9823395240977262,-0.021085976213692233,0.0,0.0,0.0,1.0
1544581127305017000,0.8962376922922345,-0.4052924487414286,0.18026655238248676,1.8758212781681467,0.4190433081872019,0.9068778828612442,-0.044443350915845434,0.3782852006863517,-0.14546719485236756,0.1153712987284107,0.9826132294303304,-0.02278168667562421,0.0,0.0,0.0,1.0
1544581127319793785,0.8950480615635837,-0.40851280937552703,0.17890291240610748,1.9111713124808727,0.422276389849034,0.905330512680681,-0.04537965827770215,0.391797830200332,-0.14342809371716203,0.1161634511602043,0.9828196347993916,-0.023279882790681976,0.0,0.0,0.0,1.0
1544581127378558000,0.8831554416265401,-0.4369980040669437,0.1704969511954373,2.205398787290897,0.4508580353198003,0.8911149393884255,-0.05139257520630099,0.5126480080327891,-0.12947392754141904,0.1222575528966364,0.984017069387885,-0.026950807230281863,0.0,0.0,0.0,1.0
1544581127405899000,0.8795057652564597,-0.44496600260463204,0.16874497150050508,2.326589677070764,0.4589524456930968,0.8868460278763827,-0.05354227705478101,0.566784745723113,-0.12582631470792016,0.12453665872320739,0.9842044295577427,-0.02814852943856013,0.0,0.0,0.0,1.0
1544581127419704694,0.8784389662341997,-0.4475807930105919,0.16738105128539685,2.3612662393015422,0.46154097828382046,0.8854405929240575,-0.05454247672321993,0.5827298176941491,-0.12379381230985306,0.12516545102503468,0.9843823961771621,-0.028456566128097213,0.0,0.0,0.0,1.0
1544581127479416000,0.8647019198754229,-0.47497318010677925,0.16337401244692773,2.6612725515931874,0.4890734428198644,0.8702856161462779,-0.058396180159529514,0.7290818488230953,-0.11444543368820329,0.13039717983205035,0.9848344115635701,-0.030421532821376655,0.0,0.0,0.0,1.0
1544581127506752000,0.8601778098547892,-0.48376093948158244,0.16146048700940147,2.7871472625468527,0.4978820914822642,0.8651418633471559,-0.06035709788799056,0.7950415925842453,-0.11048782020957633,0.13230612123446922,0.9850317415541638,-0.030828285828302698,0.0,0.0,0.0,1.0
1544581127520058061,0.8588290395421623,-0.48667035148504034,0.1598894925394364,2.8239549523550678,0.5007188525319917,0.8634244342356305,-0.0614725718017592,0.8148337417102421,-0.10813561651063303,0.13285411303496053,0.985218997528751,-0.030897583323345988,0.0,0.0,0.0,1.0
1544581127580273000,0.8473863061130837,-0.5075751074020083,0.1558972692444102,3.1281706522402644,0.5215945983853212,0.8506760810384022,-0.06549259564567997,0.9871990527306491,-0.09937566677653036,0.13681270224285635,0.9855996963056165,-0.03057332852649121,0.0,0.0,0.0,1.0
1544581127607626000,0.843102115937228,-0.5153701704128335,0.15353308943291763,3.258134314567642,0.5293080664802045,0.8457204602253835,-0.067748608215638,1.0656848450709406,-0.09493046329370593,0.13838529764687685,0.9858182979302165,-0.029918604534688,0.0,0.0,0.0,1.0
1544581127619757270,0.8419652538720875,-0.5177508978839663,0.15175150415223368,3.293192924677091,0.5315730236940303,0.8441889194575892,-0.06910274050868616,1.0873575184747941,-0.09232893237172232,0.13884911236797287,0.9860001481955885,-0.029685536025434264,0.0,0.0,0.0,1.0
1544581127681176000,0.8314310385258405,-0.5360490011313722,0.14619814144475868,3.60057869585306,0.5495796024930454,0.832119860274985,-0.07442310568319788,1.2865430661303903,-0.08175994556890163,0.14222519650893173,0.986451876564976,-0.02654408402924706,0.0,0.0,0.0,1.0
1544581127708477000,0.8275322886144002,-0.5423111820887553,0.14522015384274964,3.7343915969870918,0.555827844935591,0.8278209903375299,-0.07594613058509793,1.3785051459239412,-0.07902985571840154,0.14356528040612504,0.98648025432192,-0.024527542710120993,0.0,0.0,0.0,1.0
1544581127719718476,0.8266052406448697,-0.5440975258265305,0.1438111905516756,3.768980750685212,0.5575070304883188,0.8265762597495391,-0.07718547644831908,1.402802642084423,-0.07687448923105948,0.1439776691293064,0.9865904640211941,-0.02393912934016188,0.0,0.0,0.0,1.0
1544581127782031000,0.8185844917086874,-0.5573761976774552,0.13874870881075693,4.077738723487435,0.5704494368425272,0.8171317153206649,-0.082965051817966,1.6293699514583104,-0.06713322530664968,0.1470630275757183,0.9868462879193424,-0.01738777852585094,0.0,0.0,0.0,1.0
1544581127809357000,0.8153031493892862,-0.5625742838862636,0.13708008500788862,4.214163756223962,0.5755455120856376,0.8133027973854297,-0.0853576199475921,1.7351599470863144,-0.06346761468649538,0.1484881640902541,0.9868754364209875,-0.013724251203524739,0.0,0.0,0.0,1.0
1544581127819556972,0.8143374454989205,-0.5640905436207537,0.1365883723306649,4.247646298370212,0.5770297026330338,0.8121748053553036,-0.08607443189066634,1.7616708556023046,-0.06237986163440159,0.1489091808577099,0.9868813549352109,-0.012750942714859248,0.0,0.0,0.0,1.0
1544581127869724797,0.805473720181951,-0.5773148673855196,0.13386422222495745,4.488418708465729,0.590096484335945,0.8021699899144628,-0.09115616520555646,1.958688082632969,-0.05475605236508273,0.1524167024189533,0.9867983195937878,-0.004838051885380704,0.0,0.0,0.0,1.0
1544581127882897000,0.8035827267299248,-0.5800720331055944,0.13330880582332513,4.538721515255237,0.5928147345869706,0.8000407773427191,-0.09222496975030062,2.0012827319446242,-0.05315535493136335,0.15313781700679138,0.9867741976990028,-0.0029761592505162925,0.0,0.0,0.0,1.0
