1544581167556220000,0.9849094298331628,0.01835321262611846,0.17209466758739506,-1.4347545587759615e-05,-0.021836466748966717,0.9995927917951171,0.01836897686756625,3.830565471032894e-06,-0.1716874594885629,-0.02184971801969986,0.984909135949515,-2.4152787873600273e-05,0.0,0.0,0.0,1.0
1544581167620790000,0.9853803441268247,0.01746232902683109,0.1694716627447127,0.26461361676158823,-0.02099915600183213,0.9995970366662904,0.01909973128559007,-0.00022729519526269585,-0.16906984608649087,-0.022379261670790674,0.9853499661497725,0.0002508114513237359,0.0,0.0,0.0,1.0
1544581167657073000,0.9856846613885173,0.017945104487707548,0.16764164616325664,0.42239826890412285,-0.02143445057240636,0.999589166302131,0.019027951546913148,-0.0005109953207403824,-0.1672313147471501,-0.022348866555999335,0.9856643523693062,0.0007820724913076453,0.0,0.0,0.0,1.0
1544581167721662000,0.9862789158268365,0.01845103291631777,0.16405322179024454,0.6859690108468088,-0.021905375108959797,0.9995742819021023,0.019271987474937476,-0.0014565072234519391,-0.16362779328944718,-0.022601202273758444,0.9862632158399757,0.0022372219736866406,0.0,0.0,0.0,1.0
1544581167757950000,0.9866968566663653,0.018908699243825947,0.16146756373221727,0.8013307305017128,-0.022258740322391262,0.9995723726345596,0.01896365853361268,-0.0021819649271657636,-0.16103993766755953,-0.0223054468376145,0.986695801915363,0.003046150596302192,0.0,0.0,0.0,1.0
1544581167822535000,0.9877054757195423,0.019207812545729796,0.15514171963348597,1.0634111958260004,-0.02234822735879151,0.9995786319647508,0.01852337046538345,-0.0038543534567530547,-0.15472055444428512,-0.021762776860643943,0.9877185487656727,0.005159074311946988,0.0,0.0,0.0,1.0
1544581167858800000,0.9882242990563893,0.019482027234511375,0.1517668783672423,1.1798868481524245,-0.022484045071034794,0.9995835346241805,0.018089362218515093,-0.004569135749707489,-0.15135125526981066,-0.021288680632268648,0.9882507726307066,0.00626011370811437,0.0,0.0,0.0,1.0
1544581167923360000,0.9889534772393548,0.01986127161423284,0.14688958351787754,1.4393519361049398,-0.022736908522754475,0.9995807998338504,0.01792366018287818,-0.005687522467323589,-0.14647202069684817,-0.021065481086105335,0.9889904916932183,0.009213237926879808,0.0,0.0,0.0,1.0
1544581167959650000,0.9893027374932991,0.01955776144786327,0.1445599790931555,1.556633879308804,-0.02239087587723217,0.999587290794809,0.017997131964589422,-0.0061119571979260465,-0.14414833424537213,-0.021041436468286562,0.9893323585558278,0.01085339587067401,0.0,0.0,0.0,1.0
1544581168024224000,0.9899281286319227,0.020594637845309544,0.14006484582263554,1.8138356343444528,-0.023307442363371213,0.9995706636015131,0.01775532589704048,-0.007149406818725858,-0.13963904637949998,-0.020841049859652735,0.9899831247889891,0.014950996893980493,0.0,0.0,0.0,1.0
1544581168060531000,0.9902938506096518,0.020902862962137888,0.13740873249065638,1.9316729890677462,-0.023572806708321358,0.9995630754365935,0.01783202197257085,-0.007734306584648905,-0.13697595492857442,-0.020898051194410842,0.9903539060495902,0.016977686113069382,0.0,0.0,0.0,1.0
1544581168125079000,0.9909307610123267,0.02177777633889258,0.13259696579208477,2.1853661956102646,-0.024318345587064884,0.999549842661867,0.017570717189250764,-0.008935124087970467,-0.13215462514585807,-0.020635902993804706,0.9910142857498007,0.021488662685066058,0.0,0.0,0.0,1.0
1544581168161366000,0.9913616384325433,0.0214732733008183,0.12938701781124806,2.3032395878137546,-0.02398042993644051,0.9995530522646383,0.01785034141161035,-0.009563513700663688,-0.12894588331700796,-0.020798900023701886,0.9914334899192166,0.02368931230499078,0.0,0.0,0.0,1.0
1544581168225965000,0.9920361048093894,0.021530318062688146,0.12410000869755977,2.515747631406666,-0.02391256254536612,0.9995566685844172,0.017738535478891593,-0.010658291085275011,-0.12366307495420316,-0.020564816861363685,0.992111149116032,0.027951660199976632,0.0,0.0,0.0,1.0
1544581168262243000,0.9924661150569695,0.021507465762908993,0.12061691166741952,2.6350516991524975,-0.02376623394760914,0.9995675079565242,0.017319444608129394,-0.011240242972654545,-0.12019224845087328,-0.02005557164590049,0.9925480328217281,0.030533021446986934,0.0,0.0,0.0,1.0
1544581168326786000,0.9930521930006515,0.022148910831282693,0.11557148318499923,2.8474457902515145,-0.024257649317342346,0.9995633630076318,0.016871567279562488,-0.012380632338163966,-0.11514733356091912,-0.019557839396514357,0.993155870189543,0.03523913555317136,0.0,0.0,0.0,1.0
1544581168363106000,0.9934668011089196,0.021974944877835363,0.11198578879492722,2.968376378414602,-0.024061953096582375,0.9995604431870823,0.017318857607419486,-0.013010848322623093,-0.11155598373724261,-0.01990030686357128,0.9935588761010344,0.037822557223319925,0.0,0.0,0.0,1.0
1544581168427640000,0.994160548519234,0.021372330749061585,0.10577347137296497,3.181882678456811,-0.023300692115451545,0.9995834612661731,0.017028849346841617,-0.01463956633420728,-0.10536546642461024,-0.019394005297751395,0.9942444322417069,0.04208970222428795,0.0,0.0,0.0,1.0
1544581168463980000,0.9944253745279655,0.021316153071274595,0.10326565795633956,3.3055384938672625,-0.023152239647644842,0.9995938883007415,0.016614218943598873,-0.015861443393672976,-0.10286956933035062,-0.018912432155854766,0.994515043433601,0.04438254176494582,0.0,0.0,0.0,1.0
1544581168528510000,0.9948309922506566,0.021889566952202767,0.09915716674160019,3.521396028151145,-0.02366556893379186,0.9995792623258585,0.01677018709296685,-0.018260210619488564,-0.09874835545271833,-0.019030112630728093,0.994930458428449,0.04833153454240784,0.0,0.0,0.0,1.0
1544581168564822000,0.9950518362372532,0.02155868682298236,0.09699003156682875,3.6479388462785765,-0.02332813778968235,0.9995808068606824,0.01714667731703812,-0.019638663618021742,-0.0965797141646809,-0.0193244295703031,0.9951376413510108,0.050771277171110185,0.0,0.0,0.0,1.0
1544581168629349000,0.9953824587814091,0.021220275910737642,0.09361335716952074,3.8666950676106437,-0.02292460908790949,0.9995897715944418,0.017168308650979115,-0.0221003717287112,-0.09321063806477588,-0.019235082896647798,0.995460591152415,0.05539995505013387,0.0,0.0,0.0,1.0
1544581168665694000,0.9955746242226438,0.021224741599548232,0.09154604277614553,3.996350579513349,-0.022870210516848226,0.9995945283786228,0.0169626739174571,-0.02368846973478427,-0.09114889508301505,-0.01898128498145851,0.9956563612741105,0.05841710469379207,0.0,0.0,0.0,1.0
1544581168730207000,0.9959788671057109,0.021901920710671187,0.08687003020612256,4.217917992738522,-0.02347121265137446,0.9995785199797707,0.017084629692249435,-0.02625250667453774,-0.08645923001914317,-0.01905487507780645,0.9960731465511304,0.0640562022939559,0.0,0.0,0.0,1.0
1544581168766553000,0.9962163818492704,0.022169987836627936,0.084032209149052,4.350329687647983,-0.023710707092637874,0.9995677527903875,0.01738131038631283,-0.02774968114585387,-0.08361054302128,-0.019308009242332197,0.9963114361858879,0.06757660250845451,0.0,0.0,0.0,1.0
1544581168831072000,0.9964722130247267,0.022889601147337426,0.080741531004294,4.574503697061445,-0.024392597544318457,0.9995461452003842,0.01767780529622675,-0.030158292089406402,-0.08030024816052839,-0.019584937435851168,0.9965782961569002,0.07355193458161263,0.0,0.0,0.0,1.0
1544581168867370000,0.9966934074176941,0.022698723730545513,0.07801935369578332,4.709826037868257,-0.02414005212699413,0.9995539898542435,0.017580649867684366,-0.03187070443315475,-0.07758549795811939,-0.01940590908637046,0.9967968204198497,0.0771269200628529,0.0,0.0,0.0,1.0
1544581168931940000,0.9969654607410346,0.023008367945495836,0.0743672313179694,4.936897933046914,-0.02436933913610755,0.9995507979352606,0.017445276066934485,-0.035273009426375755,-0.07393243807345365,-0.019204617972426757,0.9970783205190286,0.08293941945185063,0.0,0.0,0.0,1.0
1544581168968241000,0.9970521408247054,0.023355748663795955,0.0730858227101837,5.03794790687442,-0.02471875964944682,0.9995359506037309,0.017800740773516566,-0.036742789552973824,-0.07263615765074398,-0.019554857581855496,0.9971667845183614,0.0854773363742652,0.0,0.0,0.0,1.0
1544581169032812000,0.9972444752460998,0.024099419772283998,0.07016177419200585,5.268215316279549,-0.025427114336295853,0.9995129520171877,0.018092003935807777,-0.04027270290248601,-0.06969159524404413,-0.01982616242553252,0.9973715480380501,0.09139983665613223,0.0,0.0,0.0,1.0
1544581169069104000,0.9972937931377513,0.024148994764378973,0.06944001887086594,5.372442807720963,-0.025453827989573706,0.9995145152715375,0.017967648766124594,-0.04198440457540102,-0.06897240614617853,-0.019686538887667,0.9974243065902451,0.09406068605822973,0.0,0.0,0.0,1.0
1544581169133662000,0.9974313148684836,0.024025057495512536,0.06748013583319294,5.606046977710559,-0.025284578608621787,0.9995205025952757,0.017873303451544958,-0.04595892510119009,-0.06701837214013227,-0.019533599361712763,0.9975605125964349,0.10003147336722454,0.0,0.0,0.0,1.0
1544581169169940000,0.9975389017766947,0.023753425646966975,0.06596903980032136,5.713178311731118,-0.02498509096617658,0.9995274054534328,0.01790840520375508,-0.048035832322345526,-0.06551247722040607,-0.019512573319888322,0.9976609518322751,0.10291711188197135,0.0,0.0,0.0,1.0
1544581169234549000,0.9977268845462967,0.022373240060196278,0.06356494303268902,5.950197974865242,-0.023526722199455223,0.9995707941280684,0.017456255862447055,-0.05319053159521309,-0.0631471075829274,-0.018912050533836593,0.9978250233124626,0.10950636992467822,0.0,0.0,0.0,1.0
1544581169270792000,0.9978027304347644,0.021255314378513104,0.0627528704331301,6.06080270268881,-0.022399056138956215,0.9995945454251327,0.017579164951977876,-0.05551325486230387,-0.06235377631716086,-0.018946143855558945,0.9978742657329089,0.11268222047414565,0.0,0.0,0.0,1.0
1544581169335379000,0.9979131399001835,0.020990429274391674,0.06106363151201107,6.300314601310327,-0.022121971537651202,0.9995947746827003,0.01791381596222472,-0.06015240198928924,-0.060662868295566275,-0.019227280252752083,0.9979731099104024,0.11970251733330299,0.0,0.0,0.0,1.0
1544581169371663000,0.9979993459153285,0.021248175334603173,0.05954679334374791,6.413732636406914,-0.02239689955198719,0.999574431817637,0.018690482789599512,-0.06219966732811452,-0.05912431346773731,-0.019986753148024894,0.9980505223963199,0.1230516869310045,0.0,0.0,0.0,1.0
1544581169436256000,0.9981423414515759,0.02208491569274449,0.05678135874041797,6.618854027606119,-0.023233505714241275,0.9995369674180213,0.019648281782639585,-0.06600828132329209,-0.05632113647459476,-0.02093101200678222,0.9981932790409802,0.1291013199271414,0.0,0.0,0.0,1.0
1544581169472518000,0.9982388745266664,0.0221457506522876,0.055033763380111865,6.735468855938099,-0.02327672700391823,0.9995290817889325,0.019995215381650992,-0.06827144112300605,-0.054565037924631646,-0.021241007184694793,0.9982842662538882,0.13255590539258424,0.0,0.0,0.0,1.0
1544581169537116000,0.998378979207907,0.02235727794770876,0.05234086356325821,6.9431105521543754,-0.023452066059504305,0.9995168739016066,0.020396553225969376,-0.0724535781594904,-0.0518595649164096,-0.02159099137900018,0.9984209606263066,0.13862544302905075,0.0,0.0,0.0,1.0
1544581169573405000,0.9984208173282335,0.023256644225279368,0.0511370709466246,7.062332238935844,-0.024351864155284866,0.9994849650893518,0.020899551968911325,-0.07492014205678288,-0.05062468012525007,-0.0221118307635857,0.9984729383926716,0.14204102869598922,0.0,0.0,0.0,1.0
1544581169637953000,0.9984764048688309,0.02534089534863831,0.04901742489302373,7.272507493769706,-0.0264255127015965,0.9994172435067078,0.021607074302438606,-0.07940089384251033,-0.04844131706169403,-0.022869464453342814,0.9985641824124015,0.14811620800575423,0.0,0.0,0.0,1.0
1544581169674252000,0.9985108247823857,0.026310652591329045,0.047789981718102094,7.39488479370159,-0.027371719463045438,0.9993900764751616,0.021685571622752208,-0.08204775529042209,-0.04719027194278988,-0.022961371979643853,0.9986219773421672,0.15163491338712484,0.0,0.0,0.0,1.0
1544581169738813000,0.9986067360893451,0.027230106529005666,0.04520075149156468,7.6084864334142415,-0.028218245176751987,0.9993733557188162,0.021368821176177125,-0.08669537134778726,-0.044590551422110276,-0.022614534656581572,0.9987493507112486,0.1578117973379771,0.0,0.0,0.0,1.0
1544581169775112000,0.9986712042637275,0.027161729361523418,0.04379573304013564,7.734323517597254,-0.028109044654570155,0.9993808455460195,0.021161454683767317,-0.08944409178625036,-0.04319383501194168,-0.022364391648715027,0.9988163628030657,0.16138385950002235,0.0,0.0,0.0,1.0
1544581169839660000,0.9986709379311826,0.028257005882458962,0.0431033566002557,7.95139165184522,-0.029176973837798163,0.999356459814764,0.020865531964695625,-0.09413188770443255,-0.04248602039869731,-0.02209542588546267,0.998852706972167,0.1676556715471142,0.0,0.0,0.0,1.0
1544581169875999000,0.9986776095216204,0.028893407066026906,0.0425229734178394,8.080786841748584,-0.029809096054102056,0.999333731744773,0.021059686358199294,-0.09677854369031963,-0.04188615561990283,-0.022299408628599984,0.9988735086797537,0.1715104048675914,0.0,0.0,0.0,1.0
1544581169940519000,0.998692032310088,0.02945405078110111,0.04179334268673182,8.301652309646997,-0.030351827377249414,0.9993184032238359,0.0210117955687051,-0.10116889110612541,-0.04114597398540834,-0.02225281714174018,0.9989053113053563,0.17836828961906834,0.0,0.0,0.0,1.0
1544581169976852000,0.9987387807167187,0.02873579844685414,0.041171613766067094,8.434437959302926,-0.029613945484100793,0.9993433018516683,0.020880116787833046,-0.10390095600823625,-0.04054456961598101,-0.022073036307463795,0.9989338911774006,0.1825729122219332,0.0,0.0,0.0,1.0
1544581170041362000,0.9988210013780605,0.027793255538088455,0.03980128330498176,8.658936336345048,-0.02862707825296387,0.9993792063186362,0.02053514958863621,-0.10872831214583209,-0.03920583625976568,-0.021650333127310042,0.9989965793127878,0.18973064729895103,0.0,0.0,0.0,1.0
1544581170077713000,0.9988542339244328,0.02746478539169339,0.03919062304454267,8.757990202812596,-0.02829784034529553,0.9993818049599064,0.020862409900956475,-0.11081705306416452,-0.03859341398507504,-0.021947516453384514,0.9990139413033765,0.19284247714019628,0.0,0.0,0.0,1.0
1544581170142253000,0.9988621201004475,0.02749149580137626,0.0389702795351255,8.985935809772089,-0.02832061597485593,0.9993806736872299,0.02088568340425757,-0.11601976044499863,-0.03837196553797596,-0.021965580326070502,0.9990220746018038,0.19999088052145292,0.0,0.0,0.0,1.0
1544581170178565000,0.9988746179176654,0.02748471273031002,0.03865343769917642,9.08809739193861,-0.028303743820487795,0.9993828584141512,0.020803855260653092,-0.1184654738751989,-0.03805779506981416,-0.021874479973117984,0.999036091119999,0.20317055076667984,0.0,0.0,0.0,1.0
1544581170243112000,0.998806144786744,0.027816183020309464,0.040156507547630796,9.319151912165617,-0.02867923200305697,0.9993664008846181,0.02107838785680115,-0.12434931656783706,-0.03954474412557341,-0.02220488110996229,0.9989710488632466,0.21029916009233382,0.0,0.0,0.0,1.0
1544581170279399000,0.9987808727422046,0.027993714222544173,0.04065858099274642,9.424458220848361,-0.0288614080858297,0.9993646301104357,0.020913039175066216,-0.12730440184557357,-0.04004731411243942,-0.022061007417186983,0.9989542154594088,0.21353694759116731,0.0,0.0,0.0,1.0
1544581170343974000,0.9987194480230716,0.02833352600261214,0.04191271220944643,9.658997829800832,-0.029202692199516992,0.9993679123383443,0.020272606068264306,-0.13403511972244064,-0.04131182529001595,-0.02147060997638552,0.9989155850213042,0.22079489596686575,0.0,0.0,0.0,1.0
1544581170380272000,0.9987035778271994,0.027765116330252217,0.0426645280100034,9.76772017397016,-0.02863689404730752,0.9993905829088289,0.019959736783742636,-0.13712974221954216,-0.04208434310372543,-0.02115564010661375,0.9988900574924173,0.2242395533497909,0.0,0.0,0.0,1.0
1544581170444842000,0.9986412463997119,0.02705754193372002,0.04453706786184427,10.006199149130719,-0.02794170524374868,0.9994222358745116,0.01935085392593336,-0.14377244437344225,-0.04398774940022436,-0.02056900250610937,0.998820301174644,0.23182701267371303,0.0,0.0,0.0,1.0
1544581170481096000,0.9986403567526679,0.027185390794806575,0.04447912310544879,10.11817818536536,-0.02806280234844863,0.9994213251876933,0.019222223711934928,-0.14693989702503488,-0.043930820493679884,-0.020444297185606874,0.9988253669803039,0.23542397248485858,0.0,0.0,0.0,1.0
1544581170545700000,0.9986255429494031,0.027654958985111163,0.04452222155889392,10.360210789686704,-0.028535794907413575,0.9994069810124908,0.019271603786428667,-0.15398926128749374,-0.04396286362385195,-0.02051559277795519,0.9988224952787979,0.24316867740623216,0.0,0.0,0.0,1.0
1544581170581973000,0.9986024623382608,0.028003681471481832,0.044820933011285743,10.476127414728388,-0.02888983788556099,0.9993972871656132,0.019246809422918267,-0.15721106479819733,-0.04425493733928881,-0.020514780770457094,0.9988096136356697,0.2469308021899607,0.0,0.0,0.0,1.0
1544581170646534000,0.9985474175955102,0.028404560917732694,0.04578466700115746,10.68472366064296,-0.02932260555922751,0.9993796597109688,0.019505910878695375,-0.16302515020766156,-0.045202208093786396,-0.02082010266690503,0.9987608741377438,0.25393430813693363,0.0,0.0,0.0,1.0
1544581170682850000,0.9985247303696184,0.028335690504367704,0.04631901859841182,10.804136858771923,-0.029269943464026536,0.9993790173248178,0.01961759772490365,-0.16636523914319476,-0.045734377112758615,-0.02094441153444376,0.9987340478703948,0.2579113625337349,0.0,0.0,0.0,1.0
1544581170747391000,0.9984589781853143,0.0286554269772722,0.04752405060477852,11.016693745895493,-0.029617455391329654,0.9993678717921829,0.01966375258445225,-0.172233508621138,-0.04693053608555814,-0.021040991761563446,0.9986765249310791,0.2649414000794906,0.0,0.0,0.0,1.0
1544581170783680000,0.9984404133977974,0.028429362927833563,0.04804697927601217,11.139684070848674,-0.029413560257663486,0.9993691660421449,0.01990257363258623,-0.17558693123625635,-0.04745085212091371,-0.021284766565533197,0.9986467720596943,0.2689863811337678,0.0,0.0,0.0,1.0
1544581170848248000,0.9984087815519244,0.028334926630529618,0.04875486491462525,11.35624105978242,-0.02934110794655689,0.9993684089228808,0.020047010535623345,-0.18180392754573346,-0.04815604120429027,-0.021445633117010154,0.9986095736151069,0.2760515907721185,0.0,0.0,0.0,1.0
1544581170884535000,0.9984318215012986,0.028568514493754946,0.04814288933181062,11.482825895668567,-0.02956841907433918,0.9993588951080614,0.02018681158188395,-0.1855429016709202,-0.04753531747068814,-0.021578664185216416,0.9986364477851496,0.2801970124908445,0.0,0.0,0.0,1.0
1544581170949107000,0.9984135770346513,0.0293209255612392,0.04806883103530572,11.70336911998294,-0.030326477181387552,0.9993333825259694,0.02032474725474399,-0.19211994361615858,-0.047440847111273575,-0.0217502619164624,0.9986372174778643,0.2875693386237282,0.0,0.0,0.0,1.0
1544581170985379000,0.998419088230798,0.029956716944212335,0.04755964009847703,11.83385085848605,-0.03095343869484548,0.9993134245413015,0.020360848815832354,-0.1959160273513208,-0.04691704263204107,-0.021800794514445696,0.9986608615887599,0.2919869060041217,0.0,0.0,0.0,1.0
1544581171049965000,0.9983821523445191,0.03169407790652365,0.04720766151353008,12.05853197265586,-0.03269609990037947,0.999252881107173,0.02060690783009013,-0.2022602776098321,-0.04651927483554725,-0.022117075409480262,0.9986725149137281,0.29956812631143026,0.0,0.0,0.0,1.0
1544581171086278000,0.9983671300913876,0.03197882347356467,0.04733316387403326,12.193048336977727,-0.03296699696249818,0.9992513684271596,0.020245488577123674,-0.2062388079337462,-0.04665030186777068,-0.021772862597701677,0.9986739667128343,0.30417805005527077,0.0,0.0,0.0,1.0
1544581171150837000,0.9983182284300263,0.030272103123216248,0.049440009676680656,12.421875933780942,-0.03127702099637161,0.9993169839463261,0.01968028338232263,-0.21322951946641205,-0.048810477788333466,-0.02119352186195963,0.9985831822583255,0.3119585102508549,0.0,0.0,0.0,1.0
1544581171187127000,0.9983172337686006,0.030022337781206016,0.04961209524656852,12.560201756164128,-0.03103364346307117,0.9993233720861253,0.019741098647887853,-0.21754567807646588,-0.048985852386279775,-0.02124752306905047,0.9985734469879627,0.31671835872684706,0.0,0.0,0.0,1.0
1544581171251693000,0.9983013919864671,0.030041361305183322,0.04991840711412657,12.793320360626348,-0.031079985366727896,0.9993135289354812,0.0201619789732858,-0.22459875183008945,-0.04927844627709137,-0.02167919503687056,0.9985497720369628,0.32479084780118006,0.0,0.0,0.0,1.0
1544581171288002000,0.9983262462327096,0.029568115954483932,0.049703446578718426,12.897020863686583,-0.030595317398677296,0.9993310536941076,0.020034262549558833,-0.2277576415384578,-0.04907782224361143,-0.021521422851025734,0.9985630654707258,0.3283774214683016,0.0,0.0,0.0,1.0
1544581171352505000,0.9983575639135092,0.030023336266574076,0.04879317427781824,13.13448009780406,-0.03103392659484541,0.9993164567787249,0.020087673118598104,-0.23523469567325983,-0.04815672306944303,-0.02156892418824183,0.9986068853821193,0.3366337614324132,0.0,0.0,0.0,1.0
1544581171388851000,0.9983819563685237,0.030417796620441563,0.04804400947580892,13.241667715057032,-0.03141996261354594,0.999301248059001,0.020243556433721846,-0.23868641509287133,-0.047394674248458904,-0.021720342457690653,0.9986400610712567,0.3402538099398769,0.0,0.0,0.0,1.0
1544581171453394000,0.9984141256618059,0.030466539781956473,0.047339451123598136,13.482758550737106,-0.031459448974624805,0.9992973845684294,0.02037253702678485,-0.2463632422992357,-0.0466855089849303,-0.021829501790219818,0.9986710850437253,0.34824895522470645,0.0,0.0,0.0,1.0
1544581171489707000,0.9984645025448666,0.03071596494253194,0.0460995298834546,13.593345886423293,-0.03167746970263822,0.9992925128621759,0.02027342227737227,-0.24989770515019008,-0.04544419733106542,-0.021702608950247584,0.9987311058005989,0.35196856088501577,0.0,0.0,0.0,1.0
1544581171554216000,0.9985113946092545,0.03107303933547208,0.044827012636770115,13.837784911223263,-0.032007167431482526,0.9992820091819408,0.02027331641136689,-0.25763995960202246,-0.044164873694984515,-0.02167792314218695,0.9987890325688148,0.36045161217549515,0.0,0.0,0.0,1.0
1544581171590553000,0.9985355496662432,0.03125824965519033,0.04415515690403023,13.951654091582572,-0.03217696627852462,0.9992770046415826,0.020251193437835425,-0.2611192086730828,-0.043490216070243004,-0.02164231556557044,0.9988194087437047,0.36447186379858304,0.0,0.0,0.0,1.0
1544581171655085000,0.99855697516214,0.03187891138267389,0.043216922195977864,14.197836054330088,-0.0327725128415407,0.9992601271754101,0.020128602520609093,-0.26870925870409074,-0.04254326923367055,-0.021515883584860042,0.9988629220250792,0.37329153229930806,0.0,0.0,0.0,1.0
1544581171691410000,0.9985741591824607,0.031887264357660317,0.0428118089412178,14.313652707658967,-0.03277547893256184,0.9992584333183148,0.02020770701912933,-0.2721585245379169,-0.04213569263434307,-0.02158207158765037,0.9988787702179921,0.3774658503550743,0.0,0.0,0.0,1.0
1544581171755955000,0.9986711218881457,0.032311818209423304,0.040148931625547536,14.522236254739642,-0.03316984095739589,0.9992313533270542,0.020891725133239024,-0.27787029113596473,-0.03944302165824426,-0.022195696253619397,0.998975274523993,0.38507906597143887,0.0,0.0,0.0,1.0
1544581171792249000,0.9987297582908037,0.03233091952809578,0.038646882757280725,14.639697797814783,-0.0331582050739391,0.9992303026664677,0.020960335621253823,-0.2810800705277805,-0.03793946943042037,-0.022215172192643406,0.9990330739188716,0.38934222438622623,0.0,0.0,0.0,1.0
1544581171856815000,0.9987894466725225,0.03264448700068739,0.03679644934035969,14.848313259643406,-0.033433564625894106,0.999219518387986,0.02103689209186709,-0.2868191934548791,-0.036080991837833865,-0.022241662279169877,0.9991013314409405,0.3968172699097005,0.0,0.0,0.0,1.0
1544581171893092000,0.9988323088740199,0.033371153024566294,0.03493400771739087,14.966982406383478,-0.03413351769667843,0.9991868807888193,0.021458803069126745,-0.2900530033637476,-0.0341894972036484,-0.022626166385846296,0.9991592139772526,0.4009789557559821,0.0,0.0,0.0,1.0
1544581171957688000,0.9988491701115024,0.03494124720129097,0.032854902397991374,15.175461875982041,-0.03567069175184733,0.9991239577752501,0.021884212333641268,-0.2958724418543166,-0.03206145844324488,-0.02303098442397727,0.9992205145206723,0.40815505659091467,0.0,0.0,0.0,1.0
1544581171993972000,0.998905526672743,0.03527374961436689,0.030716630199084785,15.29555645825934,-0.03594941361853406,0.9991173476998373,0.021729362294554046,-0.2993632990072452,-0.02992304200992822,-0.02280982493109883,0.9992919110267448,0.41217084787872027,0.0,0.0,0.0,1.0
1544581172058554000,0.998977222470626,0.03588093354442318,0.02751486130892735,15.503705915448066,-0.036472246495542114,0.9991076747840113,0.021298577963114882,-0.30559557616240357,-0.026726096243881267,-0.022280323060116496,0.9993944681575447,0.41918278735913744,0.0,0.0,0.0,1.0
1544581172094815000,0.9990407528488724,0.03534353548910897,0.02585360025762561,15.624551297279547,-0.03588908332093839,0.9991361462285018,0.020950775595282075,-0.3091418968671791,-0.025090792046759913,-0.021858540637270604,0.9994461748166716,0.42328340656150204,0.0,0.0,0.0,1.0
1544581172159420000,0.9991629213082591,0.03378877550057497,0.023060254398349234,15.831588047706875,-0.034265326205929925,0.9992005890447172,0.020592966583108434,-0.31474444688633885,-0.022346008653583525,-0.021365895788933154,0.9995219629374799,0.43006927232483116,0.0,0.0,0.0,1.0
1544581172195697000,0.9992074232405178,0.03340142623157356,0.021653407739511608,15.953347687161328,-0.033854971264887804,0.9992075993283489,0.02092879272992929,-0.3179647212997978,-0.02093719803819055,-0.021645280552015686,0.9995464549325036,0.43403420503295587,0.0,0.0,0.0,1.0
1544581172260258000,0.9992394329769166,0.03336917295139074,0.020175576336497036,16.159153841594513,-0.033799101925357525,0.9992004149297886,0.02135770383670505,-0.32351581693795217,-0.01944675533370333,-0.02202337623247817,0.999568304122492,0.44093590369058855,0.0,0.0,0.0,1.0
1544581172296542000,0.9992454954740789,0.03336524279607422,0.01987964657418105,16.28119239805621,-0.033792514075681394,0.9991963097037667,0.02155923622999803,-0.32670720572364137,-0.019144340343824902,-0.022214752925364723,0.9995699070026389,0.4451542487360133,0.0,0.0,0.0,1.0
1544581172361111000,0.9992226161815689,0.034621088578489806,0.018855862136231926,16.48545894714013,-0.03503750757190443,0.9991389337043555,0.022220805999550383,-0.33217231908537453,-0.01807031749607468,-0.022864194316906866,0.9995752559181489,0.45243607066483227,0.0,0.0,0.0,1.0
1544581172397414000,0.9992039854446225,0.03523944611751553,0.01869697592946276,16.57400077213561,-0.035655672185929764,0.9991127043089376,0.022416001638406093,-0.3347573986767723,-0.01789045870137779,-0.02306481141943778,0.9995738821926275,0.4556169074451502,0.0,0.0,0.0,1.0
1544581172461996000,0.999121078672088,0.03684562535590603,0.019986746740189815,16.776568545268088,-0.037289681351429356,0.999055215398563,0.022319414186706223,-0.3406176839459334,-0.019145490796349644,-0.023045096594744418,0.9995510860907061,0.46280620480251666,0.0,0.0,0.0,1.0
1544581172498296000,0.9990813404759599,0.03755065059265292,0.020650030334624103,16.865819998770785,-0.038003327909728137,0.9990357574737061,0.02198413875335374,-0.34311541847393934,-0.01980459998429849,-0.022748712689062776,0.9995450334479447,0.46602425717992135,0.0,0.0,0.0,1.0
1544581172562842000,0.9990311511204039,0.03826317285663595,0.021741405059983895,17.065557844648854,-0.03872163865332348,0.9990278163023901,0.02107265892283358,-0.34887171450614046,-0.020913961629507604,-0.021894105531394332,0.9995415220749675,0.47356708409266307,0.0,0.0,0.0,1.0
1544581172599151000,0.9990372584714099,0.03818320408233562,0.02160090534975112,17.15474874428832,-0.038630513121462054,0.9990394655318401,0.02068404616683185,-0.35152862919433536,-0.020790373779582483,-0.02149858683415685,0.9995526855159959,0.47697505517041056,0.0,0.0,0.0,1.0
1544581172663717000,0.9990492952437408,0.03802000887303864,0.021330367982712106,17.35037323074489,-0.038446845976863986,0.9990610633795405,0.01997077047514415,-0.35725736166567434,-0.02055105124841829,-0.020771869541128415,0.9995730006999757,0.4843377382571782,0.0,0.0,0.0,1.0
1544581172699976000,0.9990494606624258,0.0382021042122597,0.020994627500060023,17.438919330639287,-0.038611046421914506,0.9990653759326433,0.01943094714041188,-0.3598236939962194,-0.02023270234831221,-0.020223101797804285,0.9995907482111661,0.487623222281015,0.0,0.0,0.0,1.0
1544581172764562000,0.9990359095404182,0.03789125143869714,0.022169901063275512,17.63106397499934,-0.038309090579218316,0.999090273182512,0.018736051107082593,-0.3654378277524672,-0.021439800086269882,-0.019567296606925414,0.9995786391654038,0.4949226333179247,0.0,0.0,0.0,1.0
1544581172800821000,0.9990444519920294,0.0375392651762751,0.022382728027748156,17.719582262736715,-0.03795381219698429,0.999110209533572,0.018392861264713668,-0.3680774005481545,-0.02167235759336978,-0.01922479585879269,0.9995802699836243,0.49835284098845395,0.0,0.0,0.0,1.0
1544581172865365000,0.9990090250120381,0.03767472083790089,0.023697749983536947,17.907367255945086,-0.03810180477393964,0.9991146671617089,0.01783632067754775,-0.37337066449162576,-0.023004791184980493,-0.018721572373333405,0.9995600443747271,0.5055968317128184,0.0,0.0,0.0,1.0
1544581172901677000,0.9989969637288325,0.03761018739183816,0.02430103423556896,17.994974449495167,-0.03804414900524798,0.9991201886452427,0.01764911805054044,-0.3755870682582113,-0.02361586727253455,-0.018555927512421317,0.9995488824300289,0.5089983075567613,0.0,0.0,0.0,1.0
1544581172966235000,0.9989664463467649,0.037945989504349804,0.02502280867225083,18.150289400988196,-0.03839807682538187,0.9991032430835919,0.017840889999091173,-0.3792411448285784,-0.024323379070851744,-0.018783278211839595,0.9995276692969506,0.514885423827662,0.0,0.0,0.0,1.0
1544581173002535000,0.9989458662981887,0.03786770603013767,0.025945963959142285,18.23733337050249,-0.038343109232197595,0.9991011113466343,0.018076926739134493,-0.3811988263959297,-0.025238109678852788,-0.019052720171653718,0.999499890782335,0.5182311589576881,0.0,0.0,0.0,1.0
1544581173067112000,0.9989253457570385,0.037894145088609874,0.0266868389320123,18.389883219420444,-0.0383898460961688,0.9990950013983858,0.018313871722484134,-0.38442710708947453,-0.025968698867910835,-0.01931869428192574,0.9994760701139126,0.5243221738085895,0.0,0.0,0.0,1.0
1544581173103401000,0.9989091380826122,0.03814561029444715,0.026934109792423444,18.47637707762056,-0.038647277168385674,0.9990842786287254,0.018357346333044224,-0.3863039260779992,-0.02620919347320966,-0.019378251009456803,0.9994686396107179,0.5278859413085895,0.0,0.0,0.0,1.0
1544581173167979000,0.9988790456243493,0.03859108864283795,0.027411313174461053,18.626111309279665,-0.03909923836014463,0.9990686555777528,0.018250232922233506,-0.38994463758409564,-0.026681487444374687,-0.019301536711355545,0.9994576273701347,0.533965198893593,0.0,0.0,0.0,1.0
1544581173204260000,0.9988840078002157,0.038479239566427445,0.02738771774645461,18.712152394668827,-0.0389846569302896,0.9990746741095101,0.01816568405005255,-0.39229559959059823,-0.02666337347369226,-0.019213112068798173,0.9994598145196405,0.5372828048988328,0.0,0.0,0.0,1.0
1544581173268846000,0.9989106914433904,0.03788441264401589,0.02724338082369734,18.859942000253078,-0.03837252046248373,0.9991081002436378,0.017622533895597113,-0.3967451339782764,-0.026551463113043735,-0.018648734706760088,0.9994734836404588,0.5429973101346469,0.0,0.0,0.0,1.0
1544581173305094000,0.998924149149797,0.03766283046732035,0.027056523179037374,18.945763366949084,-0.038138259320243,0.9991231253261205,0.017275810099405615,-0.39937951969452185,-0.02638214209213877,-0.01828911260172859,0.9994846126573804,0.5464611246975153,0.0,0.0,0.0,1.0
1544581173369680000,0.998894276807059,0.037356945346982466,0.028542641721527946,19.091532821801813,-0.03784546531269772,0.9991428568951236,0.01677117380251631,-0.4037565546994559,-0.02789165676983555,-0.017832839083874903,0.9994518724445141,0.5525343183563572,0.0,0.0,0.0,1.0
1544581173405966000,0.9988951270865858,0.037234444281858334,0.028672656690433083,19.176987137305325,-0.03772575196404933,0.9991470859590328,0.01678893261411402,-0.4062405726527244,-0.028023074802977787,-0.01785208051167724,0.9994478528167399,0.5560060454364183,0.0,0.0,0.0,1.0
1544581173470550000,0.9988774672415237,0.036944518112467406,0.029646382892280932,19.320250312165168,-0.03746081689831422,0.9991525848008741,0.01705284384030644,-0.4104366573742383,-0.028991250998691074,-0.018144279185695573,0.9994149751221281,0.5618575125397011,0.0,0.0,0.0,1.0
1544581173506824000,0.9988617351111677,0.03674739063145501,0.03041156708357507,19.405105024716214,-0.03727683918721467,0.9991598656856239,0.017029388224429846,-0.41304050246953367,-0.029760231701216337,-0.018143651365341365,0.9993923836633055,0.5653723189329355,0.0,0.0,0.0,1.0
1544581173571405000,0.99883030388661,0.03655473952004042,0.03165083026403711,19.54601046846669,-0.03712372458717142,0.9991560352490269,0.0175797126887632,-0.4171778929757107,-0.030981496260779794,-0.01873414647283405,0.9993443744002254,0.5710600445622745,0.0,0.0,0.0,1.0
1544581173607686000,0.9988346925967383,0.03649343419654054,0.03158300374747543,19.60719080237898,-0.03707460737244322,0.999150095198596,0.01801556973336973,-0.41895805580081635,-0.03089871119236968,-0.019165503520165595,0.9993387579402043,0.5734766318264048,0.0,0.0,0.0,1.0
1544581173672266000,0.9988492479266114,0.03700134268609088,0.03051361263221603,19.746079429951205,-0.0375737441286763,0.999124375868055,0.01840367622028972,-0.4233691804009511,-0.0298059334461311,-0.019529008825205706,0.999364910403458,0.5787162289399513,0.0,0.0,0.0,1.0
1544581173708549000,0.9988578871186623,0.0371487084374145,0.030048207970930017,19.807866985721883,-0.037710616432935794,0.9991201208709788,0.018354658237454864,-0.4254215534341585,-0.029339917332540183,-0.0194668315911382,0.9993799136057928,0.5809228962791257,0.0,0.0,0.0,1.0
1544581173773121000,0.9988506995005103,0.037663700391323114,0.029643309197407656,19.946330630883562,-0.038224831698744736,0.9990961195253931,0.018595864887129658,-0.43010575924821215,-0.028916126105394502,-0.019707603155391225,0.9993875464647981,0.585939096887249,0.0,0.0,0.0,1.0
1544581173809409000,0.99885708011922,0.03768187212168867,0.02940425154809283,20.009304453166667,-0.038240473205646726,0.999094104194498,0.01867182831984552,-0.43236659589737814,-0.028674024912924794,-0.019774920409505237,0.999393192301254,0.5883331333284374,0.0,0.0,0.0,1.0
1544581173873992000,0.9988541688514351,0.038323925101605455,0.02866402157611334,20.147905739563505,-0.038864176654267654,0.9990726017662107,0.018534081392896397,-0.43773605891832706,-0.027927139866001375,-0.019626848063282194,0.999417261054664,0.5938367039432781,0.0,0.0,0.0,1.0
1544581173910245000,0.9988512385106734,0.03861842865304934,0.028369354840315292,20.211599395515588,-0.03914452211651199,0.9990672690957256,0.01822904851828476,-0.44032428934357287,-0.027638916656704943,-0.01931861252733786,0.999431279026259,0.5964241884129261,0.0,0.0,0.0,1.0
1544581173974852000,0.9988736390606922,0.03908877653961873,0.02689834080916623,20.350248110047133,-0.03957914536243786,0.9990552705013459,0.017945967119665382,-0.4460691315893253,-0.02617144325461046,-0.018990366824178106,0.999477074037147,0.601882844087532,0.0,0.0,0.0,1.0
1544581174011135000,0.9988787965428083,0.03948931987043042,0.026110217029990234,20.41548025682277,-0.039959968227524394,0.9990435028712622,0.01775613443225945,-0.44884588323829244,-0.02538406501011237,-0.018779589635879862,0.9995013638093108,0.6042725120791022,0.0,0.0,0.0,1.0
1544581174075675000,0.9988398976435768,0.0410028175071708,0.02525129366669144,20.533558545552534,-0.041444174436102196,0.9989925841887789,0.01721037887823289,-0.454057395353656,-0.02452018108982389,-0.018236932096600947,0.9995329784589547,0.6080791363574504,0.0,0.0,0.0,1.0
1544581174111995000,0.9988065450049031,0.04192443943236523,0.02505647688011593,20.600301478634186,-0.04234843892051015,0.9989643655255152,0.016637491734169185,-0.4570139338058602,-0.02433301001433395,-0.017678738317273953,0.9995475810761345,0.6100500764568694,0.0,0.0,0.0,1.0
1544581174176541000,0.998785999859504,0.04267776973275649,0.02459948079305706,20.72026623212648,-0.04305722532660743,0.9989583758892038,0.015107567242170767,-0.4622231811701326,-0.02392910010476592,-0.01614841204084045,0.9995832266283475,0.6134817417946318,0.0,0.0,0.0,1.0
1544581174212880000,0.9987915282509854,0.04266201139145252,0.02440155482930294,20.789322408639684,-0.04301481533795541,0.9989746408731522,0.014120642825353176,-0.4650513510427383,-0.023774119447279484,-0.015153206802362311,0.9996025067836275,0.6156070652608294,0.0,0.0,0.0,1.0
1544581174277398000,0.998807954128735,0.04273519934560658,0.02358757100809453,20.91173868137186,-0.043050227642076576,0.9989881541861817,0.013013289194011759,-0.4698299261460554,-0.023007578515263246,-0.014013227057778577,0.9996370745417029,0.6198102457763998,0.0,0.0,0.0,1.0
1544581174313709000,0.9988467915477146,0.04252853189868448,0.02228028252447125,20.982947848824026,-0.042814185865376685,0.9990047956666945,0.012504548117975913,-0.4727263258326427,-0.021726309017241534,-0.013444039924530105,0.9996735593617527,0.6224489061039952,0.0,0.0,0.0,1.0
1544581174378265000,0.9988962739443752,0.04259586564627922,0.01979459850279776,21.107752735980966,-0.042829257427903306,0.9990159873680259,0.011520056044141984,-0.4783599548738649,-0.019284413608331726,-0.012355129013082111,0.9997376966879137,0.6270968412322476,0.0,0.0,0.0,1.0
1544581174414565000,0.9989359288747965,0.042438967181557374,0.018053921114332776,21.18099060577372,-0.04264038444208235,0.9990307887648311,0.010921571066209668,-0.4818653413245758,-0.01757292285509985,-0.011679775874798456,0.9997773628252661,0.6297869763857333,0.0,0.0,0.0,1.0
1544581174479101000,0.9989992887126738,0.042146656154774045,0.014969319508336253,21.3076886768016,-0.04229864914251794,0.9990551023553251,0.009986327578654714,-0.4880171213088138,-0.01453428471888338,-0.010609516141713168,0.9998380832589603,0.6343545092475311,0.0,0.0,0.0,1.0
1544581174515400000,0.9990382513320822,0.04183166891149675,0.013140922776008819,21.38271911471181,-0.041962412246042254,0.9990707704417009,0.009836239501149738,-0.49168550553891577,-0.012717245527995573,-0.010378204329732504,0.9998652731948802,0.6369462830883592,0.0,0.0,0.0,1.0
1544581174579980000,0.9991043062986017,0.0410213781956891,0.010384202738538389,21.511544561828646,-0.04111992959452889,0.9991094160509912,0.009461825848463687,-0.4979183848456936,-0.00998681759770406,-0.0098803486361515,0.9999013162233066,0.6411678490660444,0.0,0.0,0.0,1.0
1544581174616256000,0.999139826860564,0.04051036689370074,0.008860956786435293,21.588360944169537,-0.04059239306633675,0.9991326771768596,0.009281757514219242,-0.5017173841514051,-0.008477264074059982,-0.009633461036537583,0.9999176628214332,0.6434698939939709,0.0,0.0,0.0,1.0
1544581174680813000,0.9991819979313917,0.039918509849740186,0.006468970645207382,21.71888251414845,-0.03997808888023153,0.9991567312814144,0.009358351592122848,-0.5087137246055441,-0.006089944114412761,-0.009609313524579412,0.9999352847431033,0.6470525015885955,0.0,0.0,0.0,1.0
1544581174717119000,0.9992006998119702,0.03964248972528076,0.0051414495661188655,21.79807556838677,-0.03969216895997547,0.9991624141420394,0.009949969301874419,-0.5131358154318201,-0.004742701604856255,-0.010146091574418162,0.9999372798367167,0.6489977528522782,0.0,0.0,0.0,1.0
1544581174781668000,0.9992502329170068,0.038681177963831574,0.0016548373447111808,21.931768379092038,-0.038696516411073315,0.9991953765269567,0.010544152161226417,-0.5209163504631634,-0.0012456455975128726,-0.010600282943485109,0.9999430395620373,0.6520155056354344,0.0,0.0,0.0,1.0
