1559194794098995359,0.04997491531958516,0.9941104824581293,-0.09616057667080725,2.1719634443128335e-06,-0.9966526499378939,0.04340115809998242,-0.06928084040591641,-0.0001360592621215693,-0.06469932928995542,0.09930099769107144,0.9929518158737516,-1.2400647072434046e-05,0.0,0.0,0.0,1.0
1559194794175226000,0.03441385423605618,0.9946690736191398,-0.09720658733981981,0.04743114977751636,-0.9972075261497475,0.027724939542097336,-0.06934318652672639,-0.3426742046896077,-0.06627847634724855,0.09932150679999636,0.9928456082695163,0.037730317934448,0.0,0.0,0.0,1.0
1559194794188477000,0.03293115659509324,0.9947303558933218,-0.0970930378021901,0.05230582991821594,-0.9972398654361703,0.02623463443449015,-0.06945786306053695,-0.3794853311635541,-0.06654464448892271,0.09911237571785257,0.9928487031111048,0.041337719504282354,0.0,0.0,0.0,1.0
1559194794276082000,0.019899102939781043,0.9950514924485017,-0.0973475889696314,0.10347396980090225,-0.9974512892968442,0.013085118428824484,-0.07014060989018284,-0.7847617094526129,-0.06851971382204647,0.0984952133441616,0.9927757761781019,0.07653667686880274,0.0,0.0,0.0,1.0
1559194794289332000,0.01806124162942426,0.995074714342305,-0.09746847914777183,0.10849694803843193,-0.9974713058270308,0.011230803777664219,-0.07017736884655057,-0.8270310035409973,-0.0687370758944602,0.09848950158815943,0.9927613169712002,0.07970301929884062,0.0,0.0,0.0,1.0
1559194794376966000,0.011044181501827822,0.9951457426860891,-0.09779047432496453,0.15584790023539305,-0.9973537171101378,0.0039349266290178465,-0.07259531196307224,-1.2515743523672307,-0.07185811729753461,0.09833344886747024,0.9925557635781889,0.10668104992934595,0.0,0.0,0.0,1.0
1559194794390162000,0.009896650970426846,0.9951429665494081,-0.09794147449782654,0.16086871188725957,-0.9973349438514334,0.002742942113986602,-0.07290737988308191,-1.299540667874778,-0.07228461850508883,0.09840199386088772,0.9925180006084383,0.10917186038757512,0.0,0.0,0.0,1.0
1559194794477767000,0.00596521339722104,0.9952063886998301,-0.09761485604236053,0.20361900508045894,-0.9970603290368967,-0.0015374851310479437,-0.07660506771952527,-1.743421599797215,-0.07638793419098905,0.0977848660607402,0.992271637949767,0.12697685813512305,0.0,0.0,0.0,1.0
1559194794491043000,0.00478416692157231,0.995206081779407,-0.09768299000410859,0.20834362344762603,-0.9970208992901982,-0.0027729806863251816,-0.07708201448247673,-1.798008283902456,-0.07698336265343325,0.09776075576318798,0.9922279962323068,0.12849782089418071,0.0,0.0,0.0,1.0
1559194794578635000,7.182965545679871e-05,0.9951429082095008,-0.09844077956231126,0.24087769021064495,-0.9968566141799936,-0.007727891769301248,-0.0788490358495486,-2.209105688829102,-0.07922679853497834,0.09813700591080317,0.992014235011151,0.1354183931323176,0.0,0.0,0.0,1.0
1559194794591873000,-0.0010944965010556218,0.9951007731289797,-0.0988597663132782,0.24521553115685857,-0.996833540529395,-0.008945945866497359,-0.0790117872737508,-2.2696668642407594,-0.07950908472022522,0.09846025274525973,0.9919596181681428,0.13579781590231868,0.0,0.0,0.0,1.0
1559194794679507000,-0.003095666591041236,0.995089276735402,-0.09893304895012074,0.2732101576505455,-0.9965321500878955,-0.011296273370758125,-0.08243826811098842,-2.6987362593011968,-0.0831510113562257,0.0983347625925988,0.9916734259706147,0.1344453733465304,0.0,0.0,0.0,1.0
1559194794692736000,-0.004232364853641809,0.9950578126333717,-0.09920703909017388,0.27719904564409914,-0.9964822658409425,-0.012500184361781732,-0.08286639400512086,-2.766226465509528,-0.08369695903816415,0.09850733428641144,0.9916103691165903,0.13362721478057787,0.0,0.0,0.0,1.0
1559194794780369000,-0.006905315328435686,0.9949541324029415,-0.10009291200942684,0.3010553092532576,-0.9964269959477999,-0.01527204883727655,-0.08306627637469392,-3.2137045702653486,-0.08417575878279925,0.09916168079769469,0.9915046155690421,0.12418469281062591,0.0,0.0,0.0,1.0
1559194794793595000,-0.007304760937530453,0.9949429926462011,-0.10017525568657241,0.3045959239871224,-0.9964149369630267,-0.015685845382621022,-0.08313379367982059,-3.288054035235739,-0.08428471904569666,0.09920884859153081,0.9914906406499928,0.12197650341625485,0.0,0.0,0.0,1.0
1559194794881213000,-0.005175762134427484,0.9948225899847436,-0.10149495525579699,0.3230094036070703,-0.9967354093438469,-0.013310093417836899,-0.07963268910041132,-3.75366261756237,-0.08057130535421471,0.10075145591631325,0.9916437913304673,0.10373478448286604,0.0,0.0,0.0,1.0
1559194794894452000,-0.005074884219817638,0.9948141392515114,-0.10158284252486766,0.3237715125029698,-0.9967610238425715,-0.01318561778899253,-0.07933221811996033,-3.7766076559890873,-0.08026024481937352,0.10085121629806541,0.9916588754570446,0.10265775714843815,0.0,0.0,0.0,1.0
1559194794982100000,-0.003860056001420094,0.9947185189812807,-0.10256787003421088,0.3373221241379184,-0.9971622410786429,-0.011540360813596148,-0.0743927754510246,-4.2599997970479,-0.07518354164762683,0.10198964686663453,0.9919402940688237,0.07598338734251756,0.0,0.0,0.0,1.0
1559194794995336000,-0.0040004774391757154,0.9947174646473279,-0.10257271423656181,0.33796151560696497,-0.997179122266647,-0.011656330674206104,-0.0741480146108944,-4.288795492872484,-0.07495194657767396,0.1019867416913116,0.9919581191882091,0.07417000244939972,0.0,0.0,0.0,1.0
1559194795082944000,-0.006833907041513599,0.9945882812814336,-0.1036699013802516,0.34576724137206516,-0.9973841132285661,-0.014239885501346899,-0.07086717392538273,-4.789198734292121,-0.07195990823930935,0.10291441297773345,0.9920838650072054,0.03823432526406507,0.0,0.0,0.0,1.0
1559194795096192000,-0.006858462876780581,0.9945704750363213,-0.10383896991496849,0.3461386387719735,-0.9973848388339481,-0.014275013282419266,-0.07084989244850612,-4.824092265140985,-0.0719475138635517,0.10308149291614267,0.9920674176017621,0.03544673200343065,0.0,0.0,0.0,1.0
1559194795099977732,0.0036237750689757965,0.9930951248336722,-0.11725587953637014,0.3649495110792944,-0.9982360621040045,-0.003356108311124535,-0.059274791033744424,-5.065498266297798,-0.05925902943298634,0.11726384595689382,0.9913312049270188,-0.014363194469631727,0.0,0.0,0.0,1.0
1559194795183793000,0.006491983027396995,0.993751666495504,-0.11142477055746827,0.37805201195980936,-0.9986303551655502,0.0006578855271781972,-0.05231616316746642,-5.4227861797754136,-0.0519159695884014,0.11161179383938526,0.9923948506404349,0.019280493774027407,0.0,0.0,0.0,1.0
1559194795197050000,0.0067412306591863366,0.9937963229222472,-0.11101091998276519,0.3788690115311089,-0.9986544575998816,0.000982460120638068,-0.05184890633364387,-5.451091504016093,-0.051418188660076886,0.11121107552007231,0.9924657508229598,0.02203688332714452,0.0,0.0,0.0,1.0
1559194795284691000,0.016045788017885778,0.9941643711117495,-0.10667584496439263,0.38801906943048964,-0.9988151413171085,0.011034981609301844,-0.04739770729236636,-5.818258914904329,-0.04594394587511502,0.10730998272697855,0.993163491800097,0.029432396289828994,0.0,0.0,0.0,1.0
1559194795297924000,0.016627922185872186,0.9941868622350439,-0.10637666644062657,0.38850185208196397,-0.9988415224497343,0.011711732359023666,-0.046673850874324185,-5.850585720118608,-0.045156674302573384,0.10702952062113437,0.9932298608487063,0.027382504474215297,0.0,0.0,0.0,1.0
1559194795385497000,0.01950970238446263,0.9947793396678465,-0.10016704489440177,0.39090152199066247,-0.9992024404706177,0.015908563846950455,-0.036625135547780796,-6.2251329579239005,-0.034840414326403474,0.10080170120754273,0.9942963152718751,0.007614436839211964,0.0,0.0,0.0,1.0
1559194795398774000,0.02062511366962635,0.9948101135510641,-0.09963655284398848,0.3908657014388937,-0.999211390950385,0.017128573743763257,-0.03582189493172408,-6.26198038548063,-0.03392935132167957,0.1002968092115731,0.9943788760733338,0.006733603127276003,0.0,0.0,0.0,1.0
1559194795486381000,0.023883263831531994,0.9953398542078695,-0.0934246452185838,0.400074734874618,-0.9994068774803165,0.021452335903946126,-0.02693864379116104,-6.653710015524543,-0.0248089289127157,0.09401261569453927,0.9952618475237944,-0.0011700849565229627,0.0,0.0,0.0,1.0
1559194795499612000,0.024299567307221295,0.9953806375296994,-0.09288120078711172,0.4035037815155122,-0.9994213750895339,0.02197571502064608,-0.025961181858202412,-6.696477325124766,-0.02380012694976859,0.09345830289656068,0.9953386858636962,-0.0020595804337112124,0.0,0.0,0.0,1.0
1559194795587209000,0.027456532947683927,0.9958552065840313,-0.0867095514806443,0.4341629060655691,-0.9994847683420329,0.02590676802502634,-0.018948277567455107,-7.107733147383433,-0.016623376635586273,0.08718512998200517,0.9960534204846915,-0.007812442728688524,0.0,0.0,0.0,1.0
1559194795602774000,0.0275913260436918,0.9959407108613845,-0.08567858061425022,0.43818932574693936,-0.9994924155628663,0.02612076518929265,-0.01823778654971355,-7.1664659101435495,-0.015925764014882843,0.08613829621514314,0.9961558934050889,-0.008181740857822757,0.0,0.0,0.0,1.0
1559194795688076000,0.027955853167196017,0.9964317187878012,-0.07963855892273766,0.4619015866703939,-0.9995594661388522,0.027071215375862795,-0.0121664682751699,-7.540001410080828,-0.009967142314183912,0.07994359944154271,0.9967495557974543,-0.00863753925204099,0.0,0.0,0.0,1.0
1559194795703632000,0.02802944059735029,0.9964860354831092,-0.07892991541208484,0.4656405788426088,-0.9995723223826556,0.027282314833570236,-0.010528419818208646,-7.603615200320334,-0.008338032522488603,0.07919126457180291,0.9968245687327165,-0.008349332283045045,0.0,0.0,0.0,1.0
1559194795788934000,0.025454678777740384,0.9969175953909546,-0.07421163876537772,0.4867819743929595,-0.9996754187220706,0.025305960775850428,-0.0029437309765701623,-7.986870068091607,-0.0010566603869318909,0.07426248278324586,0.9972381697065656,-0.004255199642130661,0.0,0.0,0.0,1.0
1559194795804494000,0.024576909633673635,0.9970289360102513,-0.0730018922434567,0.4904318465802064,-0.999697673602909,0.02445776367698575,-0.002525705614077716,-8.055599882119381,-0.0007327385526154721,0.07304189588303264,0.9973286040919647,-0.0030907895429405333,0.0,0.0,0.0,1.0
1559194795889791000,0.02144645738653939,0.997508018105285,-0.0672146061599481,0.5105732435909546,-0.9997694142379723,0.021470591632293496,-0.0003633857808485704,-8.447556344732185,0.0010806571305239476,0.06720690076643043,0.9977384750873027,0.005880746678427714,0.0,0.0,0.0,1.0
1559194795905364000,0.021366272852083944,0.9975727597203544,-0.06627270515321203,0.5141130096404607,-0.9997708838254349,0.02140474392086674,-0.00012958621678995464,-8.521338799064676,0.0012892786028430908,0.06626028977899527,0.9978015392647435,0.007997203652509641,0.0,0.0,0.0,1.0
1559194795990650000,0.02502542741801258,0.9977275191766452,-0.06255817660521153,0.5327952328838412,-0.9996814951476485,0.025180397341984195,0.0016899257569261412,-8.922030190689663,0.0032613251769599834,0.06249596040803606,0.9980398883264973,0.022028649884770435,0.0,0.0,0.0,1.0
1559194796006215000,0.025204963449180474,0.9977374170090183,-0.062327814960078956,0.5340961857278624,-0.9996761055299338,0.025375335002635994,0.001943297714587472,-8.950679135048796,0.0035204900268267195,0.062258646577615054,0.9980538397683211,0.023167983404559694,0.0,0.0,0.0,1.0
1559194796091527000,0.027432349236353296,0.9979592817369478,-0.05766054292543143,0.5522175917936537,-0.9996077585721166,0.02771161525708106,0.0040491211730322085,-9.36063256582525,0.0056387248385692,0.057526849165622236,0.9983280354709432,0.041540717901440684,0.0,0.0,0.0,1.0
1559194796100973768,0.027452381308001143,0.9979607739300138,-0.057625172082449584,0.5523190814704448,-0.9996070262332136,0.027733324829547382,0.00408115168661118,-9.363002467091281,0.005670966911417437,0.05749048956923749,0.9983299473337348,0.041657717571254235,0.0,0.0,0.0,1.0
1559194796107090000,0.02712109624871367,0.9978142956719687,-0.06025842257250367,0.5346431714470308,-0.9996232300684147,0.027326266326851277,0.0025832298040744726,-9.408316834267746,0.004224221331163936,0.060165658986604885,0.9981794675472201,0.01838294651700539,0.0,0.0,0.0,1.0
1559194796192378000,0.026306030990910032,0.997854838832715,-0.05994758837221033,0.5436805952346542,-0.9996470174950727,0.026481622837055446,0.002136367273135788,-9.751493875420417,0.003719293846286428,0.059870228578606556,0.9981992399231856,0.025152977373983126,0.0,0.0,0.0,1.0
1559194796207960000,0.02629678940066025,0.9978597225552491,-0.059870301228392465,0.5444677373907789,-0.9996485094339747,0.026451156430234966,0.0017871513467432442,-9.782484858037842,0.003366965050343269,0.05980226103973298,0.998204564766603,0.025709503156797223,0.0,0.0,0.0,1.0
1559194796293231000,0.022725528102028082,0.9979514839481329,-0.059802893393247465,0.5528061280716193,-0.9997412062586649,0.022746738915353556,-0.00032615515609662815,-10.12082078804897,0.0010348337803750467,0.05979482882688835,0.9982101520043811,0.0314741714242806,0.0,0.0,0.0,1.0
1559194796308788000,0.02219325950260296,0.9979609907298347,-0.05984413266293811,0.5536267692636969,-0.9997533887414428,0.022200636756898717,-0.0005416895651355421,-10.154400242255754,0.0007879927961911548,0.059841396283154054,0.9982075868065887,0.03202691414872184,0.0,0.0,0.0,1.0
1559194796394081000,0.021669954324894585,0.9979789522974726,-0.05973628588057595,0.561423292337127,-0.999761704452979,0.021473636331068777,-0.003926480867050539,-10.48799437810945,-0.0026357899831467644,0.05980713765070097,0.9982064710755966,0.03729358555163951,0.0,0.0,0.0,1.0
1559194796409675000,0.021468096573772178,0.9979844411143137,-0.05971746916313282,0.562303523182916,-0.9997648650547396,0.02124712060290609,-0.004332951437932463,-10.524329349191566,-0.003055393849750681,0.05979644771920917,0.9982059153344004,0.037854750263141085,0.0,0.0,0.0,1.0
1559194796494919000,0.02079289363471187,0.9980229656848228,-0.05931117550657515,0.5710269663342884,-0.9997703407868817,0.020448119984960204,-0.0064140526941820625,-10.852085054070823,-0.005188569858698655,0.05943092086411606,0.9982189360997251,0.04234369816934236,0.0,0.0,0.0,1.0
1559194796510511000,0.020769087797265363,0.998016901226742,-0.05942145957347049,0.5721360799844706,-0.9997700715490848,0.02041500084623353,-0.006559860911871091,-10.890552183478368,-0.0053337629122668356,0.05954403921653652,0.9982114296916135,0.04276322030030111,0.0,0.0,0.0,1.0
1559194796595776000,0.018734661626340746,0.9980614663576783,-0.05934915185334925,0.5809476177641196,-0.9998066937506714,0.01834711962877502,-0.007068120873432303,-11.174308537095362,-0.005965533094411332,0.059470098144300744,0.9982122619170768,0.04505284212872957,0.0,0.0,0.0,1.0
1559194796611378000,0.018485844237622232,0.9980713783201202,-0.05926041968294756,0.5822608797337577,-0.9998106374468881,0.018092595120251635,-0.007165699537326731,-11.215025987064916,-0.006079704833867465,0.059381661984078946,0.9982168378709809,0.04523436445601325,0.0,0.0,0.0,1.0
1559194796696633000,0.017036642682524507,0.9981114985532383,-0.05901855015098897,0.5910174010193994,-0.9998333133781425,0.01661900569209736,-0.007560033670146416,-11.49428468235582,-0.006564926914724031,0.05913751014054295,0.9982282587810187,0.04577712946735705,0.0,0.0,0.0,1.0
1559194796712240000,0.016919937891250483,0.9981122578265688,-0.05903927911232844,0.5923216175150781,-0.9998344847123133,0.01649511596409213,-0.0076755670402046125,-11.536730574857366,-0.006687217793203255,0.05915937732666197,0.9982261513266949,0.045753783143405544,0.0,0.0,0.0,1.0
1559194796797542000,0.016518033536554504,0.9980838319296987,-0.05963068848017279,0.6001390358715992,-0.9998371698676382,0.01605482804607927,-0.008238704235796026,-11.81151222970085,-0.007265557043980103,0.05975706600013854,0.998186507995322,0.04483964713350673,0.0,0.0,0.0,1.0
1559194796813094000,0.016331694649020314,0.9980832014549176,-0.05969253490506611,0.6012717109294097,-0.9998405176182562,0.015870685283508545,-0.008189058400516194,-11.855996929624078,-0.007226000190034977,0.059816756198687475,0.9981832199546935,0.04456956393727525,0.0,0.0,0.0,1.0
1559194796898375000,0.01565706471597547,0.9980035198889283,-0.061186850007143655,0.6081091785718016,-0.9998530795945877,0.015200348628931926,-0.007922665383350335,-12.125777246923723,-0.006976786487870887,0.06130190609496414,0.9980948856493675,0.042258485208894705,0.0,0.0,0.0,1.0
1559194796913947000,0.015572163279296008,0.9979918401050808,-0.06139865482626696,0.6093548406104411,-0.9998551992657755,0.015120985390768867,-0.007806170764502096,-12.17178701609513,-0.006862086562798724,0.061511323221698964,0.9980827966073343,0.04176903165216206,0.0,0.0,0.0,1.0
1559194796999207000,0.014771874807548041,0.9979563563680361,-0.062168340007652596,0.6175838880880364,-0.9998678436045008,0.014320818149175192,-0.00769477051181444,-12.436526235669934,-0.006788743651172693,0.062273790250595415,0.9980360153859482,0.038712444239002816,0.0,0.0,0.0,1.0
1559194797014785000,0.014627313523453133,0.997960235572602,-0.06214024392424698,0.6192671585044182,-0.9998692542042744,0.0141702554510581,-0.007789631405949398,-12.483961714456631,-0.006893199262707059,0.06224606072941565,0.9980370292366872,0.03813969590992388,0.0,0.0,0.0,1.0
1559194797099596625,0.013686955337901322,0.9980088311036088,-0.06157142431993353,0.6297889781433135,-0.999875687783466,0.013178497197513116,-0.008656569248491489,-12.741963611220342,-0.00782791371420697,0.06168225231638486,0.9980651399162593,0.03480947472588303,0.0,0.0,0.0,1.0
1559194797100065000,0.012795410944213725,0.997986735952885,-0.062118856403528926,0.6260303728522177,-0.9998948559274033,0.012346486639102875,-0.00760535058926751,-12.674297788550465,-0.006823089379737785,0.06220963856014565,0.9980397819333312,0.027665791064572606,0.0,0.0,0.0,1.0
1559194797115663000,0.01242751569805667,0.9979987362459972,-0.06200063955289014,0.6272303310581845,-0.9998996418737831,0.011981541376008294,-0.00755968563731993,-12.725412333021653,-0.006801693484320106,0.06208836539681063,0.9980474797563982,0.02831739265851471,0.0,0.0,0.0,1.0
1559194797200969000,0.01058372850861069,0.9980236408860107,-0.061941883435131885,0.632806270062867,-0.9999270569957259,0.01020271924174646,-0.006464147889391448,-12.990752508459176,-0.0058193967658023375,0.06200577999436421,0.9980588248538104,0.031626062540566435,0.0,0.0,0.0,1.0
1559194797216519000,0.010511548359554174,0.9980239834232654,-0.06194865505434251,0.6331725537903985,-0.9999279389970077,0.010131923272599756,-0.006439017315677913,-13.010515022809521,-0.005798634690872637,0.06201187501402725,0.9980585670154684,0.03184475049864899,0.0,0.0,0.0,1.0
1559194797301804000,0.00852588632324743,0.998034208530828,-0.06208887069883221,0.637389956785939,-0.9999505899837575,0.008191937502786968,-0.00563114118848329,-13.268611407377017,-0.005111443390789628,0.06213381335636512,0.9980547391722862,0.034206511720035845,0.0,0.0,0.0,1.0
1559194797317367000,0.008471010713529303,0.9980307090119619,-0.062152601285641595,0.637718541340353,-0.9999514037294014,0.008141064699519215,-0.005559968089497223,-13.290146131550769,-0.0050430305461346345,0.06219667945026434,0.998051171487852,0.03437422755989268,0.0,0.0,0.0,1.0
1559194797402660000,0.008870993949989555,0.9979604618671775,-0.06321567856308319,0.6408459790441019,-0.9999537184529255,0.008617769395320104,-0.004277265811170005,-13.53939713981838,-0.0037237640244184417,0.06325069644281277,0.997990722893249,0.036213549900602555,0.0,0.0,0.0,1.0
1559194797418235000,0.008665961565664588,0.9979610672958696,-0.06323455757598972,0.6410994695902499,-0.9999555600828809,0.008413812897141588,-0.004252718173427557,-13.562465834104438,-0.0037120034311840552,0.06326860132973268,0.9979896317679396,0.03637342580487129,0.0,0.0,0.0,1.0
1559194797503538000,0.006341489486301707,0.9979829449243051,-0.06316507857444059,0.6437779964121723,-0.9999678430336447,0.0060186586793427995,-0.005299872294771775,-13.80231352274304,-0.004909013112065497,0.06319665646156951,0.997989020081054,0.0380431319999123,0.0,0.0,0.0,1.0
1559194797519078000,0.006096877580489244,0.9979747723384952,-0.06331810056922921,0.6440718286392935,-0.9999684363992326,0.00576197585637039,-0.005470451489931482,-13.826615653358656,-0.005094535213501708,0.06334945469502568,0.9979784027226256,0.03822370253042049,0.0,0.0,0.0,1.0
1559194797604377000,0.004561419436521165,0.9979159096003132,-0.06436637957276943,0.6466875479517112,-0.9999670951762656,0.00412005649089251,-0.006988111279387374,-14.056540983863956,-0.0067083543038038524,0.06439613731500873,0.9979018666589623,0.03975962587565542,0.0,0.0,0.0,1.0
1559194797619956000,0.0044287395810759045,0.9979071253690673,-0.06451166873803918,0.6469785061924831,-0.9999668165540989,0.003978300558437281,-0.007109072747350263,-14.081923768174859,-0.0068375475415812575,0.06454101225043062,0.9978916302291074,0.039888451896329974,0.0,0.0,0.0,1.0
1559194797705222000,0.0044500400946451595,0.9978771812850372,-0.06497174935146781,0.6491703880575382,-0.9999547825655726,0.003894436577955499,-0.008675608795709801,-14.301923282474428,-0.008404163693786328,0.06500741830263773,0.9978493902379435,0.040952660899203706,0.0,0.0,0.0,1.0
1559194797720802000,0.004369839950634085,0.9978717293583402,-0.06506086570433767,0.6493637270673213,-0.9999535694726434,0.0038016305996836316,-0.008854744700004856,-14.328087348659542,-0.008588562028916629,0.06509653871117561,0.9978420101649866,0.041082424458376746,0.0,0.0,0.0,1.0
1559194797806084000,0.005146117246823119,0.9978531236283116,-0.06528905836746889,0.6499894496662312,-0.9999455296824207,0.004542053654698072,-0.009397202601731281,-14.514116027577508,-0.009080481563335747,0.06533386115810524,0.9978221441924165,0.042022350521952655,0.0,0.0,0.0,1.0
1559194797821665000,0.005256775854950992,0.9978382993831045,-0.06550644694870368,0.6499955424892012,-0.999943593069469,0.00464067660657673,-0.009553784587912076,-14.541003022980483,-0.009229137929939568,0.06555297403524649,0.9978064093842076,0.042143787997817796,0.0,0.0,0.0,1.0
1559194797906961000,0.005296177636452941,0.9977902696191899,-0.0662308716212629,0.6496862728540997,-0.99992554350068,0.004556097000998316,-0.011320310728466619,-14.719010310555454,-0.01099354161836244,0.06628589467893209,0.9977401075477007,0.04284028754722837,0.0,0.0,0.0,1.0
1559194797922535000,0.0052115918358807455,0.9977876262652713,-0.06627738816857748,0.6496132234879369,-0.9999233405533173,0.0044553728179684005,-0.011552604457188646,-14.7464006687185,-0.011231755304827342,0.06633251483974552,0.9977343560025428,0.042929816132191954,0.0,0.0,0.0,1.0
1559194798007818000,0.005427316018645828,0.9977886506948017,-0.06624464344750239,0.6492992241309575,-0.9999055431996187,0.004578446127358575,-0.012959263472000325,-14.916418627175625,-0.0126273084824751,0.06630872020867064,0.9977192514454036,0.04337704696263806,0.0,0.0,0.0,1.0
1559194798023392000,0.005454517998665983,0.9977883952132529,-0.06624625733702201,0.64930816154513,-0.9999033631181989,0.004594960933129626,-0.013120623420252924,-14.944179988326573,-0.01278720682226162,0.06631142218188174,0.9977170353511572,0.043425946858361535,0.0,0.0,0.0,1.0
1559194798099500605,0.004830556326534564,0.9978433921732809,-0.06546167139397739,0.649497701529926,-0.9998971810123152,0.003935897825841337,-0.013788985166693777,-15.087995627479197,-0.013501597283244987,0.06552154916072608,0.9977598075019766,0.04364744364465988,0.0,0.0,0.0,1.0
1559194798108667000,0.004776327051609906,0.9978506103362049,-0.0653555365027412,0.6495148500722713,-0.9998961219032889,0.0038768859560223312,-0.013882188518007568,-15.104732509701773,-0.013598974323880256,0.06541505336655304,0.9977654727892662,0.04367322534864139,0.0,0.0,0.0,1.0
1559194798124238000,0.004878401394690764,0.997855085560709,-0.06527962484930003,0.6495718009306591,-0.9998949626592601,0.003976591951527544,-0.01393737296209041,-15.132555707582554,-0.01364788805880346,0.06534076015079812,0.9977696729278008,0.043708569519931205,0.0,0.0,0.0,1.0
1559194798209552000,0.004612230629236892,0.9978872520210958,-0.0648055520955726,0.6497991908386377,-0.999884453664188,0.0036633430388200838,-0.014753278905174519,-15.286558467807442,-0.014484703976839073,0.06486610957633497,0.9977888459885359,0.04386065771545654,0.0,0.0,0.0,1.0
1559194798225089000,0.004499742175441093,0.9978952606099292,-0.06469003920693328,0.6498088229081066,-0.9998821354727169,0.003540240990628071,-0.014939272279630057,-15.314208526946462,-0.014678810676318136,0.06474963741958932,0.9977935743284584,0.04387948694457566,0.0,0.0,0.0,1.0
1559194798310382000,0.004286487907856274,0.9979163007789947,-0.064379209850606,0.6494001548199806,-0.9998606012401359,0.0032381293850348184,-0.016379639977686856,-15.459386473024267,-0.0161370415234223,0.0644404465972904,0.997791072686669,0.04395021192046771,0.0,0.0,0.0,1.0
1559194798325948000,0.004110938505180644,0.9979255803933771,-0.06424668225790334,0.6492740511104171,-0.9998544655522308,0.003038106192326745,-0.016787424639484808,-15.48661168440133,-0.01655741223346344,0.06430634422283345,0.9977928373128513,0.04394485064310972,0.0,0.0,0.0,1.0
1559194798411231000,0.004187481749797651,0.9979670591651801,-0.06359413351718372,0.6484606924632459,-0.9998168816111647,0.0029907843935748687,-0.018901281809419707,-15.623093208228399,-0.01867266027975264,0.06366163703453867,0.9977968369002589,0.0438874686178849,0.0,0.0,0.0,1.0
1559194798426795000,0.004164771997317288,0.997974950491715,-0.06347166978481499,0.6483925361205439,-0.9998125495441166,0.0029554745506826714,-0.019134548447024148,-15.633532698628859,-0.01890821113436155,0.06353946302293192,0.9978001885099329,0.04387553979804917,0.0,0.0,0.0,1.0
1559194798512098000,0.003939082702421758,0.9980527141543512,-0.0622516136064116,0.6472777873475004,-0.9997583583589,0.002584213423694212,-0.021829950354923213,-15.762064498219084,-0.021626569746057398,0.06232256100417571,0.997821722488992,0.0435948419418861,0.0,0.0,0.0,1.0
1559194798527671000,0.003954013083874991,0.99805413454258,-0.0622278900734594,0.647151666242563,-0.9997549006540921,0.0025898746432901332,-0.021987068186900344,-15.773079406596292,-0.021783121875798454,0.062299575213592306,0.9978197525252508,0.04355891257189314,0.0,0.0,0.0,1.0
1559194798612931000,0.003970251768256262,0.998074479592931,-0.06189967920918687,0.6457345318376589,-0.9997263110046979,0.0025344556788153318,-0.023256818771056523,-15.893379302117157,-0.0230551552984206,0.061975073374023575,0.9978113800185155,0.04312513528776541,0.0,0.0,0.0,1.0
1559194798628527000,0.004044252203098045,0.9980795752535676,-0.061812664444867715,0.6456053865061948,-0.9997224610478895,0.0026008146682227947,-0.023414453643197202,-15.904776326684013,-0.023208724662626207,0.061890202978481426,0.9978130876445843,0.04308341379501112,0.0,0.0,0.0,1.0
1559194798713789000,0.004564469012143261,0.998096046104469,-0.061509742100484856,0.6446431768873976,-0.9996700057490976,0.00299941165973237,-0.025512411397035875,-16.017169050815486,-0.025279343904328597,0.06160589485046338,0.9977803708689804,0.04250809272402937,0.0,0.0,0.0,1.0
1559194798729371000,0.004517020174674343,0.9980991555572438,-0.06146277088336114,0.6445623996912785,-0.9996643978661197,0.002939152323361616,-0.025738162766303883,-16.02875419388938,-0.02550859007680034,0.06155840364677311,0.9977774675611577,0.04243452246276918,0.0,0.0,0.0,1.0
1559194798814671000,0.004463719773866352,0.9981446397992794,-0.06072358064008617,0.6439917404022979,-0.9996104729863365,0.0027808507634158397,-0.02776993275221011,-16.132813170979183,-0.027549546308624443,0.06082388436300478,0.9977682484370738,0.04177818424978652,0.0,0.0,0.0,1.0
1559194798830230000,0.004566021363366365,0.9981543475776516,-0.060556171120226356,0.6439325473348471,-0.9996044771743401,0.002875441470433581,-0.027975365044354737,-16.14441964488395,-0.027749606518364462,0.0606599558867543,0.9977726840768377,0.04170124899996259,0.0,0.0,0.0,1.0
1559194798915529000,0.004769871079677234,0.9982080653104668,-0.05964819091157432,0.6437072441403664,-0.9995594928038334,0.003012031833207367,-0.02952537908272907,-16.24016516212114,-0.029292809281910043,0.059762747706042,0.9977827144779557,0.04121519051975618,0.0,0.0,0.0,1.0
1559194798931088000,0.004739061018081488,0.9982067504357235,-0.05967264603837459,0.643695212098368,-0.9995536921461677,0.0029684705598293803,-0.02972548905402322,-16.251604518244115,-0.029495047340736893,0.05978688457420813,0.9977753106863696,0.04116880077517237,0.0,0.0,0.0,1.0
1559194799016386000,0.004971962580996823,0.9982314004247679,-0.05923977375130044,0.6436587487463891,-0.9995060975536016,0.0031226042949187155,-0.0312699583560737,-16.329022564452913,-0.031029671949061675,0.05936598814497553,0.9977538969657316,0.040797030207231993,0.0,0.0,0.0,1.0
1559194799031955000,0.005021349175295106,0.9982339751561584,-0.05919220300340322,0.6436630220505373,-0.9994980699621991,0.0031585547890866615,-0.03152192369573314,-16.340224221653557,-0.031279293379087504,0.05932077524426588,0.9977487917457609,0.040719676676471105,0.0,0.0,0.0,1.0
1559194799099076452,0.005236481471985203,0.9982445770037387,-0.05899443824991647,0.6436418636295883,-0.9994694835743719,0.0033282039147539415,-0.0323986799465656,-16.39454870079657,-0.03214546103840643,0.059132795818661224,0.9977324199369791,0.04016234699186037,0.0,0.0,0.0,1.0
1559194799117243000,0.005338971986701753,0.9982509938608298,-0.05887655419601329,0.6436264051505073,-0.9994632176448084,0.003423807956723741,-0.03258149956892474,-16.40940533972598,-0.032322932311434405,0.0590189020140689,0.9977334299560392,0.03995215510916555,0.0,0.0,0.0,1.0
1559194799132827000,0.005331227793650517,0.9982455795364276,-0.0589689829164326,0.6436347108531612,-0.9994579564782222,0.003403392065161603,-0.03274462024250432,-16.420157753012063,-0.032486477842130115,0.05911158819078652,0.9977226312452657,0.03978599098280523,0.0,0.0,0.0,1.0
1559194799218097000,0.005587369585588549,0.9982306954792045,-0.05919678964455089,0.6437149890027163,-0.999425818912316,0.0035961100601098325,-0.033691252334725544,-16.483405921269267,-0.03341876407889131,0.05935104544607999,0.9976776230886892,0.03862693213400301,0.0,0.0,0.0,1.0
1559194799233661000,0.005568453985773942,0.9982213341047944,-0.059356216677402804,0.6437778362485831,-0.9994204616071835,0.003562153609943864,-0.033853389528136164,-16.49358069470754,-0.033581739697234984,0.05951032851283596,0.9976626622056194,0.038418881791737934,0.0,0.0,0.0,1.0
1559194799318957000,0.0058827577828729745,0.9981877092612741,-0.059888982631223574,0.6441270909819302,-0.9993918651664304,0.003810276415383407,-0.034660952566299134,-16.54956173195406,-0.03436994326490659,0.060056464043208885,0.997603091478066,0.03719207972079054,0.0,0.0,0.0,1.0
1559194799334519000,0.005892290948952487,0.9981824879310229,-0.059975008922100496,0.6442342031215496,-0.9993869391206236,0.003808295177848264,-0.03480291371349323,-16.55889568148581,-0.03451125646051365,0.06014330948386149,0.9975929808804034,0.03697435647250805,0.0,0.0,0.0,1.0
1559194799419814000,0.006163580698281506,0.9981693387363425,-0.06016628191630419,0.6449312412065035,-0.9993517643076413,0.004014414041512733,-0.03577618838147008,-16.60713499387537,-0.035469161932288135,0.060347789409054886,0.9975470329088566,0.0357872725280616,0.0,0.0,0.0,1.0
1559194799435376000,0.006162630692553395,0.9981563110242166,-0.06038212273077904,0.6451029134670159,-0.9993475889997546,0.003998602585759027,-0.03589439423833953,-16.615469212634668,-0.03558677202730464,0.06056393266531528,0.9975297447779631,0.03556463849744845,0.0,0.0,0.0,1.0
1559194799520662000,0.006162442148199264,0.9981025681354335,-0.06126408236665512,0.646244217365258,-0.999326151862613,0.003929987341958796,-0.03649379951383766,-16.655679123658448,-0.036183787947563134,0.061447690607134876,0.9974542168986074,0.03442154476775801,0.0,0.0,0.0,1.0
1559194799536257000,0.006154084143569026,0.9981024366828555,-0.06126706404016888,0.6463403206906826,-0.9993233888042959,0.003916766894137002,-0.03657080154702187,-16.65836438312085,-0.03626143732739386,0.06145066984862993,0.9974512135127755,0.03433546484860604,0.0,0.0,0.0,1.0
1559194799621509000,0.005985761886924172,0.9980716194963737,-0.06178359823224499,0.6475604823854516,-0.9992890946501907,0.0036703954629079493,-0.037521107530936106,-16.691239688686018,-0.037221982320065045,0.061964268357144324,0.9973840551558504,0.033117957694834076,0.0,0.0,0.0,1.0
1559194799637112000,0.006002485266858253,0.9980669621217458,-0.06185716847456515,0.647660852449424,-0.9992864420249686,0.003680058922575126,-0.03759074289504536,-16.693649905199354,-0.03729044054038716,0.062038667679085314,0.9973768729807757,0.03302143103360356,0.0,0.0,0.0,1.0
1559194799722379000,0.006300685060586665,0.9980154958006164,-0.06265278533012635,0.6487908564549972,-0.9992442935823682,0.0038805054854482613,-0.03867535934224367,-16.718904789444977,-0.03835548345206392,0.06284911947698932,0.9972857389284804,0.03187530522641034,0.0,0.0,0.0,1.0
1559194799737951000,0.0063345538155072005,0.9980114011584291,-0.06271456438300317,0.6488883152668485,-0.9992399707874591,0.003905157731370197,-0.038784410834386045,-16.720877178193494,-0.03846237393395963,0.06291258141965354,0.9972776207709089,0.03176791713072756,0.0,0.0,0.0,1.0
1559194799823248000,0.00641578710832139,0.9979522256481125,-0.06364112663809424,0.6499912375525924,-0.9992018552174362,0.0038885186288953686,-0.03975590462945913,-16.738277030387167,-0.03942702380112652,0.06384539722531204,0.9971806631936494,0.030783809897018836,0.0,0.0,0.0,1.0
1559194799838818000,0.006404653754562505,0.9979480273457487,-0.06370804601474109,0.6501117816195562,-0.9991968700070938,0.003866567341849409,-0.0398831371009621,-16.73963965237521,-0.03955496654413114,0.06391231785597494,0.997171309378671,0.030701497982612985,0.0,0.0,0.0,1.0
1559194799924104000,0.006490479718935528,0.9979143493591087,-0.06422480063192963,0.6513862828620207,-0.9991490345277233,0.0038556011346457127,-0.04106508422258328,-16.74898764389767,-0.04073181158916711,0.06443667964043026,0.9970901834044807,0.029980104488823156,0.0,0.0,0.0,1.0
1559194799939687000,0.0065132284809633085,0.9979122552116112,-0.06425502901123306,0.6515218174127604,-0.9991440482519612,0.0038693927613198563,-0.04118493222451477,-16.749574170727158,-0.04085032065276806,0.06446827668038206,0.997083292711513,0.02990465743040407,0.0,0.0,0.0,1.0
1559194800024980000,0.006545981933099229,0.9978672387161722,-0.06494708628952806,0.6525669910814086,-0.9991110256735969,0.003821654537924683,-0.041982774253785965,-16.751126528164463,-0.041645029691226194,0.06516416847900798,0.9970051768413518,0.029289532549151218,0.0,0.0,0.0,1.0
1559194800040523000,0.006569565139988139,0.9978642894482689,-0.06499000429122544,0.6526622579752467,-0.9991100073533112,0.003842009167688869,-0.042005144589919434,-16.750981956362374,-0.04166574156709642,0.06520811919889634,0.9970014378977645,0.029241290541002978,0.0,0.0,0.0,1.0
1559194800099014058,0.006599371198586009,0.9978440798184086,-0.06529655941271624,0.6530532690813803,-0.9991009423863665,0.0038449102863543924,-0.04221994300754235,-16.750114257371354,-0.041877860767396906,0.06551647911972229,0.9969723344914367,0.02905319868142408,0.0,0.0,0.0,1.0
1559194800125812000,0.006584578766028652,0.997837323268228,-0.06540122028966715,0.6532492733169597,-0.9991018289291593,0.0038269711639329794,-0.0422005891205158,-16.7496667436524,-0.041859034304223025,0.06562035190864118,0.9969662936441259,0.028910291543638323,0.0,0.0,0.0,1.0
1559194800141410000,0.0065629745198820975,0.9978366690803043,-0.06541337175360865,0.6533302241105239,-0.9991026390665498,0.0038059665096534,-0.04218330510023216,-16.74949816187032,-0.0418430875498358,0.06563152030580921,0.9969662278967368,0.028837148712955774,0.0,0.0,0.0,1.0
1559194800226677000,0.0064422784270048595,0.9978261410267066,-0.0655857403131536,0.6538789372079644,-0.9991135310104491,0.0036942915688456665,-0.041934524697859236,-16.74911293757809,-0.04160107210757841,0.06579775447201616,0.9969653987505991,0.028148157580175297,0.0,0.0,0.0,1.0
1559194800242269000,0.006451001828498557,0.9978224823635365,-0.06564052304239489,0.6539637829345966,-0.9991144171377043,0.0037021782175169398,-0.04191271100785025,-16.749174653704397,-0.041578432425844275,0.06585277189546564,0.9969627106319955,0.028035653861712605,0.0,0.0,0.0,1.0
1559194800327526000,0.006373453492284942,0.9978011469221467,-0.06597158700103847,0.654518422652544,-0.9991021645446678,0.0035907415161470905,-0.04221340281856667,-16.74967730241455,-0.04188369483152143,0.06618140053079886,0.9969281710991236,0.0274436419648934,0.0,0.0,0.0,1.0
1559194800343127000,0.006320395069749915,0.9978032953185744,-0.06594419199260873,0.6546024259851134,-0.9990952144506299,0.0035275201869825598,-0.04238288644228364,-16.749743358437534,-0.04205716428875498,0.06615240322714053,0.9969227926370552,0.027369716954165808,0.0,0.0,0.0,1.0
1559194800428394000,0.006170842792291123,0.997814613988436,-0.06578690455057178,0.654953164233312,-0.9990423488077347,0.0033019378147441467,-0.043628918109309925,-16.74994916159054,-0.04331634781412343,0.06599313083784321,0.9968794313728545,0.02716622841818952,0.0,0.0,0.0,1.0
1559194800443994000,0.006233928504939402,0.9978166506373077,-0.06575005586568786,0.6549741853945541,-0.9990347813793767,0.003355530859665154,-0.043797785410989686,-16.74996284295602,-0.043481533202642905,0.06595962495038615,0.996874457565623,0.027187522239968277,0.0,0.0,0.0,1.0
1559194800529290000,0.006581905584651805,0.9978371995657086,-0.06540337668458948,0.6550092259901299,-0.998988559513953,0.0036519948627675774,-0.04481652478452634,-16.750131760551028,-0.044480742789598904,0.06563220319624963,0.996851983708961,0.027610467011305543,0.0,0.0,0.0,1.0
1559194800546901000,0.006608574838898424,0.9978400904182605,-0.06535656579623166,0.654985838540955,-0.9989774984314188,0.003664676020659833,-0.04506137789022143,-16.750182915866173,-0.044724538748883526,0.06558753009331954,0.9968440156463583,0.027755970838766728,0.0,0.0,0.0,1.0
1559194800630114000,0.0066638145442333065,0.9978613621933647,-0.06502534442298519,0.6547978326917924,-0.9989355337446062,0.0036746181705902634,-0.04598148109488542,-16.75021432017578,-0.045644200048845014,0.06526253920058625,0.996823659419755,0.02855445210860787,0.0,0.0,0.0,1.0
1559194800647778000,0.006608994205415371,0.997872123353266,-0.0648656043680885,0.65474120760733,-0.9989256468546597,0.003612748177311173,-0.046200650499817336,-16.7501423550985,-0.045867998120603604,0.06510125563345098,0.9968239329306647,0.028736088302491764,0.0,0.0,0.0,1.0
1559194800730953000,0.006569453529300041,0.9979123132913839,-0.06424840279548517,0.6544389008557876,-0.998872370085174,0.003527572514614744,-0.047344952345315154,-16.74956893840846,-0.04701947001777428,0.06448698483879185,0.9968102117382467,0.02942111506504109,0.0,0.0,0.0,1.0
1559194800748616000,0.006590673590922155,0.9979167161371608,-0.0641778051638077,0.6543997482433989,-0.9988679531408327,0.003546219833528878,-0.04743665790436474,-16.749500623693528,-0.047110245274901055,0.06441779240953573,0.996810399630352,0.029478567068558628,0.0,0.0,0.0,1.0
1559194800831830000,0.0066173547713038895,0.9979574446238364,-0.06353856573531112,0.6540367083552364,-0.9988303629755788,0.0035529672394517043,-0.04822118229436707,-16.748924189621107,-0.04789693741672712,0.0637833453470814,0.9968137078925193,0.029983352822021227,0.0,0.0,0.0,1.0
1559194800849498000,0.006631740694032196,0.9979616760718192,-0.06347056882755546,0.6539978317312646,-0.9988271228295791,0.0035664121694015667,-0.04828725923286368,-16.748873507874208,-0.04796247194787728,0.0637163542284419,0.9968148411257165,0.030047967475060427,0.0,0.0,0.0,1.0
1559194800932667000,0.006772179334834544,0.9980029278427878,-0.06280361139524201,0.6536530251742593,-0.9987959472993646,0.003699185132784612,-0.048918009850295076,-16.748453452635975,-0.04858799486927806,0.0630592740727406,0.9968263312673886,0.0306465679247828,0.0,0.0,0.0,1.0
1559194800950355000,0.006765579899902798,0.9980100354867071,-0.06269127528166828,0.6536071686959757,-0.9987867208094378,0.0036861252939028246,-0.04910701390887737,-16.748398117755265,-0.04877820479832186,0.06294745068818564,0.996824109453877,0.030724915852348537,0.0,0.0,0.0,1.0
