1559194794098995359,-0.06039439067811236,0.6698137322714174,-0.7400689708636957,-4.1402263388384725e-05,-0.9744966474866457,-0.2000964814708862,-0.10157599194821267,-0.0001704475349041386,-0.21612219139160868,0.7150601108743231,0.6648159416142811,-0.0001681218906470669,0.0,0.0,0.0,1.0
1559194794175226000,-0.06039439067811236,0.6698137322714174,-0.7400689708636957,-4.1402263388384725e-05,-0.9744966474866457,-0.2000964814708862,-0.10157599194821267,-0.0001704475349041386,-0.21612219139160868,0.7150601108743231,0.6648159416142811,-0.0001681218906470669,0.0,0.0,0.0,1.0
1559194794188477000,-0.08092786022784705,0.6533827423782129,-0.7526896262080852,-0.020928891298655182,-0.971090969927419,-0.22183484464743083,-0.08815684786604024,-0.36943284630097106,-0.2245729493157362,0.7237957541064847,0.6524467003311881,-0.0066732459206229255,0.0,0.0,0.0,1.0
1559194794276082000,-0.0821850499942336,0.6529811744621696,-0.7529018550617691,-0.05347230611120137,-0.9710234510487488,-0.22257099368633354,-0.0870379818404396,-0.6173502951081735,-0.2244082776343689,0.7239321367141326,0.6523520417394975,0.008477572156043662,0.0,0.0,0.0,1.0
1559194794289332000,-0.0821850499942336,0.6529811744621696,-0.7529018550617691,-0.05347230611120137,-0.9710234510487488,-0.22257099368633354,-0.0870379818404396,-0.6173502951081735,-0.2244082776343689,0.7239321367141326,0.6523520417394975,0.008477572156043662,0.0,0.0,0.0,1.0
1559194794376966000,-0.057998391737385926,0.6504683278715107,-0.7573157472229937,-0.16232109006398274,-0.9795580859362514,-0.18344552646408638,-0.0825451094687737,-1.14124182095895,-0.1926191652789894,0.737047280204165,0.647811055718307,-0.05837233346574603,0.0,0.0,0.0,1.0
1559194794390162000,-0.09829610909082678,0.6388352175440423,-0.7630382950829275,-0.10410406470276726,-0.9676197121671217,-0.24048135060864909,-0.0766864566599333,-1.188728887422265,-0.23248648899069296,0.7307929151509975,0.64178793039592,-0.000516022044937161,0.0,0.0,0.0,1.0
1559194794477767000,-0.0413984598650234,0.6471775434915091,-0.7612144209886578,-0.23510637663797654,-0.9853695002359535,-0.15251107295614125,-0.07607444137495752,-1.6077280528848152,-0.16532729818620243,0.7469281088739806,0.6440227361269066,-0.1032524553342801,0.0,0.0,0.0,1.0
1559194794491043000,-0.10955189408913435,0.6254852184244837,-0.772506714555905,-0.15879219055092025,-0.9652043770249243,-0.2525961976529989,-0.06764371000453669,-1.7717638581962152,-0.2374423994854626,0.7382163656162907,0.6313934624803024,-0.02671180471912075,0.0,0.0,0.0,1.0
1559194794578635000,-0.04112744866107667,0.6382708635112107,-0.7687124545363386,-0.3352280871218643,-0.9879312205907571,-0.14096645373737426,-0.06419004831567134,-2.07332524379453,-0.14933330622700994,0.7567950605767465,0.6363653038451702,-0.1922710185882763,0.0,0.0,0.0,1.0
1559194794591873000,-0.11921275308986223,0.6128870305395964,-0.781125986827407,-0.21427259786553726,-0.9636126268365381,-0.260996425110426,-0.05771976681145046,-2.307744583634161,-0.23924678660731408,0.7458219317477387,0.621699783836333,-0.06676304395392701,0.0,0.0,0.0,1.0
1559194794679507000,-0.044039366674752216,0.632933887658789,-0.7729522805684796,-0.4031029143326465,-0.9892649691450818,-0.13554004702492353,-0.05462340592516351,-2.511294610119963,-0.13933899312565193,0.7622490337846373,0.6321084206756965,-0.23205488514009417,0.0,0.0,0.0,1.0
1559194794692736000,-0.12349853809013409,0.6013081853457293,-0.7894153389223092,-0.2753692300369083,-0.9630055458793149,-0.26462797870634563,-0.05091514010065384,-2.8544643365138502,-0.23951707599934555,0.7539234040153014,0.6117442857785488,-0.12191700710460557,0.0,0.0,0.0,1.0
1559194794780369000,-0.05927883180857888,0.6220565041880939,-0.78072512813198,-0.4817102955659235,-0.9884303906884819,-0.14595929366482796,-0.04124617989924807,-2.9760948710171014,-0.13961154272776446,0.7692474180588104,0.623511849885004,-0.3020909284141442,0.0,0.0,0.0,1.0
1559194794793595000,-0.12720943847114216,0.5903074412703558,-0.797091515162911,-0.34278226716536375,-0.9634665810245785,-0.2644961451720479,-0.04211812481490669,-3.4116989219457152,-0.2356902756005314,0.762613213870552,0.602387898299236,-0.19161291010624984,0.0,0.0,0.0,1.0
1559194794881213000,-0.06555780657124222,0.6132610276518745,-0.7871550583975987,-0.5112007908668088,-0.9884388473461491,-0.1479906890863922,-0.03297576383876817,-3.4755486917838816,-0.1367143703294682,0.7758928198579303,0.6158729682640074,-0.32936074306767044,0.0,0.0,0.0,1.0
1559194794894452000,-0.12983103283285818,0.5792981806842064,-0.8047095878449115,-0.4179376693507998,-0.9656332167700824,-0.258165061814747,-0.030054808740757735,-3.9779393322300183,-0.22515859651323394,0.7731522610160035,0.5929074022999145,-0.2772659471194599,0.0,0.0,0.0,1.0
1559194794982100000,-0.07299277669666206,0.5996881187632421,-0.796897869720022,-0.5658443855439979,-0.988435539525578,-0.1499880219900333,-0.022333326270330075,-4.069015588037965,-0.13291816562415923,0.7860520043061546,0.6037010914131168,-0.37855812260162874,0.0,0.0,0.0,1.0
1559194794995336000,-0.13019587089207024,0.5688517261348253,-0.8120694236800733,-0.5015333470255127,-0.9675546792681667,-0.25176752766313815,-0.021238047006741798,-4.553375344245648,-0.21653401079027834,0.7829564647461679,0.583174241957967,-0.3792187905046939,0.0,0.0,0.0,1.0
1559194795082944000,-0.07752463747986654,0.5863680784654962,-0.8063264891719075,-0.6317548578961345,-0.9850871074201754,-0.16965238270995822,-0.028661120623265528,-4.763478965228574,-0.15360117635670018,0.7920798858685342,0.5907758737662937,-0.49386240326986064,0.0,0.0,0.0,1.0
1559194795096192000,-0.12811506715289428,0.5574338450803267,-0.8202768056743839,-0.5945082998167618,-0.969361730008679,-0.24516642024542495,-0.015207326478314761,-5.136528270682343,-0.20958140652973944,0.793196655781527,0.5717645488258313,-0.49892679585568644,0.0,0.0,0.0,1.0
1559194795099977732,-0.0557409178193752,0.5612044099329682,-0.8257981353529713,0.3650565939232863,-0.9872869175629988,-0.15428703301149882,-0.038210651047325066,-5.065449588289631,-0.1488539300442062,0.8131697988220561,0.5626698728331677,-0.013978753410051972,0.0,0.0,0.0,1.0
1559194795183793000,-0.06922279707898438,0.5610501826167577,-0.8248823533997266,-0.6533719211313844,-0.9850162884702777,-0.1693648702262874,-0.0325338620743258,-5.598388069733578,-0.15795922199352713,0.8102704692378581,0.5643674785707079,-0.5467621861593701,0.0,0.0,0.0,1.0
1559194795197050000,-0.06899162481508019,0.5606040775728565,-0.8252049587308978,-0.735124000913136,-0.9849394242710265,-0.16972920816326947,-0.032959466211259954,-5.639774307272495,-0.15853859537045517,0.8105029698310509,0.5638709512583571,-0.589339821308715,0.0,0.0,0.0,1.0
1559194795284691000,-0.07565538519710586,0.5851416256280487,-0.8073942906957174,-0.8961569180169038,-0.9866813753943343,-0.16086539410324208,-0.024128581184061464,-5.920751703004738,-0.1440004379876149,0.7948154521254445,0.589518677330925,-0.6930070399947272,0.0,0.0,0.0,1.0
1559194795297924000,-0.04231287098819267,0.6049824021965979,-0.7951137742368514,-1.3063248035630228,-0.9924102461338489,-0.11742008392390983,-0.036529813301586,-5.917812244997537,-0.11546222030293471,0.7875333751173552,0.605359115533071,-1.054944381792924,0.0,0.0,0.0,1.0
1559194795385497000,0.0015751155047051318,0.6125435256197614,-0.7904352903511194,-1.2068373738643792,-0.996030123219676,-0.06939019289842088,-0.05575836052574542,-6.239594897766352,-0.08900288001040137,0.7873851855037861,0.610002505731759,-0.8682297499620669,0.0,0.0,0.0,1.0
1559194795398774000,0.00704807285101031,0.6140469767741477,-0.7892380090844673,-1.1801021069061086,-0.9961638766463189,-0.0645316840461037,-0.05910323696005525,-6.277209354423326,-0.08722302181230418,0.7866269586460326,0.6112365928159288,-0.8562230265333506,0.0,0.0,0.0,1.0
1559194795486381000,0.1847935683876328,0.5948991996820625,-0.7822699529575513,-1.0396873490546232,-0.9821592108776965,0.14001685278425066,-0.12553312480972728,-6.71660185275371,0.03485142135790509,0.7915113537745585,0.6101599423719174,-0.8016406029336619,0.0,0.0,0.0,1.0
1559194795499612000,-0.016369610311525066,0.6210764927555275,-0.7835789851729971,-0.8781844968548009,-0.9945094612796257,-0.09112487940715729,-0.051450828742932074,-6.718960331384501,-0.10335844079489834,0.7784344843977047,0.6191581269893206,-0.7569917909629073,0.0,0.0,0.0,1.0
1559194795587209000,0.306593870569378,0.5591657677563099,-0.7702816645219986,-0.8461597026890262,-0.9442450614197998,0.28070285516666016,-0.17206734462297388,-7.201598427552705,0.12000609365195761,0.7800894508136746,0.6140512895643319,-0.7300969143553809,0.0,0.0,0.0,1.0
1559194795602774000,-0.017234705682399522,0.6471474027800677,-0.762170062384411,-0.6269723276925171,-0.9939993106984936,-0.09344388560552513,-0.05686484479764259,-7.159944809162958,-0.10802006874169288,0.7566164677813695,0.6448745501499393,-0.7008030352892927,0.0,0.0,0.0,1.0
1559194795688076000,0.380715873179829,0.5346264104845199,-0.754473342883204,-0.5956966328372386,-0.9093998867624382,0.36425007623809713,-0.2007827879002549,-7.664688061671693,0.1674731914826312,0.7625591669981918,0.6248649829856392,-0.6300765778024091,0.0,0.0,0.0,1.0
1559194795703632000,-0.01930913975513601,0.6764998028304771,-0.736189631747316,-0.4427412025076413,-0.9937326422758592,-0.09407226212492258,-0.06038083449352232,-7.564749136915362,-0.11010264664099052,0.7304097660005875,0.6740763910222807,-0.654783188640616,0.0,0.0,0.0,1.0
1559194795788934000,0.40414108797813847,0.5138039823244867,-0.7567532284406498,-0.33492964465068187,-0.8930413426655821,0.40059744091034405,-0.20493621111490076,-8.119039906638697,0.19785636532063766,0.758635062519248,0.620746083852751,-0.43119160674777257,0.0,0.0,0.0,1.0
1559194795804494000,-0.03306051461536358,0.7087343966368976,-0.7047003316283477,-0.2995117631389341,-0.9924603334783162,-0.10654193841456334,-0.06059126860346204,-7.966290625179624,-0.11802325552820873,0.6973839476089211,0.7069131069459115,-0.6179376324505605,0.0,0.0,0.0,1.0
1559194795889791000,0.39939267406773765,0.526081163434186,-0.7508156240920619,-0.005053305138452605,-0.8965216526036716,0.3953355959360515,-0.19989670582243962,-8.598968453946,0.19166225062280268,0.7529597439874307,0.6295372948607465,-0.308468623484637,0.0,0.0,0.0,1.0
1559194795905364000,-0.05165503335223778,0.7406585860386188,-0.6698929888098991,-0.1960862599558135,-0.9906901078009124,-0.12260662208322516,-0.059166937784140505,-8.36148887206284,-0.12595581699465502,0.6606000871545639,0.7400963835991845,-0.5905539584245691,0.0,0.0,0.0,1.0
1559194795990650000,0.36964454160356724,0.5398758226899546,-0.7562387248333251,0.2820079083886994,-0.9124532994685199,0.364612632484298,-0.1857056932941975,-8.909766905699083,0.1754761783026345,0.7586776155309397,0.6273885451142615,-0.12640848700935453,0.0,0.0,0.0,1.0
1559194796006215000,-0.0723147724609255,0.7698478386918227,-0.6341174015475818,-0.1313096371417325,-0.9888399141707495,-0.13837022605805505,-0.05522050962660391,-8.749726816811759,-0.13025435818698827,0.6230473383316649,0.771262482149316,-0.573228249492149,0.0,0.0,0.0,1.0
1559194796091527000,0.2924561169130817,0.5627188012833397,-0.7731862455853432,0.5522327612091961,-0.9462298859138494,0.2871933807756055,-0.14889246133415054,-9.363016807363564,0.1382693844767747,0.7751564440297948,0.6164528080846895,0.04139808914162579,0.0,0.0,0.0,1.0
1559194796100973768,0.2924561169130817,0.5627188012833397,-0.7731862455853432,0.5522327612091961,-0.9462298859138494,0.2871933807756055,-0.14889246133415054,-9.363016807363564,0.1382693844767747,0.7751564440297948,0.6164528080846895,0.04139808914162579,0.0,0.0,0.0,1.0
1559194796107090000,-0.09795913357583877,0.7971936886635356,-0.5957232838357955,-0.10208916766187491,-0.985634666670517,-0.1604701799508739,-0.05266521815997045,-9.1306269316737,-0.13758020208727154,0.5820064811508237,0.8014612553904653,-0.5658579789550929,0.0,0.0,0.0,1.0
1559194796192378000,0.21960578480812554,0.5779071063683408,-0.7860004298267087,0.6373666082156605,-0.9697636587569298,0.21722049825665835,-0.11123713989265262,-9.763938191200541,0.10645067136085368,0.7866629720192096,0.6081361878894637,0.08642102310737618,0.0,0.0,0.0,1.0
1559194796207960000,-0.1262988845650994,0.8212423676104271,-0.5564257051927416,-0.10018104830458671,-0.9816216678677397,-0.18436142865524088,-0.049292644448811075,-9.500681946206193,-0.1430646459827537,0.5399739227646322,0.8294339454133793,-0.5710390222119089,0.0,0.0,0.0,1.0
1559194796293231000,0.16297645549833314,0.589459963540801,-0.7911862147027544,0.7219027254935806,-0.9838642176044324,0.15709866978554785,-0.08562248109714996,-10.158568709158782,0.07382327729666684,0.7923742545881245,0.6055519502033614,0.09827764401355514,0.0,0.0,0.0,1.0
1559194796308788000,-0.15975497007131845,0.840283212745834,-0.518075739554613,-0.11887686144855057,-0.9761090056862717,-0.21276128433865865,-0.044089056518843754,-9.859242336411148,-0.14727375379092564,0.4986549491021899,0.854197683900056,-0.5879576296987182,0.0,0.0,0.0,1.0
1559194796394081000,0.11409514413390726,0.5988630751037685,-0.7926823546429674,0.7248263327264085,-0.9923823588224402,0.10602378740891918,-0.06273922538157078,-10.451172625216662,0.046470980009832304,0.7938022258602752,0.6063979503891832,0.08770279354348025,0.0,0.0,0.0,1.0
1559194796409675000,-0.1899824156919942,0.8556138445198614,-0.4814889726606237,-0.15809553811693314,-0.9704723908832272,-0.23790077214857605,-0.03983166007713965,-10.20732231347944,-0.1486271181891981,0.45970443947938444,0.8755465767517547,-0.6134772585832887,0.0,0.0,0.0,1.0
1559194796494919000,0.07318016454979973,0.603340247335425,-0.794119140596478,0.7241675731756223,-0.9970923004005711,0.061227934311465025,-0.04536611667145683,-10.80050434961428,0.02125107052271433,0.7951299805724737,0.6060665854478877,0.08574855665562606,0.0,0.0,0.0,1.0
1559194796510511000,-0.2202472164590141,0.8673173077059756,-0.4463763562238886,-0.21519124936483858,-0.9643534230156857,-0.26241677468566454,-0.03405747908319995,-10.544803309737745,-0.14667528476190597,0.4229635021100882,0.8941969787036755,-0.6442108584308046,0.0,0.0,0.0,1.0
1559194796595776000,0.03802572552815539,0.6011047523048784,-0.7982650693563805,0.7363891928774288,-0.9992605835700482,0.027419105871263946,-0.02695326986576,-11.183751774250975,0.005685975843550798,0.7986997366906476,0.6017029169689962,0.08766759182333492,0.0,0.0,0.0,1.0
1559194796611378000,-0.24979104976192976,0.8745703625582648,-0.41560932664407757,-0.2798393667672965,-0.957598657521632,-0.2867535493389862,-0.027878541107065193,-10.838779762973427,-0.14355919535717593,0.39102312319887106,0.9091158752063446,-0.6754758686190506,0.0,0.0,0.0,1.0
1559194796696633000,0.012869892648118131,0.6006900726891952,-0.7993783850191789,0.7379729804873343,-0.9999024500341003,0.003392107059595751,-0.013549318266931471,-11.553164815848039,-0.005427363911539683,0.799474783956533,0.6006751314468003,0.07960038731931683,0.0,0.0,0.0,1.0
1559194796712240000,-0.2782068323151869,0.8790554504829212,-0.38712074786740897,-0.3573806193277022,-0.9504912858898665,-0.31004380198155224,-0.02095605640983104,-11.12407735932691,-0.13844592410244227,0.3621247793635399,0.9217908495262522,-0.7097901085976479,0.0,0.0,0.0,1.0
1559194796797542000,-0.0015031026091430345,0.5999326194373529,-0.8000491190030636,0.727598072035078,-0.9998847438279955,-0.012988512131362859,-0.007861145758286208,-11.878080898179583,-0.015107605454404215,0.7999450922954949,0.5998829965666538,0.09061507655728711,0.0,0.0,0.0,1.0
1559194796813094000,-0.3051793180692711,0.8808183961293782,-0.36197311621562345,-0.44760186727508666,-0.9430992476962682,-0.3322433396075642,-0.01334811901151852,-11.4009240617103,-0.13202042575870562,0.33730300373178296,0.9320929625611418,-0.7460278358147425,0.0,0.0,0.0,1.0
1559194796898375000,-0.011397126359760854,0.5984189512509003,-0.8011022807947235,0.6762840673754169,-0.9997604167366027,-0.021791880022997444,-0.002055016231485387,-12.143482929201697,-0.01868728544727666,0.8008869288163196,0.5985239448959248,0.06505277375082474,0.0,0.0,0.0,1.0
1559194796913947000,-0.3301719460939624,0.8803868143994193,-0.34044903149249,-0.5489138746858744,-0.9356052505440152,-0.3530051414252558,-0.0054941133771272315,-11.669725685255445,-0.12501720348413656,0.3167118993012089,0.9402469205873683,-0.7831067707842158,0.0,0.0,0.0,1.0
1559194796999207000,-0.012536810996209489,0.5962235211749767,-0.8027205872330389,0.6431787179941477,-0.9998051973387738,-0.01971348327405846,0.0009726004193731235,-12.504185379676793,-0.015244531623425381,0.8025764084340617,0.5963545194602534,0.048013089789913956,0.0,0.0,0.0,1.0
1559194797014785000,-0.3535914615092069,0.8786864570550733,-0.3207540935604525,-0.6573928776873864,-0.9277804384632058,-0.3731261056765419,0.0006060261367834099,-11.931774931306723,-0.11914921885100806,0.29780365922980123,0.9471623114316439,-0.8188950882500052,0.0,0.0,0.0,1.0
1559194797099596625,-0.006973227250442158,0.5957190077600293,-0.8031626472235407,0.6298036946686575,-0.9998827043395004,-0.015106586097923796,-0.0025236123302802616,-12.741959493741147,-0.013636409514285302,0.8030508420080699,0.5957544741633812,0.03484902888652833,0.0,0.0,0.0,1.0
1559194797100065000,-0.006973227250442158,0.5957190077600293,-0.8031626472235407,0.6298036946686575,-0.9998827043395004,-0.015106586097923796,-0.0025236123302802616,-12.741959493741147,-0.013636409514285302,0.8030508420080699,0.5957544741633812,0.03484902888652833,0.0,0.0,0.0,1.0
1559194797115663000,-0.3756986134508338,0.8759400516755482,-0.3026211785744117,-0.770913694734074,-0.9196382500338269,-0.3927354226794522,0.004937291515537587,-12.188047496696568,-0.11452528509391903,0.2801569446639344,0.9530981300111385,-0.8524473956452661,0.0,0.0,0.0,1.0
1559194797200969000,-0.002658277395850458,0.5949927423544895,-0.8037266762443414,0.6054341454692376,-0.999964765988068,-0.007981276462549968,-0.0026011552156525097,-13.069337690749872,-0.007962433278484246,0.8036914431369224,0.5949929948199169,0.023763108569462725,0.0,0.0,0.0,1.0
1559194797216519000,-0.3967768452940527,0.8721597780457269,-0.2861912937140734,-0.8896375875416473,-0.9114811297359973,-0.41120682290157173,0.010540347925453731,-12.438185989396512,-0.10849094512306527,0.2650401297132703,0.9581145257576875,-0.88488551685692,0.0,0.0,0.0,1.0
1559194797301804000,0.0028646490943578487,0.5940967232936885,-0.8043885113284953,0.6218167832293974,-0.9999874989631413,-0.0015947458395804974,-0.0047390614204102875,-13.318790088749164,-0.004098256093201801,0.8043920313860711,0.594084728081426,0.03709137753700684,0.0,0.0,0.0,1.0
1559194797317367000,-0.4173906064225098,0.8671012055289675,-0.2718833960367267,-1.0127671605728663,-0.9029375857406897,-0.4294531098799954,0.016545170629930807,-12.681486860936607,-0.1024148325538116,0.25239953602297094,0.9621879630760118,-0.9173584967669285,0.0,0.0,0.0,1.0
1559194797402660000,0.004339261063981941,0.5917046381563921,-0.8061431585007945,0.6469558644194614,-0.9999887188264932,0.0010099970057667045,-0.0046413495664345715,-13.6240074943124,-0.0019321058894604688,0.8061542042874076,0.5917023456743846,0.077928839362785,0.0,0.0,0.0,1.0
1559194797418235000,-0.43594013838350143,0.8617009075218518,-0.25966852277893654,-1.1381815471440315,-0.8949077973145383,-0.4456263119473106,0.02360560115473253,-12.916806286708152,-0.0953741581971518,0.242670014786036,0.9654092571919575,-0.9493321027061064,0.0,0.0,0.0,1.0
1559194797503538000,0.0067740783101574754,0.5930925291946643,-0.8051058089944013,0.6214798539151417,-0.9999761074742618,0.0029089992805881072,-0.006270741886556029,-13.897223272824698,-0.0013770779462634996,0.8051290514797375,0.5930980645050768,0.018047482038477686,0.0,0.0,0.0,1.0
1559194797519078000,-0.45400948446627176,0.8553903626212507,-0.24936462369261733,-1.263931662022734,-0.8863993283332147,-0.462011710341697,0.02900707219913021,-13.144021689879409,-0.09039700628394515,0.23420612084620146,0.9679751413197943,-0.9799625012338086,0.0,0.0,0.0,1.0
1559194797604377000,0.009314078525364533,0.5908153462847576,-0.8067530443299545,0.6290876088256087,-0.9999566186597618,0.005427712012509154,-0.007569725281948785,-14.148569689169731,-9.348667389818575e-05,0.8067885513173374,0.5908402700591011,0.03111351172130578,0.0,0.0,0.0,1.0
1559194797619956000,-0.4707626123464683,0.8487177442699868,-0.24095799089882394,-1.388799330365912,-0.8780736941997984,-0.4772901451288859,0.03436138700874747,-13.362951791387836,-0.08584375557401187,0.2277549295275752,0.9699270806121659,-1.0092787409557444,0.0,0.0,0.0,1.0
1559194797705222000,0.010831072186061972,0.5900871570722691,-0.8072668920088772,0.6358133491732959,-0.9999407253457331,0.007288389870534261,-0.00808858257944773,-14.375564599922301,0.0011107071394835602,0.8073066495647482,0.5901311209368528,0.05804847814358184,0.0,0.0,0.0,1.0
1559194797720802000,-0.48573565231355337,0.8423584703707339,-0.23343753654074503,-1.5123060861290074,-0.8702961224830212,-0.4909599726856488,0.03928058568208079,-13.573098243694442,-0.08152015249342513,0.22223976380294025,0.9715780730966824,-1.0377058617702017,0.0,0.0,0.0,1.0
1559194797806084000,0.012887965880297716,0.591204872613822,-0.8064184391078553,0.6135809816158169,-0.999916381028426,0.008477921671330534,-0.00976502919356763,-14.541048869846296,0.0010636195206184592,0.806476858590383,0.5912646998356162,0.06466954984794779,0.0,0.0,0.0,1.0
1559194797821665000,-0.49786630040588975,0.8369135826787795,-0.22738689946416926,-1.6230091586323256,-0.8638529315125905,-0.5017616685664925,0.04464684394751629,-13.754472474568727,-0.07672847996188661,0.21865699871062763,0.9727804774344515,-1.062450843435795,0.0,0.0,0.0,1.0
1559194797906961000,0.01462129928937692,0.5886114532525362,-0.8082838453829393,0.6300850514578374,-0.9998929828588168,0.009003604783509275,-0.011530738510778042,-14.708184758713132,0.0004903435448178296,0.8083659395353298,0.5886801061377632,0.06302438187952578,0.0,0.0,0.0,1.0
1559194797922535000,-0.5103757337367462,0.8306406370402087,-0.22260445303300022,-1.7321221196401693,-0.8567844505331452,-0.5133599120446324,0.048805799144619834,-13.928026728427493,-0.07373612233702093,0.21563332952715167,0.9736864235778036,-1.0865560663088758,0.0,0.0,0.0,1.0
1559194798007818000,0.016500512665526962,0.5893321900132947,-0.8077222931774967,0.6276513406451711,-0.9998635189258543,0.010390184070141816,-0.01284474975220196,-14.859967725638523,0.0008225588020321846,0.8078239993272798,0.5894232006868189,0.04211966654152107,0.0,0.0,0.0,1.0
1559194798023392000,-0.5219383189759628,0.8246508128259846,-0.21801703623799598,-1.838374176892797,-0.8500518412611788,-0.5240394619450138,0.05286312034738954,-14.094322347875908,-0.07065591520201339,0.21291707125035153,0.9745122176848992,-1.1098988786422008,0.0,0.0,0.0,1.0
1559194798099500605,0.01407467443204635,0.5897712364924967,-0.8074477024214956,0.64950057176496,-0.9999009326086075,0.0084380194996966,-0.011266090509148475,-15.087998712229354,0.00016884332799986485,0.8075262772399631,0.5898315717718856,0.043587162549522954,0.0,0.0,0.0,1.0
1559194798108667000,0.01407467443204635,0.5897712364924967,-0.8074477024214956,0.64950057176496,-0.9999009326086075,0.0084380194996966,-0.011266090509148475,-15.087998712229354,0.00016884332799986485,0.8075262772399631,0.5898315717718856,0.043587162549522954,0.0,0.0,0.0,1.0
1559194798124238000,-0.5343333946426683,0.8180863308226146,-0.2126560102391773,-1.9412070976323599,-0.842557745807224,-0.5356373003339205,0.05647236024145373,-14.253740930045325,-0.06770722524147162,0.2093500365707759,0.975493871758257,-1.1324310202570862,0.0,0.0,0.0,1.0
1559194798209552000,0.011560096661515638,0.5861062254733395,-0.8101517491350512,0.6701915722374159,-0.9999271502657728,0.009589492680240458,-0.0073304700741182345,-15.317922238155662,0.0034725101221267955,0.8101774707380673,0.5861743832528987,0.06806047513046462,0.0,0.0,0.0,1.0
1559194798225089000,-0.5471703842066701,0.8107170655662912,-0.20818840084575888,-2.0403019921879473,-0.8344153237806359,-0.5479364888920272,0.05930153101510381,-14.404824417973852,-0.06599725817931748,0.20616363340866223,0.9762893619068822,-1.154069060646316,0.0,0.0,0.0,1.0
1559194798310382000,0.011054435768745706,0.5845134018043807,-0.8113087467548422,0.6571633782178381,-0.999928874884298,0.01009456817971174,-0.006351760849206107,-15.447967934500676,0.004477122117494869,0.8113212574586833,0.5845834179766013,0.06656118922355354,0.0,0.0,0.0,1.0
1559194798325948000,-0.5594601774327566,0.8030241505474605,-0.20532053843794626,-2.1358850423576174,-0.8262859694062911,-0.5598387946742925,0.06190331768119505,-14.54689922977356,-0.06523654366396552,0.20428592123581513,0.9767351000939872,-1.1749026788887227,0.0,0.0,0.0,1.0
1559194798411231000,0.013394409146892994,0.5837769665296342,-0.8118035742426061,0.653310558546146,-0.9999006166623248,0.011391313678628102,-0.008306309106858395,-15.612019886521214,0.0043984772261686815,0.8118341525965335,0.5838715287423721,0.04027737333749462,0.0,0.0,0.0,1.0
1559194798426795000,-0.5707524605283052,0.7956121660001799,-0.20308350527159721,-2.2275412625831392,-0.8185399114198385,-0.5708807344812986,0.0639343445332386,-14.680212699379586,-0.06506951831459416,0.20272263887045158,0.977071895755735,-1.194951157482285,0.0,0.0,0.0,1.0
1559194798512098000,0.016063507246414175,0.5873097858557298,-0.8092028047239141,0.6664847693807258,-0.9998678419487342,0.01146097380423181,-0.011530165490620905,-15.778186877160525,0.0025024731220729193,0.809281076955065,0.5874162715746959,0.013837668130786239,0.0,0.0,0.0,1.0
1559194798527671000,-0.5818732633904792,0.7879670689587175,-0.2013241256976726,-2.3151166306850564,-0.8106576417539418,-0.5818067699189703,0.0658412510694825,-14.804309559505215,-0.06525100165712829,0.20151620459175856,0.9773093297772582,-1.2144061245235984,0.0,0.0,0.0,1.0
1559194798612931000,0.016314166436433696,0.58503815030562,-0.8108416680588592,0.648352229442733,-0.9998612944321298,0.012264771097876066,-0.011267976145782014,-15.911133167873212,0.0033525915333447393,0.8109130274430776,0.5851570917737489,0.04038678467248445,0.0,0.0,0.0,1.0
1559194798628527000,-0.5931109178088709,0.7800865550129853,-0.19920945224536699,-2.3983637942333846,-0.8024978689780012,-0.5927525742582452,0.06812896591017027,-14.91914441457586,-0.06493542532155423,0.20027319440752944,0.9775858213681867,-1.2331086123217123,0.0,0.0,0.0,1.0
1559194798713789000,0.017688867875070836,0.5836093932175828,-0.8118418442661798,0.6680382566631531,-0.9998197117462135,0.015930454095877435,-0.010332697422094141,-16.00134074834029,0.00690274996038458,0.811878252437213,0.5837859669968761,0.04697300118700821,0.0,0.0,0.0,1.0
1559194798729371000,-0.6043817277774167,0.7717038786905016,-0.1979794199982143,-2.476496492529422,-0.7939766855925586,-0.6039359358969832,0.06973096921518877,-15.025417847271674,-0.06575522689675387,0.19933516735958634,0.9777227322658915,-1.2508767668490437,0.0,0.0,0.0,1.0
1559194798814671000,0.018517777991107928,0.5830415024692996,-0.8122313083701115,0.6315917178988,-0.9998046029344262,0.016418531290119824,-0.011008532209676338,-16.0324349775885,0.0069172139917772135,0.8122764543113498,0.5832316125879775,0.04245985971651511,0.0,0.0,0.0,1.0
1559194798830230000,-0.6152524936111142,0.7633514849732262,-0.19687274949693873,-2.5492776547836793,-0.7854506789689816,-0.6149071638244276,0.07040178111785127,-15.12273465357327,-0.06731715986640759,0.19794870615027943,0.9778981080465133,-1.267609752895191,0.0,0.0,0.0,1.0
1559194798915529000,0.021134109728182613,0.5829849830926698,-0.8122080145470395,0.638344566919752,-0.9997293000608632,0.020229482463374318,-0.011493243192497454,-16.20621180107154,0.009730159598632297,0.8122310493496927,0.5832547011953513,0.048468414133234626,0.0,0.0,0.0,1.0
1559194798931088000,-0.626345597018439,0.7545268457859949,-0.1959092445084296,-2.6167403617176737,-0.7764515507310137,-0.6262059036083092,0.07063395538624012,-15.21104035808415,-0.06938430991965358,0.19635530365727724,0.9780748500307279,-1.2830073674007576,0.0,0.0,0.0,1.0
1559194799016386000,0.022796132428789796,0.5818435532954674,-0.8129811903327188,0.6379182313008629,-0.9996699058868147,0.02290489801332519,-0.011638080221583875,-16.308598850941284,0.011849709301657449,0.8129781332456016,0.5821736332521072,0.022906246147495354,0.0,0.0,0.0,1.0
1559194799031955000,-0.6360451038499777,0.7465122096815759,-0.19536157929545078,-2.6728573560044087,-0.7683237367355655,-0.6361579206781082,0.07058141063482877,-15.282893411454452,-0.07159093124953639,0.19499389927594687,0.9781881811839594,-1.2958487714900562,0.0,0.0,0.0,1.0
1559194799099076452,0.02508563966235498,0.582136980578116,-0.812703664644215,0.6436356088490064,-0.9995876911566868,0.02596699484656198,-0.012254095914505068,-16.394547115287043,0.013969909476212457,0.8126759815707807,0.5825483590288365,0.04032261449634129,0.0,0.0,0.0,1.0
1559194799117243000,0.02508563966235498,0.582136980578116,-0.812703664644215,0.6436356088490064,-0.9995876911566868,0.02596699484656198,-0.012254095914505068,-16.394547115287043,0.013969909476212457,0.8126759815707807,0.5825483590288365,0.04032261449634129,0.0,0.0,0.0,1.0
1559194799132827000,-0.6459412330578527,0.738173064236974,-0.19457762119706246,-2.724342741097898,-0.7598527560034884,-0.646213221145095,0.07093843817835255,-15.347191212751746,-0.0733737870742036,0.193672403951311,0.9783186021527479,-1.308286560272712,0.0,0.0,0.0,1.0
1559194799218097000,0.02696190491745313,0.5814197117550121,-0.8131569187223032,0.6355810583955278,-0.9995245949211384,0.02784940561363397,-0.013228558300158223,-16.49273165530253,0.014954592303216647,0.8131270069243098,0.5818941748972531,0.03472962392715593,0.0,0.0,0.0,1.0
1559194799233661000,-0.6557515327377875,0.729653651371896,-0.19389552947840438,-2.7710841593560964,-0.7512446787049588,-0.6561284846409645,0.07160198572828796,-15.404178363395758,-0.07497572960319872,0.19261609663372328,0.9784056823670094,-1.3201868168959237,0.0,0.0,0.0,1.0
1559194799318957000,0.027157166587113937,0.5808844580737192,-0.8135328725204484,0.6572701786402078,-0.9995104194145333,0.02842857829153998,-0.013066652903623101,-16.542269116789154,0.015537367368429283,0.81348943589006,0.581372107957143,0.05178302687292422,0.0,0.0,0.0,1.0
1559194799334519000,-0.6655086261307166,0.7209606113304012,-0.19316848981060716,-2.8128835537848906,-0.7424802152349379,-0.6659228776671735,0.07259373929030723,-15.454093486216427,-0.07629808995180165,0.19173554159196873,0.9784764093017982,-1.3311943583898667,0.0,0.0,0.0,1.0
1559194799419814000,0.029281719864091428,0.5822313488739307,-0.8124956844625408,0.6323282588144968,-0.999416791361215,0.031340129263912,-0.013559994209924112,-16.580620064543854,0.017568666057858645,0.8124188899121966,0.5828094794071037,0.012922313993435849,0.0,0.0,0.0,1.0
1559194799435376000,-0.6751790219524444,0.7121071160972642,-0.19244932714610485,-2.8493011389883915,-0.733543188334724,-0.675668240216396,0.0733949590272106,-15.496781759540598,-0.07776682559469408,0.19072462967985515,0.978558345971462,-1.341209786514315,0.0,0.0,0.0,1.0
1559194799520662000,0.02906767925999494,0.5795855861904378,-0.8143927911657467,0.6273106348997987,-0.9994146994025965,0.03155310342920655,-0.013215910184336642,-16.63849353301981,0.01803686892042287,0.8143002824169195,0.5801635298907292,0.0403770888736899,0.0,0.0,0.0,1.0
1559194799536257000,-0.684875383491357,0.7030287707014838,-0.19156267030280397,-2.880042195992871,-0.7243328413571002,-0.685468985128992,0.07398787304537043,-15.53227381533707,-0.07929466576715824,0.18942760620403884,0.9786876610996369,-1.3502447788592375,0.0,0.0,0.0,1.0
1559194799621509000,0.029373559520980915,0.5813005931045553,-0.8131585420183264,0.6319695374398474,-0.9994316508370155,0.03054110003001457,-0.014269425852310459,-16.712499481557128,0.016539930660831717,0.8131155278711941,0.5818673122185886,0.005355307701971335,0.0,0.0,0.0,1.0
1559194799637112000,-0.6944627274399401,0.6937577158449824,-0.1908448372428298,-2.9052208331374887,-0.7149667181684165,-0.695164333114482,0.07462668341136926,-15.560411126543453,-0.08089568658569492,0.1882731570645456,0.9787793960953475,-1.3584303779936377,0.0,0.0,0.0,1.0
1559194799722379000,0.0297967261909679,0.5810546081602883,-0.8133189395581565,0.6326929144876519,-0.9994108151139295,0.03118557840674193,-0.014334654957373865,-16.72654730556163,0.017034604239908015,0.8132668701202141,0.5816414877080684,0.034560411340219976,0.0,0.0,0.0,1.0
1559194799737951000,-0.7037911554657661,0.6845337467517868,-0.1899777856648859,-2.924678006031131,-0.7056010956912804,-0.704624396081309,0.07504368198799607,-15.581126499943498,-0.08249304969169169,0.18686361337888102,0.9789161796331449,-1.3657158041753237,0.0,0.0,0.0,1.0
1559194799823248000,0.029445114342252755,0.5798434412522437,-0.8141956576143955,0.6393339515677613,-0.9994140246386705,0.031300505720847166,-0.013852281297684727,-16.726689006986444,0.017452581382203493,0.8141264410264404,0.5804253142521608,0.028347834650429154,0.0,0.0,0.0,1.0
1559194799838818000,-0.7132501474950361,0.6750025301223398,-0.1888009836488222,-2.9380954953250282,-0.6958817294059029,-0.7141657237769597,0.07560382041391989,-15.594579920848668,-0.08380242107105167,0.18530759107649167,0.9791007358347037,-1.371953182351383,0.0,0.0,0.0,1.0
1559194799924104000,0.03008168131012287,0.5807662148541674,-0.8135144105260405,0.6427305674644447,-0.9994009266108373,0.03141066173346681,-0.014531284143691222,-16.742703410726048,0.017113747075231035,0.8134641811496275,0.5813631787855255,0.028419071494800684,0.0,0.0,0.0,1.0
1559194799939687000,-0.7225976099324118,0.6653610580230704,-0.18747628273036182,-2.9450556046850727,-0.6860209159863805,-0.7235904076535713,0.07610666712543948,-15.60112883023502,-0.08501762728504624,0.18360714696916672,0.9793163016271403,-1.3770620757982917,0.0,0.0,0.0,1.0
1559194800024980000,0.030447785782160102,0.5803096532167415,-0.8138265409314445,0.6562977082039148,-0.9993914870684634,0.031536745251059387,-0.01490265996568525,-16.698687791861552,0.01701728286321072,0.8137850699554748,0.5809167513521316,0.054311462410143334,0.0,0.0,0.0,1.0
1559194800040523000,-0.7319216206649396,0.6555597197279723,-0.18582840222474603,-2.9461046014962298,-0.6759869920288447,-0.7328667658500544,0.07712256557114278,-15.601135155601288,-0.08562901267101171,0.1820652558360987,0.9795508740266229,-1.3813281523713814,0.0,0.0,0.0,1.0
1559194800099014058,0.030263884735540703,0.5804482118353859,-0.8137345824394003,0.6530579209974301,-0.9993892888941868,0.03179969178996429,-0.014485470155752678,-16.750120373739627,0.01746844367090536,0.8136760122918492,0.5810561078730252,0.02888121170112102,0.0,0.0,0.0,1.0
1559194800125812000,0.030263884735540703,0.5804482118353859,-0.8137345824394003,0.6530579209974301,-0.9993892888941868,0.03179969178996429,-0.014485470155752678,-16.750120373739627,0.01746844367090536,0.8136760122918492,0.5810561078730252,0.02888121170112102,0.0,0.0,0.0,1.0
1559194800141410000,-0.7405585825061191,0.646350753935758,-0.18385779494820084,-2.9457829059572487,-0.6665330729197798,-0.7413177904923677,0.07862312766373224,-15.599179446216201,-0.08547893647355802,0.18077233302192788,0.9798034063184092,-1.3846762083636472,0.0,0.0,0.0,1.0
1559194800226677000,0.029752412245476458,0.5802250534912297,-0.8139125759359455,0.6561582333403243,-0.9994132075710577,0.031093871301537963,-0.01436703518507544,-16.732005509887657,0.016971579128083475,0.813862432152135,0.5808096995000258,0.02881206475076503,0.0,0.0,0.0,1.0
1559194800242269000,-0.7492794653611419,0.6370407807857952,-0.18099537674746177,-2.9469954297432563,-0.6568742287585109,-0.7496631048824133,0.08075566092212516,-15.598488575368028,-0.08424090681515999,0.17939975695045862,0.980162841993652,-1.3883637179156794,0.0,0.0,0.0,1.0
1559194800327526000,0.02930116086021241,0.57935468102037,-0.8145487066787609,0.6800502100894499,-0.999408295984537,0.031666090289298794,-0.013428203270441889,-16.754261942685467,0.018013880468296377,0.814460196882314,0.5799397277346113,0.050935425593729204,0.0,0.0,0.0,1.0
1559194800343127000,-0.7579170450473502,0.6273637519265093,-0.17881967340143615,-2.949304705489527,-0.6469664657763958,-0.7580166294121371,0.08273561322345875,-15.598812048596178,-0.08364296137452544,0.17839706360631863,0.9803970332009069,-1.3917348398411316,0.0,0.0,0.0,1.0
1559194800428394000,0.029250617753879663,0.5807648903631704,-0.8135456615842049,0.6961628225701956,-0.9994376956959786,0.030339682303323224,-0.014275717132417425,-16.7346970657925,0.016391881616446335,0.8135057749021765,0.5813257782155209,0.060556968069589524,0.0,0.0,0.0,1.0
1559194800443994000,-0.7662394158689602,0.617600080913292,-0.17733385921673053,-2.9517815007925865,-0.6370830564915287,-0.7661499258620691,0.08449538586784172,-15.59913288551008,-0.08367996594295325,0.17772009216022805,0.9805168188982493,-1.3944095359496755,0.0,0.0,0.0,1.0
1559194800529290000,0.02916688817117252,0.5811927923360237,-0.8132430330295344,0.6841674554278306,-0.9993964147157588,0.032315214072524634,-0.012748850643476618,-16.729425705604303,0.018870582600780273,0.813124015803313,0.5817845271543417,0.056130476864519684,0.0,0.0,0.0,1.0
1559194800546901000,-0.7745023447087966,0.6075825565924294,-0.17603850421198242,-2.9546828829868708,-0.626993086989369,-0.7742228263932649,0.08636367268222929,-15.599565916548954,-0.08381996724006256,0.1772637921749093,0.980587457127431,-1.3961519789177546,0.0,0.0,0.0,1.0
1559194800630114000,0.029411667153066232,0.5803430120553498,-0.8138408580268085,0.6792477878339214,-0.9993877702539276,0.03250743582563673,-0.012936432387821982,-16.761998067215085,0.018948311327387342,0.8137230824884908,0.5809438066829452,0.0672055411430546,0.0,0.0,0.0,1.0
1559194800647778000,-0.7827868707153158,0.5972707961662684,-0.17467773493678723,-2.9575595733721944,-0.6166237090333196,-0.782267575718753,0.08850221148137949,-15.599995618833963,-0.083784941927084,0.17698880197915223,0.9806401212882615,-1.3971925737478856,0.0,0.0,0.0,1.0
1559194800730953000,0.028967811623576725,0.5793933377409365,-0.8145331338080531,0.6568645396619048,-0.999415214863587,0.03159929890500996,-0.013065703497297788,-16.76539530342471,0.01816849440400113,0.8144352917759218,0.5799698796670046,0.045117034978658446,0.0,0.0,0.0,1.0
1559194800748616000,-0.790919771405874,0.5868030673409136,-0.17351678696478728,-2.9599128425992474,-0.606127055234077,-0.7902007871826203,0.09051358378293818,-15.600208219258365,-0.08399945304912647,0.1767622021113711,0.9806626411728876,-1.39803037605603,0.0,0.0,0.0,1.0
1559194800831830000,0.029098228690045153,0.5794493473629505,-0.8144886413743052,0.6563256883581231,-0.9993861260599352,0.03276952020077041,-0.012390705578154512,-16.744206815979737,0.019510615726183893,0.814349195607428,0.5800471735018797,0.05535306606539631,0.0,0.0,0.0,1.0
1559194800849498000,-0.7991191824564376,0.5759651717268377,-0.17225751997471359,-2.962254592917827,-0.5952767735949043,-0.798134542904057,0.09288064514080555,-15.600564970826456,-0.08398866023818026,0.17676360592895168,0.9806633125443146,-1.398649581186528,0.0,0.0,0.0,1.0
1559194800932667000,0.028369033535090255,0.579565855083228,-0.8144314689143235,0.6580536294979648,-0.9993776751921392,0.03353165480046388,-0.010949449935733215,-16.790742657417855,0.02096330755957421,0.8142352533193298,0.5801564375133393,0.04403265187594606,0.0,0.0,0.0,1.0
1559194800950355000,-0.8070685798184224,0.5651202013160628,-0.17111243535868154,-2.964624747937964,-0.5844282221913482,-0.80585692477684,0.09506981590111672,-15.60101441441482,-0.08416626744810242,0.17673079769441674,0.980653998396044,-1.3986668898559862,0.0,0.0,0.0,1.0
1559194801033542000,0.030100418663438714,0.5802672032450263,-0.8138697301377483,0.65264796590721,-0.9993690111271356,0.03283124493452891,-0.013553189839261513,-16.7649874807721,0.01885588489187272,0.813764144082453,0.5808892953142584,0.05175463565265611,0.0,0.0,0.0,1.0
1559194801051213000,-0.8142669364142374,0.5550225482331527,-0.17005683525033882,-2.966624860003349,-0.5743343154522292,-0.8128377783913123,0.09713310513872996,-15.601269464071361,-0.08431755663324562,0.17676175200718924,0.9806354229124835,-1.3981844128442646,0.0,0.0,0.0,1.0
