1559194794098995359,0.03483238614563799,0.9972915235140375,-0.06477902440182867,1.539501522883545e-07,-0.9979438778924391,0.031219214955956982,-0.05597657719561758,-0.00011839825443688702,-0.05380261566508071,0.06659562856963867,0.9963284101153643,-2.176141416857404e-05,0.0,0.0,0.0,1.0
1559194794175226000,0.0029544483432593594,0.9976594348153727,-0.06831488387502743,0.13211788993766033,-0.9982790105340066,-0.0010586601064132201,-0.058633577121164474,-0.7589992787030329,-0.058568663654137126,0.06837054455429255,0.9959393456808072,0.06576101023651948,0.0,0.0,0.0,1.0
1559194794188477000,0.017266124411702714,0.9978013646146743,-0.06398685584468988,0.06245094061232751,-0.9981375218378237,0.013456244294470555,-0.05950140325181083,-0.43617201936293254,-0.058509558597263776,0.0648950403542295,0.9961753185509934,0.04780601379927724,0.0,0.0,0.0,1.0
1559194794276082000,0.0021704949196179636,0.9979984972699886,-0.0632003828995096,0.12684042887398755,-0.9979717389233028,-0.0018591557635484616,-0.06363137473171827,-0.9303849917927528,-0.06362151571760434,0.06321030759842601,0.9959702604752353,0.08991060353865572,0.0,0.0,0.0,1.0
1559194794289332000,0.0021704949196179636,0.9979984972699886,-0.0632003828995096,0.12684042887398755,-0.9979717389233028,-0.0018591557635484616,-0.06363137473171827,-0.9303849917927528,-0.06362151571760434,0.06321030759842601,0.9959702604752353,0.08991060353865572,0.0,0.0,0.0,1.0
1559194794376966000,-0.004280711127304046,0.9980792242746739,-0.06180240758665488,0.18490394668802831,-0.9974348699609062,-0.008677579889737386,-0.07105195136891325,-1.4343826775843707,-0.07145177183469831,0.061339723495624,0.9955561674878843,0.12020392843458585,0.0,0.0,0.0,1.0
1559194794390162000,-0.004280711127304046,0.9980792242746739,-0.06180240758665488,0.18490394668802831,-0.9974348699609062,-0.008677579889737386,-0.07105195136891325,-1.4343826775843707,-0.07145177183469831,0.061339723495624,0.9955561674878843,0.12020392843458585,0.0,0.0,0.0,1.0
1559194794477767000,-0.007461764091668384,0.9982040275126001,-0.059439393791212436,0.23607007193234475,-0.9966777438621679,-0.012245049307861591,-0.08052039280369475,-1.9491528439070647,-0.08110361870134725,0.058641096724690964,0.9949791077246166,0.13759633812382616,0.0,0.0,0.0,1.0
1559194794491043000,-0.007461764091668384,0.9982040275126001,-0.059439393791212436,0.23607007193234475,-0.9966777438621679,-0.012245049307861591,-0.08052039280369475,-1.9491528439070647,-0.08110361870134725,0.058641096724690964,0.9949791077246166,0.13759633812382616,0.0,0.0,0.0,1.0
1559194794578635000,-0.01233922027211249,0.9981994837046363,-0.05869867438771337,0.27479952856412004,-0.9960556184855162,-0.017428863599762548,-0.08700252638316192,-2.423329275569169,-0.08786892810606144,0.05739360108426146,0.9944772627003964,0.14086966730222308,0.0,0.0,0.0,1.0
1559194794591873000,-0.01233922027211249,0.9981994837046363,-0.05869867438771337,0.27479952856412004,-0.9960556184855162,-0.017428863599762548,-0.08700252638316192,-2.423329275569169,-0.08786892810606144,0.05739360108426146,0.9944772627003964,0.14086966730222308,0.0,0.0,0.0,1.0
1559194794679507000,-0.014657076298430074,0.9982603877660666,-0.05710839107806935,0.30762538775499554,-0.9953255196271904,-0.020018952161494134,-0.09447937094002805,-2.9085239436285937,-0.09545826361949805,0.055456647676357086,0.9938874584857441,0.13279547400689135,0.0,0.0,0.0,1.0
1559194794692736000,-0.014657076298430074,0.9982603877660666,-0.05710839107806935,0.30762538775499554,-0.9953255196271904,-0.020018952161494134,-0.09447937094002805,-2.9085239436285937,-0.09545826361949805,0.055456647676357086,0.9938874584857441,0.13279547400689135,0.0,0.0,0.0,1.0
1559194794780369000,-0.015356186565656403,0.9982297985134285,-0.057458305700759015,0.29483567556045226,-0.9953372034654129,-0.02073395538082113,-0.09420166926288998,-3.3615598186513083,-0.09522625127458045,0.05574381090405733,0.9938936505552709,0.11554441679859456,0.0,0.0,0.0,1.0
1559194794793595000,-0.017035704379362908,0.998278000579977,-0.05613215062995054,0.3352607268276075,-0.9949468760380232,-0.02248106298633554,-0.0978535419347855,-3.40512536874308,-0.09894694860619734,0.0541815039016909,0.9936165588377,0.11360733936707558,0.0,0.0,0.0,1.0
1559194794881213000,-0.015361975181808023,0.998308665721819,-0.05606975711768556,0.3537099071485254,-0.9951948927632297,-0.020689200888063485,-0.09570309495828677,-3.8407489352347715,-0.09670126750200847,0.05433014735242342,0.9938295125182011,0.08766023959786076,0.0,0.0,0.0,1.0
1559194794894452000,-0.01529861051298149,0.9983075045307173,-0.056107743797267795,0.35447318731625777,-0.9952008388649466,-0.02062706850596197,-0.09565466202625458,-3.8620605299240816,-0.09665010521918124,0.054375090275770754,0.9938320314412409,0.08618073982049808,0.0,0.0,0.0,1.0
1559194794982100000,-0.01073369298684058,0.9985570070216254,-0.052618357660429035,0.35300091467698685,-0.9969119089086449,-0.014780041034091291,-0.0771245503270535,-4.2607749862356155,-0.07779096162783883,0.051628036133937565,0.9956320164468251,0.07601446618793115,0.0,0.0,0.0,1.0
1559194794995336000,-0.015384114690048366,0.9983052950311502,-0.05612367528924969,0.3697630824932874,-0.9952677852762923,-0.02067502186412553,-0.09494513711686961,-4.3806411804308905,-0.09594459133492987,0.054397439128029364,0.9938991669228259,0.04387596548520615,0.0,0.0,0.0,1.0
1559194795082944000,-0.013560843364443888,0.9987866493342491,-0.04734271473954912,0.30965852566094215,-0.9973592511011569,-0.016889565998305076,-0.07063474218350382,-4.7871621764725525,-0.07134863537718283,0.0462598278428943,0.9963781413488363,0.026554174993221526,0.0,0.0,0.0,1.0
1559194795096192000,-0.01714855479764849,0.9982267581836896,-0.05700233604365396,0.3777662043533591,-0.995357645590697,-0.022443698347706532,-0.0935918680688403,-4.9100743445649755,-0.09470525028999276,0.05513274571938904,0.9939775127823308,-0.011820725665809745,0.0,0.0,0.0,1.0
1559194795099977732,0.0007965125549422723,0.9982508336665263,-0.05911546880326549,0.3649520987616602,-0.9981278942932498,-0.0028216442937455985,-0.06109619429396915,-5.0655138665917026,-0.06115612971302785,0.05905346228257595,0.9963797551089459,-0.014326274789987044,0.0,0.0,0.0,1.0
1559194795183793000,-0.00016920179552802533,0.9982428383157141,-0.05925543959957965,0.3713110326240614,-0.9982293875811318,-0.0036932140780955225,-0.05936707790659898,-5.441968325565376,-0.05948160337572642,0.05914047616616196,0.9964759620476041,-0.01647624222263321,0.0,0.0,0.0,1.0
1559194795197050000,-0.0001812280295678564,0.9982397169181019,-0.059307965094620343,0.3716913306624142,-0.9982286556953569,-0.0037090478244785658,-0.05937839601130623,-5.4712967095075555,-0.0594938493042857,0.0591921492387218,0.9964721628643032,-0.016680298513898205,0.0,0.0,0.0,1.0
1559194795284691000,0.008134244560611605,0.9982397000424932,-0.05874806655966699,0.37501652224311827,-0.9984943013737957,0.00492099591183815,-0.05463436577182031,-5.907574343569677,-0.05424909390470536,0.059104018969158234,0.996776680481749,-0.022405829237207648,0.0,0.0,0.0,1.0
1559194795297924000,0.008134244560611605,0.9982397000424932,-0.05874806655966699,0.37501652224311827,-0.9984943013737957,0.00492099591183815,-0.05463436577182031,-5.907574343569677,-0.05424909390470536,0.059104018969158234,0.996776680481749,-0.022405829237207648,0.0,0.0,0.0,1.0
1559194795385497000,0.020608836800010903,0.9982788305619734,-0.05490584939299964,0.34567201077668963,-0.9988492845460889,0.0181796771787418,-0.044380244472468244,-6.354180259270227,-0.0433056879348405,0.05575729359907134,0.997504757684392,-0.0017630201072234653,0.0,0.0,0.0,1.0
1559194795398774000,0.03132870906698931,0.998009453064148,-0.05473247283646371,0.38600249672776643,-0.9984446945180547,0.02872185552786471,-0.04778333395419158,-6.353931019761331,-0.04611620080771223,0.056144337289123214,0.9973570621464672,-0.02646055804670055,0.0,0.0,0.0,1.0
1559194795486381000,0.03281869990651256,0.9981395061490669,-0.05138539871349054,0.41640603369654555,-0.99873475932259,0.030791438173846206,-0.03975887141287215,-6.819199147172089,-0.03810266994956329,0.052625218286334714,0.9978871544132778,-0.021266276820608377,0.0,0.0,0.0,1.0
1559194795499612000,0.03281869990651256,0.9981395061490669,-0.05138539871349054,0.41640603369654555,-0.99873475932259,0.030791438173846206,-0.03975887141287215,-6.819199147172089,-0.03810266994956329,0.052625218286334714,0.9978871544132778,-0.021266276820608377,0.0,0.0,0.0,1.0
1559194795587209000,0.03332034079469663,0.9982564766606383,-0.048721265320319805,0.44302621231170636,-0.9989014935363745,0.03165559152736248,-0.034550394148905185,-7.221604232578262,-0.03294785425664572,0.04981897560308221,0.9982146605664284,-0.01571351490626558,0.0,0.0,0.0,1.0
1559194795602774000,0.03302895749280089,0.9982902525911664,-0.04822509251837155,0.44659320775808503,-0.9989255774160593,0.03140361076019101,-0.03408084528308584,-7.278185824881744,-0.03250813361185075,0.049298933180031666,0.9982548955233748,-0.01487358374364842,0.0,0.0,0.0,1.0
1559194795688076000,0.031097919035661177,0.9984758896592132,-0.04559404786696088,0.4676861263055166,-0.9991314762707759,0.029787825092181634,-0.029137237364771074,-7.6330649430758974,-0.027734681476895628,0.04646055580297022,0.9985350290289553,-0.00992413415928588,0.0,0.0,0.0,1.0
1559194795703632000,0.03081263883969534,0.998490545096489,-0.04546661017329989,0.47102645111633845,-0.999179091509757,0.029573148112440873,-0.027687036685969592,-7.692661059468121,-0.026300653555854276,0.04628239690893256,0.9985821024627374,-0.009109446402999143,0.0,0.0,0.0,1.0
1559194795788934000,0.025732341756618208,0.9987058313111329,-0.04386922717416287,0.49349414610237063,-0.9994988305988599,0.02489381339097723,-0.01955468451186836,-8.116435194900772,-0.018437305096572022,0.04435042908465422,0.9988458866215469,-0.0032505543903337568,0.0,0.0,0.0,1.0
1559194795804494000,0.025732341756618208,0.9987058313111329,-0.04386922717416287,0.49349414610237063,-0.9994988305988599,0.02489381339097723,-0.01955468451186836,-8.116435194900772,-0.018437305096572022,0.04435042908465422,0.9988458866215469,-0.0032505543903337568,0.0,0.0,0.0,1.0
1559194795889791000,0.021145404817570917,0.9989203266714989,-0.04136487420026984,0.5112487657675782,-0.9996591339142474,0.020491116733404428,-0.016178075189184057,-8.468250566259071,-0.015312995686995231,0.04169286626655839,0.9990131215682653,0.0015727549053989225,0.0,0.0,0.0,1.0
1559194795905364000,0.02082496234480851,0.998940470737838,-0.04103969865147689,0.5143135895358784,-0.999673071077383,0.020196038645638934,-0.015680273777271325,-8.533497327971476,-0.01483482072839464,0.04135282269798059,0.9990344699502969,0.0024403380848484974,0.0,0.0,0.0,1.0
1559194795990650000,0.023445990033963506,0.9989100217433681,-0.04036154124891134,0.5331267684224362,-0.9996699137475188,0.02300136122468083,-0.011445563762188398,-8.949572731955628,-0.010504717956701206,0.040616571032917825,0.9991195849637731,0.00794637425386488,0.0,0.0,0.0,1.0
1559194796006215000,0.023445990033963506,0.9989100217433681,-0.04036154124891134,0.5331267684224362,-0.9996699137475188,0.02300136122468083,-0.011445563762188398,-8.949572731955628,-0.010504717956701206,0.040616571032917825,0.9991195849637731,0.00794637425386488,0.0,0.0,0.0,1.0
1559194796091527000,0.02525217592847546,0.9989166642409841,-0.039087408618929315,0.5523175806773332,-0.9995775817411184,0.02466754328784083,-0.01536783617540976,-9.363015897082024,-0.014386997304824995,0.039458968686578104,0.9991176127457396,0.04157184690917087,0.0,0.0,0.0,1.0
1559194796100973768,0.02525217592847546,0.9989166642409841,-0.039087408618929315,0.5523175806773332,-0.9995775817411184,0.02466754328784083,-0.01536783617540976,-9.363015897082024,-0.014386997304824995,0.039458968686578104,0.9991176127457396,0.04157184690917087,0.0,0.0,0.0,1.0
1559194796107090000,0.022986509726650086,0.9989863924804075,-0.03870152464136472,0.5502909600240943,-0.9997132620003492,0.022708966420056854,-0.007595829431142549,-9.361457687432187,-0.006709258617827421,0.03886502905070699,0.9992219449980513,0.012496164158909159,0.0,0.0,0.0,1.0
1559194796192378000,0.022601655038720542,0.9990531270604464,-0.0371754556159469,0.563104705921002,-0.999740160300213,0.022475731816034277,-0.0038017577817996005,-9.70330564083588,-0.002962612429669918,0.037251721974645775,0.9993015221330929,0.015561889578087578,0.0,0.0,0.0,1.0
1559194796207960000,0.022590367061252403,0.9990619024020917,-0.03694577763088044,0.5641742462448375,-0.999740648868947,0.022468281996572175,-0.0037163561740171567,-9.734204562156062,-0.0028827617188236588,0.03702014955176629,0.9993103613052545,0.01583414731685938,0.0,0.0,0.0,1.0
1559194796293231000,0.01797369507351815,0.9992170628130838,-0.035244966571138604,0.5767955596764396,-0.9998383809263371,0.017948495087131842,-0.0010312859459809364,-10.134363583806156,-0.00039788440451487097,0.03525780633141745,0.9993781710547296,0.019623181605508497,0.0,0.0,0.0,1.0
1559194796308788000,0.01797369507351815,0.9992170628130838,-0.035244966571138604,0.5767955596764396,-0.9998383809263371,0.017948495087131842,-0.0010312859459809364,-10.134363583806156,-0.00039788440451487097,0.03525780633141745,0.9993781710547296,0.019623181605508497,0.0,0.0,0.0,1.0
1559194796394081000,0.021996077451610925,0.9992337205466173,-0.03237505674601683,0.5781261538961815,-0.9997577299212507,0.022010729380151153,9.62021565801171e-05,-10.465274280066867,0.00080872705154817,0.032365097168383115,0.9994757858226659,0.02068749742228948,0.0,0.0,0.0,1.0
1559194796409675000,0.01637101452759788,0.9992958754215793,-0.03376008366035341,0.5869914122416402,-0.99986592992932,0.016372982903231956,-0.00021816832711794677,-10.52755966292608,0.0003347385631464134,0.03375912908040403,0.9994299420939063,0.023995890870477776,0.0,0.0,0.0,1.0
1559194796494919000,0.01603767679568582,0.9993573796713181,-0.03205652226102806,0.5953371184934733,-0.9998696558558371,0.016089084756199034,0.001346347070456578,-10.853249782133698,0.0018612419841066983,0.032030751601898486,0.999485150830214,0.02770840020765306,0.0,0.0,0.0,1.0
1559194796510511000,0.0159756659776195,0.9993587209821208,-0.032045668873554214,0.5963283846551185,-0.999870175373563,0.016034740511792534,0.0015872917676920243,-10.891448929118186,0.0021001178557008447,0.032016150513474576,0.9994851452679495,0.02808846986826544,0.0,0.0,0.0,1.0
1559194796595776000,0.013258228986362907,0.9994304945244497,-0.031030726365295965,0.605291083543759,-0.99990016125651,0.013403371695984047,0.004474052567697226,-11.230383136317107,0.004887420929732953,0.03096831028312686,0.9995084176108097,0.03077175226380845,0.0,0.0,0.0,1.0
1559194796611378000,0.013258228986362907,0.9994304945244497,-0.031030726365295965,0.605291083543759,-0.99990016125651,0.013403371695984047,0.004474052567697226,-11.230383136317107,0.004887420929732953,0.03096831028312686,0.9995084176108097,0.03077175226380845,0.0,0.0,0.0,1.0
1559194796696633000,0.01056404178807556,0.9994729277493941,-0.030696379544699635,0.6038481817687462,-0.999899163421073,0.010849934903043718,0.009161981359520696,-11.553926435776564,0.009490206053205167,0.030596496672857517,0.9994867634843482,0.023195597090197764,0.0,0.0,0.0,1.0
1559194796712240000,0.0119514788488059,0.9994747852953269,-0.030121681762313154,0.6129053263121554,-0.9998974607559641,0.012183335268168517,0.0075255774203616165,-11.561947801660033,0.007888607424190928,0.030028651328472107,0.99951790878018,0.03225234009488643,0.0,0.0,0.0,1.0
1559194796797542000,0.011356116944935367,0.9994703224463385,-0.0304977565886932,0.6174725910228678,-0.9998841781975152,0.011659311264160012,0.009782159839293906,-11.832051278288471,0.010132561285727284,0.03038313693244435,0.9994869664942799,0.03289562815682606,0.0,0.0,0.0,1.0
1559194796813094000,0.01119057830281349,0.9994713840566132,-0.030524144692461407,0.6179998948378402,-0.9998819967735817,0.011506032866814935,0.010178592031265962,-11.87567818105335,0.010524423277300405,0.030406638413766188,0.9994822023703362,0.032952427701592985,0.0,0.0,0.0,1.0
1559194796898375000,0.010801944915670202,0.9994298325341078,-0.031989495570880676,0.6207025386369133,-0.9998632295003511,0.011196239144731899,0.012172367154129612,-12.139522109429222,0.012523588908926804,0.03185363511209578,0.9994140811750565,0.03313660356156144,0.0,0.0,0.0,1.0
1559194796913947000,0.010815474262660838,0.9994231552639135,-0.03219289112202275,0.6211610672888427,-0.9998600820891214,0.011219847211846233,0.012406904258193106,-12.184383278874694,0.012760946720477834,0.03205420020626847,0.9994046660327013,0.03316237359818366,0.0,0.0,0.0,1.0
1559194796999207000,0.011617131807702385,0.9993704309115856,-0.03352288872028205,0.6197096622988184,-0.999840200908933,0.012065076818021594,0.013191154906086675,-12.502253157425315,0.013587306390289969,0.03336428840789505,0.9993508940127543,0.041714365338898184,0.0,0.0,0.0,1.0
1559194797014785000,0.010691411505472552,0.9993956227613667,-0.03307692436483824,0.6251364947317816,-0.9998595976352672,0.011111500220865937,0.012542710212540305,-12.491588780612338,0.01290266393636295,0.0329381810101634,0.99937410287394,0.03376564305398264,0.0,0.0,0.0,1.0
1559194797099596625,0.01032814628019963,0.9994055453796017,-0.03289202424469531,0.6297919916238942,-0.9998855332250152,0.01068564107736528,0.010711560207733792,-12.741936196542818,0.011056665036663936,0.03277762864004308,0.9994015095140713,0.03492688932756299,0.0,0.0,0.0,1.0
1559194797100065000,0.01032814628019963,0.9994055453796017,-0.03289202424469531,0.6297919916238942,-0.9998855332250152,0.01068564107736528,0.010711560207733792,-12.741936196542818,0.011056665036663936,0.03277762864004308,0.9994015095140713,0.03492688932756299,0.0,0.0,0.0,1.0
1559194797115663000,0.010089353922333429,0.9994119997837513,-0.0327697974615924,0.6307559635068013,-0.9998906089096192,0.010437802773770592,0.01047962249318276,-12.788834464347136,0.010815505155731507,0.032660480117410885,0.9994079837017142,0.03515401763090174,0.0,0.0,0.0,1.0
1559194797200969000,0.008973095929327603,0.9994179290681185,-0.03291331959311109,0.6360771732603685,-0.9999100558948777,0.009295899154173589,0.009667801157090117,-13.078455470306903,0.009968132710828463,0.032823609126825824,0.9994114503117081,0.03672888276487861,0.0,0.0,0.0,1.0
1559194797216519000,0.008973095929327603,0.9994179290681185,-0.03291331959311109,0.6360771732603685,-0.9999100558948777,0.009295899154173589,0.009667801157090117,-13.078455470306903,0.009968132710828463,0.032823609126825824,0.9994114503117081,0.03672888276487861,0.0,0.0,0.0,1.0
1559194797301804000,0.007936799048356893,0.9994002463539073,-0.03370689556481501,0.6398964696332423,-0.9999328406251969,0.008216685393520358,0.008173146295004678,-13.358748658243398,0.008445203377162968,0.033639763211046586,0.9993983414390001,0.03763229369383664,0.0,0.0,0.0,1.0
1559194797317367000,0.007936799048356893,0.9994002463539073,-0.03370689556481501,0.6398964696332423,-0.9999328406251969,0.008216685393520358,0.008173146295004678,-13.358748658243398,0.008445203377162968,0.033639763211046586,0.9993983414390001,0.03763229369383664,0.0,0.0,0.0,1.0
1559194797402660000,0.008966866848084606,0.9993388876606303,-0.035233264227778144,0.6422108559833699,-0.9999266397644281,0.009247933608688341,0.007822455712978859,-13.586286332173458,0.008143119079379186,0.035160536588411756,0.9993485009137073,0.03804199690871367,0.0,0.0,0.0,1.0
1559194797418235000,0.008817751546305758,0.9993384921801189,-0.035282081923177645,0.6423999568456618,-0.999928988630935,0.009094840245258003,0.007700751679284798,-13.6073661143209,0.00801654247044187,0.03521167317920957,0.9993477238272676,0.03807931888767002,0.0,0.0,0.0,1.0
1559194797503538000,0.006585508784209862,0.9993382519148523,-0.03577274568471148,0.6449950547445876,-0.9999664582955802,0.006755423330304708,0.004631040856931954,-13.866807675485752,0.0048696363153006616,0.035741048045606766,0.9993492203062752,0.03869640410341707,0.0,0.0,0.0,1.0
1559194797519078000,0.006585508784209862,0.9993382519148523,-0.03577274568471148,0.6449950547445876,-0.9999664582955802,0.006755423330304708,0.004631040856931954,-13.866807675485752,0.0048696363153006616,0.035741048045606766,0.9993492203062752,0.03869640410341707,0.0,0.0,0.0,1.0
1559194797604377000,0.004710746942714837,0.9992606844601853,-0.03815617060718486,0.6430491532458732,-0.9999887834013551,0.004726084114101796,0.00031176982195074004,-14.103905483408564,0.0004918685974385586,0.03815427395599813,0.9992717395404385,0.03506346827988462,0.0,0.0,0.0,1.0
1559194797619956000,0.0057805271886136895,0.9992814754543711,-0.03745822098226774,0.6479348047627491,-0.9999817420707832,0.005842426459676811,0.0015432362559128828,-14.115167654776378,0.001760974304182972,0.037448616353584936,0.9992970029489253,0.03936580734491597,0.0,0.0,0.0,1.0
1559194797705222000,0.0061267282574333365,0.9992375344310241,-0.03855921401001001,0.650314229244699,-0.9999804290683184,0.006073319722199752,-0.0015020878438068341,-14.316632351329833,-0.0012667601186243979,0.038567662254305156,0.9992551880010637,0.039722746418286485,0.0,0.0,0.0,1.0
1559194797720802000,0.0060997919014157305,0.9992319912991396,-0.03870684827154357,0.6505378833817735,-0.9999801344378415,0.006033725574121101,-0.0018234268195658969,-14.340655915699392,-0.0015884799115930203,0.0387172018623905,0.9992489454643027,0.03978268840021786,0.0,0.0,0.0,1.0
1559194797806084000,0.007423267427061347,0.9991866652445307,-0.03963461994547623,0.6515105550230772,-0.999966404716286,0.007279600650710117,-0.0037678711691135004,-14.546316980594723,-0.003476282423391378,0.03966125832449353,0.9992071357074234,0.040412637233789094,0.0,0.0,0.0,1.0
1559194797821665000,0.007423267427061347,0.9991866652445307,-0.03963461994547623,0.6515105550230772,-0.999966404716286,0.007279600650710117,-0.0037678711691135004,-14.546316980594723,-0.003476282423391378,0.03966125832449353,0.9992071357074234,0.040412637233789094,0.0,0.0,0.0,1.0
1559194797906961000,0.00818938963128493,0.9990624662504767,-0.04251026260779695,0.6650895602462029,-0.9999555468341076,0.0079832270230095,-0.005017214565616137,-14.747176276724254,-0.004673141680426006,0.04254946081698318,0.9990834325175342,0.039404641301356166,0.0,0.0,0.0,1.0
1559194797922535000,0.00748481792466913,0.9991397292802335,-0.04078944562573231,0.6515927887963766,-0.9999514779106831,0.00721717898009503,-0.006704785738834062,-14.743481994368237,-0.006404633078400461,0.04083765053708806,0.9991452682036513,0.04091249045512381,0.0,0.0,0.0,1.0
1559194798007818000,0.008221096153917123,0.9991050064729795,-0.04149216334026694,0.6518684184431851,-0.9999364530124307,0.007893685460436518,-0.008048581661998918,-14.932617135236455,-0.007713852147028178,0.0415556948020253,0.9991064111067334,0.04123725584510724,0.0,0.0,0.0,1.0
1559194798023392000,0.008221096153917123,0.9991050064729795,-0.04149216334026694,0.6518684184431851,-0.9999364530124307,0.007893685460436518,-0.008048581661998918,-14.932617135236455,-0.007713852147028178,0.0415556948020253,0.9991064111067334,0.04123725584510724,0.0,0.0,0.0,1.0
1559194798099500605,0.003987448821377189,0.9992494270620832,-0.038531581436493566,0.649494218335517,-0.9999541677070853,0.0036489455575894948,-0.00885142257177081,-15.08801527647547,-0.008704179290616362,0.03856511004026867,0.9992181791533117,0.043547488600211105,0.0,0.0,0.0,1.0
1559194798108667000,0.003987448821377189,0.9992494270620832,-0.038531581436493566,0.649494218335517,-0.9999541677070853,0.0036489455575894948,-0.00885142257177081,-15.08801527647547,-0.008704179290616362,0.03856511004026867,0.9992181791533117,0.043547488600211105,0.0,0.0,0.0,1.0
1559194798124238000,0.008623071026637811,0.9991131350278267,-0.04121390615965629,0.6527134194527277,-0.9999345908146179,0.008305805788357842,-0.007863058094830254,-15.114319668318576,-0.007513769923689681,0.041279014100066444,0.9991194054048104,0.041413466055474316,0.0,0.0,0.0,1.0
1559194798209552000,0.008225014818513711,0.9991407340623487,-0.04062194811414059,0.6534415301466541,-0.99994294455313,0.007941139728683379,-0.0071446440233267575,-15.287584176925451,-0.006815920308054739,0.0406783952137035,0.9991490436332291,0.041552339469429184,0.0,0.0,0.0,1.0
1559194798225089000,0.008225014818513711,0.9991407340623487,-0.04062194811414059,0.6534415301466541,-0.99994294455313,0.007941139728683379,-0.0071446440233267575,-15.287584176925451,-0.006815920308054739,0.0406783952137035,0.9991490436332291,0.041552339469429184,0.0,0.0,0.0,1.0
1559194798310382000,0.009671990933953878,0.9991206423359487,-0.04079699314381231,0.6598602821257075,-0.9999409436637573,0.009461610973415756,-0.005346690809895642,-15.431001526632764,-0.0049559838783423795,0.04084629696790797,0.9991531505469076,0.05283896541498641,0.0,0.0,0.0,1.0
1559194798325948000,0.008129501447132209,0.9991518475585461,-0.04036702523799373,0.6532987191023962,-0.9999446073544943,0.007852809184778377,-0.0070082530326844176,-15.452281598002992,-0.006685314419212902,0.040421762804846065,0.9991603413180822,0.041689583352583444,0.0,0.0,0.0,1.0
1559194798411231000,0.009012904476271264,0.9991699212561459,-0.039727018638295836,0.6525745086068546,-0.9999381470920151,0.008746680899593063,-0.0068700482839176465,-15.608420996443854,-0.00651686604774616,0.03978648049559813,0.9991869526903824,0.041774484332168356,0.0,0.0,0.0,1.0
1559194798426795000,0.009012904476271264,0.9991699212561459,-0.039727018638295836,0.6525745086068546,-0.9999381470920151,0.008746680899593063,-0.0068700482839176465,-15.608420996443854,-0.00651686604774616,0.03978648049559813,0.9991869526903824,0.041774484332168356,0.0,0.0,0.0,1.0
1559194798512098000,0.009380839355625802,0.9992200917840169,-0.038356329700922495,0.6510722536101202,-0.9999303383598346,0.009098898501257485,-0.007518541989265323,-15.755547444796596,-0.007163677865765814,0.03842418797067502,0.999235839778695,0.041624171374332386,0.0,0.0,0.0,1.0
1559194798527671000,0.009380839355625802,0.9992200917840169,-0.038356329700922495,0.6510722536101202,-0.9999303383598346,0.009098898501257485,-0.007518541989265323,-15.755547444796596,-0.007163677865765814,0.03842418797067502,0.999235839778695,0.041624171374332386,0.0,0.0,0.0,1.0
1559194798612931000,0.008102909726043673,0.9992375724304698,-0.03819184071540519,0.6454455673053818,-0.9999391870555104,0.007811039955669386,-0.00778523253172484,-15.910193286631701,-0.00748097886199847,0.038252601193516984,0.9992400980030781,0.06252893462706484,0.0,0.0,0.0,1.0
1559194798628527000,0.010556863924911071,0.9992320897601619,-0.037733054708189794,0.6489994194402045,-0.9999247657828803,0.010313423612301033,-0.0066404869882691064,-15.893475779103667,-0.00624623071292122,0.03780031860888997,0.9992657907258451,0.041389847653578206,0.0,0.0,0.0,1.0
1559194798713789000,0.011551839939466646,0.9992379455112655,-0.03728382014276874,0.6473523080729191,-0.9999137163722048,0.011310370312005689,-0.006680968053037441,-16.022297108145526,-0.00625418297888221,0.03735778063309851,0.9992823832238021,0.04107589510338934,0.0,0.0,0.0,1.0
1559194798729371000,0.011551839939466646,0.9992379455112655,-0.03728382014276874,0.6473523080729191,-0.9999137163722048,0.011310370312005689,-0.006680968053037441,-16.022297108145526,-0.00625418297888221,0.03735778063309851,0.9992823832238021,0.04107589510338934,0.0,0.0,0.0,1.0
1559194798814671000,0.012278818996853229,0.9992734727884134,-0.03607987230333568,0.6460162310263651,-0.9999056416499205,0.012048325923412649,-0.0065989119632990255,-16.1415733151587,-0.0061594156134047355,0.03615749471168792,0.999327122205476,0.04072656735795553,0.0,0.0,0.0,1.0
1559194798830230000,0.012278818996853229,0.9992734727884134,-0.03607987230333568,0.6460162310263651,-0.9999056416499205,0.012048325923412649,-0.0065989119632990255,-16.1415733151587,-0.0061594156134047355,0.03615749471168792,0.999327122205476,0.04072656735795553,0.0,0.0,0.0,1.0
1559194798915529000,0.013335754989056401,0.9993051231635338,-0.03480558084542293,0.6449243730747046,-0.9998950255220486,0.01313024054688791,-0.006126558531259858,-16.251235372339114,-0.005665295678774271,0.03488362943124346,0.999375323300799,0.04060389723901804,0.0,0.0,0.0,1.0
1559194798931088000,0.013335754989056401,0.9993051231635338,-0.03480558084542293,0.6449243730747046,-0.9998950255220486,0.01313024054688791,-0.006126558531259858,-16.251235372339114,-0.005665295678774271,0.03488362943124346,0.999375323300799,0.04060389723901804,0.0,0.0,0.0,1.0
1559194799016386000,0.014545909277066704,0.9992836143425012,-0.03493815435724678,0.625271136328761,-0.9998811769902746,0.014358483511429154,-0.0056094430909367585,-16.344840823394904,-0.005103765653101156,0.035015597350887856,0.9993737336543931,0.02960911873841576,0.0,0.0,0.0,1.0
1559194799031955000,0.014660466659607446,0.999318955730775,-0.033862891702796605,0.6441347883415173,-0.9998769185198859,0.0144625834876252,-0.006081240830130106,-16.341528605765934,-0.00558735433752846,0.03394787763640441,0.9994079862976344,0.04054625810400595,0.0,0.0,0.0,1.0
1559194799099076452,0.015392056264406855,0.9993226619504658,-0.033426066418103084,0.6436416556702201,-0.9998665422134168,0.015200150699862015,-0.005987752573374257,-16.394537761539766,-0.005475615593865953,0.03351376927377181,0.9994232561347255,0.0402436470981274,0.0,0.0,0.0,1.0
1559194799117243000,0.01582525986603163,0.999322717535467,-0.033221489546723444,0.6433759404257664,-0.9998599031546019,0.01563508496309434,-0.005976469012638044,-16.422197451954517,-0.005453000443311988,0.03331141449604527,0.9994301448577805,0.039964432057092575,0.0,0.0,0.0,1.0
1559194799132827000,0.01582525986603163,0.999322717535467,-0.033221489546723444,0.6433759404257664,-0.9998599031546019,0.01563508496309434,-0.005976469012638044,-16.422197451954517,-0.005453000443311988,0.03331141449604527,0.9994301448577805,0.039964432057092575,0.0,0.0,0.0,1.0
1559194799218097000,0.017373691548672437,0.9992685604843626,-0.03406609560078761,0.6431159994032362,-0.9998283037584039,0.017143675014964305,-0.007032596289386806,-16.519976426676045,-0.006443434298554219,0.03418242873892557,0.9993948387499075,0.04472365509065134,0.0,0.0,0.0,1.0
1559194799233661000,0.016759939904057386,0.9993201756486573,-0.03283734087817676,0.6428256993864897,-0.9998431874605019,0.016562781274146114,-0.00626695821604211,-16.49546047837623,-0.005718820090647783,0.03293722541444571,0.9994410609329463,0.03894718249477727,0.0,0.0,0.0,1.0
1559194799318957000,0.017079319725830235,0.9992525356441482,-0.03467948740166469,0.6794270961131723,-0.9998336299659387,0.016846546319563307,-0.006993301525674956,-16.56954918273058,-0.006403844691203539,0.03479315860686091,0.9993740175166319,0.039400869837072784,0.0,0.0,0.0,1.0
1559194799334519000,0.017801432089663206,0.9993018705651341,-0.03284631639291817,0.6427294312046694,-0.999822159462451,0.017586924919579458,-0.006808048157127562,-16.5600407714077,-0.006225629558027674,0.03296166799328698,0.999437226632925,0.0378504477299228,0.0,0.0,0.0,1.0
1559194799419814000,0.01875456370435268,0.9992815511574468,-0.03293399241857826,0.6430838521053791,-0.9997992270700862,0.018511491252848435,-0.0076700874602237575,-16.60707101149137,-0.007054919582187382,0.03307122930831774,0.9994280974145817,0.03692064048618847,0.0,0.0,0.0,1.0
1559194799435376000,0.01884860645961148,0.9992770739551817,-0.033016049159485694,0.6431998411126041,-0.9997962927856117,0.01859943359353728,-0.00783798457141484,-16.615207488360944,-0.0072182384743660795,0.033157058638704814,0.9994240874102249,0.03673874858571157,0.0,0.0,0.0,1.0
1559194799520662000,0.019960201791980246,0.9991434654777307,-0.036248113572621636,0.6662816186480985,-0.9997686937679514,0.019656000400707238,-0.008729296063498893,-16.644711646128755,-0.008009326185156682,0.036413967668981966,0.999304695101883,0.05847717250087346,0.0,0.0,0.0,1.0
1559194799536257000,0.019510079254412404,0.9992553517641318,-0.03328811767323627,0.6443234228633475,-0.9997739787175277,0.019217281836629237,-0.009093269936087833,-16.66137320275801,-0.008446791509533801,0.03345800426732382,0.9994044294797003,0.03557033790109887,0.0,0.0,0.0,1.0
1559194799621509000,0.020253314240066,0.9992126766393274,-0.03411495428053839,0.6456893558525063,-0.9997434052013774,0.01989422978879228,-0.01083251482623845,-16.698166217918033,-0.010145295394569364,0.03432559488750083,0.9993592079512662,0.0342879474490593,0.0,0.0,0.0,1.0
1559194799637112000,0.020253314240066,0.9992126766393274,-0.03411495428053839,0.6456893558525063,-0.9997434052013774,0.01989422978879228,-0.01083251482623845,-16.698166217918033,-0.010145295394569364,0.03432559488750083,0.9993592079512662,0.0342879474490593,0.0,0.0,0.0,1.0
1559194799722379000,0.021307445463774312,0.999166589875662,-0.034815491437701,0.6468819088704145,-0.9997022796654812,0.020878912205775563,-0.012626284359988981,-16.721744650051797,-0.011888851897641524,0.03507416002335452,0.9993139939474548,0.033188915026828844,0.0,0.0,0.0,1.0
1559194799737951000,0.02140850729990283,0.9991626418825756,-0.03486675897501579,0.6469906009072914,-0.9996981219086569,0.02097339139574136,-0.012797730488639511,-16.723584967717887,-0.012055740022445877,0.03513021377095371,0.9993100255741074,0.03308036951479066,0.0,0.0,0.0,1.0
1559194799823248000,0.022354095678594022,0.999105320077494,-0.03590061001205864,0.6485475944784613,-0.9996533769297588,0.02183797685172564,-0.014704718968622016,-16.74211647712398,-0.013907566261388195,0.03621687672714437,0.9992471753479322,0.03183694004678658,0.0,0.0,0.0,1.0
1559194799838818000,0.022354095678594022,0.999105320077494,-0.03590061001205864,0.6485475944784613,-0.9996533769297588,0.02183797685172564,-0.014704718968622016,-16.74211647712398,-0.013907566261388195,0.03621687672714437,0.9992471753479322,0.03183694004678658,0.0,0.0,0.0,1.0
1559194799924104000,0.023383585411739922,0.9990846013091499,-0.03582132549512154,0.6365854378971724,-0.9996082953258605,0.02281466573826659,-0.01620947078012905,-16.776856239075318,-0.01537738108432436,0.03618632965895775,0.9992267438858938,0.02691620213800413,0.0,0.0,0.0,1.0
1559194799939687000,0.02335523333318264,0.9990549529215718,-0.03665697912850919,0.6503968276419895,-0.9996027397869223,0.022757989733213732,-0.016626380056314012,-16.751147358051536,-0.015776428189759356,0.037030729754871365,0.9991895862985171,0.030744201076956253,0.0,0.0,0.0,1.0
1559194800024980000,0.024194285137339577,0.9990076164043237,-0.037395440000679105,0.6518113421100404,-0.9995717663935305,0.02355819849486994,-0.017357854492625984,-16.751814300880028,-0.016459659644232016,0.037799386897509356,0.9991497815415733,0.029790785445564513,0.0,0.0,0.0,1.0
1559194800040523000,0.02431804015350366,0.999001927845251,-0.03746706666613111,0.6519608311356011,-0.9995690304767396,0.023681216501391777,-0.01734800555680379,-16.751609086207306,-0.016443425278124035,0.03787278899798604,0.9991472692344412,0.02969540366952159,0.0,0.0,0.0,1.0
1559194800099014058,0.02508446730734586,0.9989552130317766,-0.038200155190051266,0.6530572891353269,-0.9995551941494367,0.024446319552905972,-0.01708190004639944,-16.750123941609537,-0.016130199899091535,0.0386116539007919,0.9991240948121834,0.02900104523047752,0.0,0.0,0.0,1.0
1559194800125812000,0.02508446730734586,0.9989552130317766,-0.038200155190051266,0.6530572891353269,-0.9995551941494367,0.024446319552905972,-0.01708190004639944,-16.750123941609537,-0.016130199899091535,0.0386116539007919,0.9991240948121834,0.02900104523047752,0.0,0.0,0.0,1.0
1559194800141410000,0.025184354394765667,0.998949754580405,-0.03827709651302518,0.6532261811049934,-0.9995549298741078,0.02455021545539304,-0.016947834240854612,-16.74997883972639,-0.015990323889169128,0.03868688078460703,0.9991234332138756,0.028875615393214604,0.0,0.0,0.0,1.0
1559194800226677000,0.0250902560615808,0.9989369843765984,-0.038670147340714736,0.6396116421259561,-0.99956781343442,0.024475780645190025,-0.016282582956494134,-16.73066762137717,-0.01531879227259316,0.03906196879826793,0.9991193608357897,0.029379375650923342,0.0,0.0,0.0,1.0
1559194800242269000,0.026024713049774467,0.9988956825707074,-0.039116871708740904,0.6547478358148381,-0.9995563803783696,0.025435139104772665,-0.015495036095648142,-16.750269682874716,-0.014482981583964466,0.039502772564999684,0.9991144950425453,0.027648913522042504,0.0,0.0,0.0,1.0
1559194800327526000,0.026623844145671757,0.998848328308317,-0.03991475865626186,0.6561629943297493,-0.999552158627354,0.02605442120818014,-0.014719012157699439,-16.75176959586378,-0.013662104753614407,0.04028875986162158,0.999094671551459,0.02678881490601944,0.0,0.0,0.0,1.0
1559194800343127000,0.026696943536378574,0.9988440415140472,-0.03997316521992803,0.656400137985897,-0.9995508427416653,0.026128467463861514,-0.014677055645068562,-16.7520374394825,-0.01361565203117004,0.040347043508467996,0.9990929536834376,0.02667161831325335,0.0,0.0,0.0,1.0
1559194800428394000,0.027440565956780967,0.998805650983702,-0.040426314486920016,0.6579576587989137,-0.999533804199481,0.02687409712745742,-0.01448989876058298,-16.753986598678562,-0.013386172062225015,0.04080507893152303,0.9990774524184385,0.02618947261968766,0.0,0.0,0.0,1.0
1559194800443994000,0.027440565956780967,0.998805650983702,-0.040426314486920016,0.6579576587989137,-0.999533804199481,0.02687409712745742,-0.01448989876058298,-16.753986598678562,-0.013386172062225015,0.04080507893152303,0.9990774524184385,0.02618947261968766,0.0,0.0,0.0,1.0
1559194800529290000,0.028594825571240514,0.9987628578561096,-0.04068279387710534,0.6590393142410831,-0.9995093906361378,0.028048469244247767,-0.01393776894714538,-16.75587196255003,-0.012779435852956624,0.0410613825893775,0.9990748965313526,0.02640294818368251,0.0,0.0,0.0,1.0
1559194800546901000,0.028758872382089323,0.9987547717227485,-0.040765588679095716,0.659238671146899,-0.9995059657543278,0.028215348709239287,-0.013846245654275334,-16.75630406956788,-0.012678788617734369,0.041143651493986126,0.9990727942752382,0.026508136530927047,0.0,0.0,0.0,1.0
1559194800630114000,0.02992507450297467,0.9987151390009705,-0.04089695644257675,0.6784509709167027,-0.9994820346332904,0.029413322076355594,-0.01305828969371508,-16.772687458051173,-0.011838596254785002,0.04126654352750176,0.9990780350022789,0.030400321555491175,0.0,0.0,0.0,1.0
1559194800647778000,0.029628846786451328,0.9987169883299254,-0.041067123825632816,0.6602844319899379,-0.9994922729898558,0.02912011935069682,-0.012931159366735678,-16.7585800598968,-0.011718688991167901,0.041429408277286243,0.9990727082941091,0.027264788510491893,0.0,0.0,0.0,1.0
1559194800730953000,0.030584561429601576,0.9986862023850964,-0.04111512821082546,0.6610972563918798,-0.9994725703643745,0.03010760737885552,-0.012170171204493473,-16.76019521920675,-0.010916303925088817,0.04146566222254745,0.9990802936526503,0.027865838466023668,0.0,0.0,0.0,1.0
1559194800748616000,0.030584561429601576,0.9986862023850964,-0.04111512821082546,0.6610972563918798,-0.9994725703643745,0.03010760737885552,-0.012170171204493473,-16.76019521920675,-0.010916303925088817,0.04146566222254745,0.9990802936526503,0.027865838466023668,0.0,0.0,0.0,1.0
1559194800831830000,0.03145468818552907,0.9986600937662379,-0.04109281822852016,0.6615785949861329,-0.9994553885149483,0.031016162311332866,-0.011266057158838851,-16.76139854697879,-0.00997642017861553,0.041424808922771714,0.9990918157237284,0.028222599952103477,0.0,0.0,0.0,1.0
1559194800849498000,0.031558809722317165,0.9986568876276516,-0.04109090316311877,0.661626191617415,-0.9994532402710585,0.03112494520691147,-0.011156087913975305,-16.76153270438683,-0.009862151924816086,0.04142050916776624,0.9990931284818744,0.028272643660463618,0.0,0.0,0.0,1.0
1559194800932667000,0.032685275566866116,0.9986305039172374,-0.04085081892842476,0.6619773606790343,-0.9994251923059274,0.03228868461176518,-0.01033081943975989,-16.7627307552474,-0.008997652214492804,0.04116500324361597,0.999111847974282,0.02888224880684216,0.0,0.0,0.0,1.0
1559194800950355000,0.032685275566866116,0.9986305039172374,-0.04085081892842476,0.6619773606790343,-0.9994251923059274,0.03228868461176518,-0.01033081943975989,-16.7627307552474,-0.008997652214492804,0.04116500324361597,0.999111847974282,0.02888224880684216,0.0,0.0,0.0,1.0
