1544581121858695000,0.9808297501532994,-0.17638070502152212,0.08284230869748012,-0.0011735102092555107,0.0017511183760629471,0.43308380155295606,0.901351959235055,-0.0012484957780442441,-0.19485875602253735,-0.8839277502876286,0.42509034036637144,-0.00013294386358833697,0.0,0.0,0.0,1.0
1544581121870111143,0.9808409747054324,-0.1761732411437631,0.08315029430976519,8.237841401689728e-05,0.0010831470494741462,0.4317525630189214,0.9019914362781178,2.373066294651354e-05,-0.19480710749705196,-0.8846200955390373,0.42367142626938853,5.0904297667884905e-06,0.0,0.0,0.0,1.0
1544581121932267000,0.9809109664143018,-0.17447117982678534,0.08586898961795154,0.010430045877927717,-0.004722967330873418,0.4200766357351621,0.9074763433219716,0.009720305214434547,-0.19440002455696817,-0.8905590533587736,0.4112337570445468,0.001165254825977078,0.0,0.0,0.0,1.0
1544581121959578000,0.9809315676343366,-0.1739158995264298,0.08675551573448848,0.014674556654815662,-0.0066327937460826224,0.41616369010042764,0.9092655217751944,0.013257434902934476,-0.19424022669253305,-0.8925026851129977,0.4070745526319786,0.0016125908449547827,0.0,0.0,0.0,1.0
1544581122033144000,0.9809495955885525,-0.17256235178860932,0.0892195363126226,0.02514575804490538,-0.011857727059829876,0.4052285022800151,0.9141385317602958,0.020611439887985816,-0.19390019397522618,-0.8977817639521743,0.39546253816422344,0.002554406279388321,0.0,0.0,0.0,1.0
1544581122060442000,0.9809620516774974,-0.1720076177871794,0.09014894670409976,0.029041672180748757,-0.013856477644173403,0.4010297452638801,0.915960229180768,0.02271143366596284,-0.19370454614173602,-0.8997713725368024,0.39101154198726107,0.0027637755101479235,0.0,0.0,0.0,1.0
1544581122133957000,0.9809713602974979,-0.17066772647770914,0.0925619652719471,0.039115221542929755,-0.019063227512441,0.38977734466128217,0.9207117979832833,0.02669232681829534,-0.19321434634333992,-0.9049564347125925,0.379106934306648,0.002996472334217209,0.0,0.0,0.0,1.0
1544581122161299000,0.9809782473671276,-0.17027192162848756,0.0932156150945945,0.04170116336694423,-0.020434176258567822,0.38695417017028866,0.9218725045408697,0.027429360418888955,-0.19303917383048247,-0.9062416581093365,0.37611425720660746,0.0029716225753958323,0.0,0.0,0.0,1.0
1544581122234837000,0.980987774496429,-0.16875135771427138,0.09584344295845751,0.05213373745593245,-0.025862553198204234,0.37578068855196656,0.9263476682398908,0.029879167639996772,-0.19233854171905007,-0.9112144936188176,0.36427192039517303,0.0026823033730683787,0.0,0.0,0.0,1.0
1544581122262159000,0.9809761066993828,-0.16841977679200468,0.09654354908668067,0.05493177851469286,-0.027283683762587725,0.3727692240599768,0.9275228871537704,0.03047292483790267,-0.19220166150495163,-0.9125118543772749,0.3610825901863463,0.0025364870602880758,0.0,0.0,0.0,1.0
1544581122335705000,0.9809382980637524,-0.1670098706406933,0.09933659195064458,0.06593082050228827,-0.03284614065195434,0.36133979695649965,0.9318555049897536,0.032881796797673425,-0.19152333130995244,-0.917355576777084,0.3489664157478831,0.0018012412658371287,0.0,0.0,0.0,1.0
1544581122363013000,0.9809224189564403,-0.1666425721893504,0.10010724810302966,0.06902841827085379,-0.034346789795663156,0.3582899529758337,0.932978353246906,0.03355797033823008,-0.19134133379742418,-0.918617745708567,0.3457310099628464,0.0015025498199124198,0.0,0.0,0.0,1.0
1544581122436564000,0.9808998351775894,-0.16516386991913187,0.10274438876124277,0.08153852564648145,-0.03977146435210791,0.3467539937492228,0.9371125324326088,0.0361710202777434,-0.19040415954457096,-0.923299823400989,0.3335621263510334,-0.00026397060642783436,0.0,0.0,0.0,1.0
1544581122463873000,0.9808883328803254,-0.16481638327928017,0.10341004894106495,0.08538153712887844,-0.04121905950661555,0.34339400425721284,0.938286495146119,0.037000917334114335,-0.19015537739608052,-0.9246167409488859,0.33003759604690275,-0.0009760500730085277,0.0,0.0,0.0,1.0
1544581122537386000,0.9808606808205407,-0.16366362164303544,0.10548243347093497,0.09852466479148346,-0.04579253341720501,0.3326455374489589,0.9419394833525833,0.04036155219165673,-0.18924948798741514,-0.9287417107926087,0.31878435647082876,-0.003688896452269626,0.0,0.0,0.0,1.0
1544581122564729000,0.9808497416022096,-0.1632263650298227,0.1062588262594193,0.10334739214227186,-0.04739514278167149,0.32913949699176565,0.9430911366144369,0.041809220881943006,-0.18891131474737893,-0.9300668498979813,0.31510025369913086,-0.0047566847100096255,0.0,0.0,0.0,1.0
1544581122638273000,0.9807981268808297,-0.16197870215443377,0.10861829659601506,0.11961234993820918,-0.052261053386147574,0.3182854499371796,0.9465533025969847,0.04736549843931126,-0.18789309887812664,-0.9340542127771025,0.30370859551109786,-0.008453290809323711,0.0,0.0,0.0,1.0
1544581122665587000,0.9807802602902244,-0.16158989953249508,0.10935623161996405,0.12576752534001234,-0.0538462707726824,0.3145439317361217,0.947714458121145,0.04971412852633119,-0.18753842312687882,-0.9353880581753538,0.29979746575650723,-0.009902151802560868,0.0,0.0,0.0,1.0
1544581122739101000,0.9807035877950727,-0.16041674162533318,0.11174498598230331,0.14591096438073076,-0.058743514398406145,0.3033731947723272,0.9510593589307429,0.058477931946474104,-0.18646627684918926,-0.9392716187024629,0.28809573738266164,-0.014696599146475134,0.0,0.0,0.0,1.0
1544581122766428000,0.9806705068388151,-0.1600115722913396,0.11261284895317815,0.15368129906695935,-0.06049723966714551,0.2993770312248727,0.9522150372513734,0.06223080866534793,-0.18607912566742685,-0.9406219697135673,0.28390996650877026,-0.01660622918328129,0.0,0.0,0.0,1.0
1544581122839961000,0.9805747499120578,-0.15875885483368224,0.11519021593348973,0.17819499246839116,-0.06562821030205973,0.28786763852131503,0.9554188404593618,0.07542201581049023,-0.1848407364393871,-0.944419318260728,0.2718566781384734,-0.02271994207777924,0.0,0.0,0.0,1.0
1544581122867287000,0.9805519702969612,-0.15825603559073,0.11607265287677594,0.18776419047159942,-0.06739742272168021,0.28393047613514405,0.9564732469505589,0.0810437820898576,-0.18432422780856028,-0.945694724486064,0.26774253887270144,-0.02516239249931117,0.0,0.0,0.0,1.0
1544581122869511598,0.9795127929465948,-0.15876392478136936,0.12388988918378105,0.18814669176131468,-0.0777440444913881,0.26938851634611766,0.959888374138866,0.08032097203190874,-0.18577015906779729,-0.9498546433264691,0.2515265484020957,-0.02340142041775796,0.0,0.0,0.0,1.0
1544581122940831000,0.9802496280028647,-0.1576059060547788,0.11946147988744021,0.21924840585853733,-0.07354254832701564,0.2702356620245304,0.9599813438581669,0.0929964065238642,-0.18358148159826349,-0.9498068568644978,0.2533076672099978,-0.022753312278011376,0.0,0.0,0.0,1.0
1544581122968135000,0.9804345314858569,-0.15718502264949696,0.11849471770837139,0.2325950714577002,-0.07283920872498983,0.26954271511855493,0.9602297508403086,0.09841833631763337,-0.18287312307287573,-0.950073467359864,0.25281975293947256,-0.02256447318693171,0.0,0.0,0.0,1.0
1544581123041700000,0.9808185278735088,-0.15599672992786648,0.11687615510384063,0.2747910712134658,-0.07229342912302052,0.2657149419564933,0.9613372091657997,0.11533287828688221,-0.1810212017573618,-0.9513467243191979,0.24934059966529892,-0.022307329025527945,0.0,0.0,0.0,1.0
1544581123069035000,0.9809839230720262,-0.15544302758885145,0.11622395556952345,0.2927339543633956,-0.07204757701413264,0.2643895167261574,0.961721025085602,0.12248346363996422,-0.18022122328018955,-0.9518065184791067,0.24816257183562476,-0.02231509262109237,0.0,0.0,0.0,1.0
1544581123142585000,0.9813909895741847,-0.15435123588860716,0.11422531051506359,0.3469718146415461,-0.07099606345462187,0.2610374546091557,0.9627143949610005,0.14425735405117046,-0.17841324097877578,-0.9529087801415397,0.24522147575735775,-0.02257817641791606,0.0,0.0,0.0,1.0
1544581123169846000,0.9815379165956122,-0.15391206551631742,0.11355348684054438,0.37000970972188946,-0.07066820720571629,0.25985656540707996,0.9630579265574656,0.15363402949655297,-0.1777338537687043,-0.9533024921310829,0.24418238208598808,-0.022745141826134768,0.0,0.0,0.0,1.0
1544581123243441000,0.9819546107203058,-0.15264394025890934,0.11164662998661233,0.4369541158044905,-0.06963612239513155,0.2570389305583225,0.9638888933042069,0.18127847264020155,-0.17582932901795165,-0.9542697813929097,0.2417710308896152,-0.023399035154560727,0.0,0.0,0.0,1.0
1544581123270707000,0.9820708167589918,-0.1522103710425654,0.11121561858574161,0.45486388474087536,-0.069439605922481,0.2563925755601497,0.9640751984814072,0.18878469319893487,-0.1752571025655024,-0.9545128863167435,0.24122623790878636,-0.023602101850913097,0.0,0.0,0.0,1.0
1544581123344274000,0.982621769155978,-0.14987295710120896,0.1095105269392619,0.5334433533227064,-0.06870145669668082,0.2544264843743803,0.9646487826647818,0.22219491784228992,-0.17243714399319468,-0.9554084261605781,0.23970851172379767,-0.02469701609545225,0.0,0.0,0.0,1.0
1544581123371593000,0.9827687545106681,-0.14905262691949683,0.10931097642024482,0.5550475998846187,-0.06876898552600184,0.25408480685906276,0.9647340242538974,0.23150708107348328,-0.17157039892497494,-0.955627660405343,0.2394564112337231,-0.025075681527717903,0.0,0.0,0.0,1.0
1544581123445132000,0.9835604580323057,-0.1443304209179495,0.1085244442184552,0.6454480767883781,-0.06921556375049805,0.2537603259677005,0.964787490953046,0.2709592916711831,-0.1667873830059631,-0.9564384070929064,0.23959871098903712,-0.02704550339563891,0.0,0.0,0.0,1.0
1544581123472434000,0.9838152379883228,-0.14293067829201248,0.10806664011138715,0.6709881833852873,-0.06911890136134433,0.25371204829725286,0.9648071175231919,0.28223879532555796,-0.1653183443438129,-0.9566613913772196,0.2397265677216941,-0.027693630880287867,0.0,0.0,0.0,1.0
1544581123545988000,0.9848909621281149,-0.13637469468336202,0.10673207281965763,0.7735733883028417,-0.069189279020167,0.25511928927327304,0.9644309160895728,0.32795808953036437,-0.15875338228532354,-0.9572440080202758,0.24182901546805616,-0.030426099053638574,0.0,0.0,0.0,1.0
1544581123573283000,0.9851991041557022,-0.1345652517652813,0.10618341767028752,0.8032837316990049,-0.06899488074671793,0.2557595423104249,0.9642752526887286,0.34132507483151525,-0.15691536445339613,-0.9573292273478909,0.24268975846530624,-0.031228165328777414,0.0,0.0,0.0,1.0
1544581123646872000,0.9862775595941297,-0.12686967714332406,0.10564402710327611,0.9183346428440532,-0.06982780514360498,0.25927897648920845,0.9632748776852529,0.3933825997436706,-0.14960164795173908,-0.957433286120896,0.24686200509164363,-0.03435656417361443,0.0,0.0,0.0,1.0
1544581123674140000,0.9866221292283123,-0.12473480928586607,0.10496666837338285,0.9524251525718576,-0.06952480124603945,0.26044348263467454,0.9629826033552331,0.4088986257123283,-0.1474553360468445,-0.9573977332882805,0.24828714055659723,-0.03524129475515931,0.0,0.0,0.0,1.0
1544581123747704000,0.987668332705889,-0.11747972710945695,0.10348805867470116,1.0620228197128119,-0.06916642301890574,0.26558571165730555,0.9616029511655291,0.4590666978447531,-0.1404538020017284,-0.9569026823464175,0.2541849445216794,-0.03797545746824278,0.0,0.0,0.0,1.0
1544581123774997000,0.9880024885553561,-0.11506999222997222,0.10300475472819645,1.1003136735643222,-0.06903822635730593,0.26753334016036207,0.9610721279925245,0.4766855633603782,-0.13814776838537596,-0.9566529197106082,0.2563793776794554,-0.038870148329275885,0.0,0.0,0.0,1.0
1544581123848547000,0.9889030104021351,-0.10847790354600408,0.10150556861500802,1.219389205782875,-0.06840579493586349,0.27402926628308893,0.9592854676474295,0.5317834588931649,-0.13187677292375893,-0.9555838559030898,0.2635678491405952,-0.041514013975922276,0.0,0.0,0.0,1.0
1544581123870209625,0.9890838589510575,-0.10746182604088805,0.10082200110313011,1.2511359090542904,-0.06779282896508365,0.27564997565147775,0.958864548966251,0.5465618106975356,-0.13083291750699652,-0.9552324569796068,0.2653558004440647,-0.04215979927860097,0.0,0.0,0.0,1.0
1544581123875900000,0.9891104261254161,-0.10730445979827856,0.10072893247422308,1.2560026376544695,-0.06771008740155023,0.27590509171385125,0.9587970194104932,0.5488289751332587,-0.13067482157658253,-0.9551764932585863,0.26563500848374194,-0.04225802381788534,0.0,0.0,0.0,1.0
1544581123949403000,0.9898420019667366,-0.10319068603668693,0.09779822829562461,1.384002468091624,-0.06504334542315413,0.2829900689602009,0.9569148259307447,0.6087482002371636,-0.12642062473603613,-0.95355561095574,0.2734035889599336,-0.04475717381545261,0.0,0.0,0.0,1.0
1544581123976737000,0.9900745420934638,-0.10138665067309502,0.09733009896073587,1.430615949337737,-0.06473307143842047,0.2857270097304836,0.956122223030415,0.6306415410586625,-0.12474786795999056,-0.9529327484013563,0.27632796902172013,-0.045664106966437586,0.0,0.0,0.0,1.0
1544581124050274000,0.9906378368861679,-0.09849116050692279,0.09453130397646015,1.5677167327570067,-0.0619218063437054,0.29294363347079944,0.9541224855897995,0.6948679507594452,-0.12166497453508547,-0.9510433843473826,0.28410229682360993,-0.04821836128517881,0.0,0.0,0.0,1.0
1544581124077570000,0.9907858095520882,-0.09719026227612848,0.09432673273739053,1.6187702929149828,-0.06173482862815068,0.2958186912770679,0.9532471415248909,0.718724089599902,-0.1205499503295909,-0.9502869854995475,0.28709293733164576,-0.04910272216646853,0.0,0.0,0.0,1.0
1544581124151130000,0.9914044389845319,-0.09416277092326358,0.09083287364062903,1.7646494794849945,-0.0582989379583925,0.30358150516879706,0.95102024350293,0.7864548289424674,-0.11712588183098133,-0.9481411510379152,0.2954824622779066,-0.05162353282163165,0.0,0.0,0.0,1.0
1544581124178432000,0.9915850736835888,-0.0936872049507021,0.08934063619898588,1.819886300724065,-0.05666113646665362,0.30642217443850345,0.9502078544332738,0.8119286615485868,-0.11639827001386979,-0.9472740673326293,0.2985352309139971,-0.05263828061923127,0.0,0.0,0.0,1.0
1544581124251992000,0.9920877080205425,-0.09308574810618395,0.08424383119291945,1.9740772127118293,-0.051171530281555536,0.3129349772427534,0.9483950519202035,0.882241608079022,-0.11464490430539478,-0.9452019591164581,0.30569560415422325,-0.05546106832473116,0.0,0.0,0.0,1.0
1544581124279304000,0.992196511132613,-0.09359305498157831,0.08237975088264426,2.0338473212720136,-0.04895054781985422,0.31526036331523943,0.9477419201399075,0.9091718130057782,-0.11467313183308236,-0.9443787605519077,0.3082188012662979,-0.056433499283119665,0.0,0.0,0.0,1.0
1544581124352846000,0.9924340064161422,-0.09575315556845554,0.07685099939159522,2.1970121559804774,-0.04243893333636552,0.3198196812643867,0.9465275000829186,0.9816654353520206,-0.11521145709553138,-0.9426275535303589,0.3133362658220325,-0.058838331339672784,0.0,0.0,0.0,1.0
1544581124380132000,0.992362128437362,-0.09737105980326229,0.07573825160417887,2.2613430005689628,-0.04070090305146149,0.32114388951225936,0.9461553988218502,1.0099643955558963,-0.11645103062688515,-0.9420114006431816,0.31472794366597057,-0.05954257641513667,0.0,0.0,0.0,1.0
1544581124453723000,0.9918744331345373,-0.10485082292967154,0.0720514665014839,2.4334788606967677,-0.03455329702187796,0.32303570335997117,0.9457557845552136,1.0849222483253778,-0.12243846846053688,-0.940560598412298,0.3167879135247109,-0.060557862263552545,0.0,0.0,0.0,1.0
1544581124481020000,0.9918460165402437,-0.10575285788891384,0.07111829948456927,2.4775241124764324,-0.033273759476868205,0.3237999652131717,0.9455402897064867,1.1038861045762953,-0.12302169078469598,-0.9401967430151381,0.3176409104951673,-0.06069068924004005,0.0,0.0,0.0,1.0
1544581124554562000,0.9913267939048668,-0.11246965526165993,0.06798355927443156,2.657845274470881,-0.028008419390869618,0.3246073527100883,0.9454340775589676,1.1803761369894996,-0.12840060797956349,-0.9391382449947796,0.31864186896672486,-0.06108425798306394,0.0,0.0,0.0,1.0
1544581124581881000,0.9912915922254013,-0.1127572764063154,0.06802040723675501,2.705693260614393,-0.027886034359557423,0.3250776713702646,0.9452760848895869,1.200421534801514,-0.12869867237435653,-0.9389410546961474,0.3191024091653997,-0.061195528888135196,0.0,0.0,0.0,1.0
1544581124655422000,0.9911926528905014,-0.11525392188734382,0.06522007624555687,2.8951146569446404,-0.024302062732604872,0.3258250998179725,0.9451176720787455,1.2785818875596173,-0.13017885620495526,-0.9383786750657748,0.3201545370270057,-0.06205914023044216,0.0,0.0,0.0,1.0
1544581124682741000,0.9910355408048261,-0.11721144134987194,0.0641095537215183,2.947415307067031,-0.02262864991314717,0.32566365516506635,0.9452148580654242,1.2997127543788247,-0.13166814749511305,-0.9381922306868754,0.32009191994486735,-0.062223671419348085,0.0,0.0,0.0,1.0
1544581124756299000,0.9904869406283946,-0.12390080428804495,0.059868281596993346,3.1477606347037983,-0.016561814216222027,0.32456783461686284,0.9457174139466777,1.3787158740029177,-0.1366064667373705,-0.9377122753962955,0.3194281794341798,-0.06224333727304413,0.0,0.0,0.0,1.0
1544581124783598000,0.9902992995602452,-0.125689371869057,0.05924085659112685,3.2047435138920504,-0.015467024657212584,0.32398219671036965,0.945936735391418,1.400743350505955,-0.13808717695261116,-0.9376767662760359,0.31889530185842085,-0.062068471969477415,0.0,0.0,0.0,1.0
1544581124857161000,0.9898394027972073,-0.1306351582670729,0.056146345336145674,3.3873156421443045,-0.011232438998151168,0.32179562248802474,0.9467425255378034,1.4702453936701332,-0.14174550780967202,-0.9377537164800164,0.31705863534005213,-0.06121557972436576,0.0,0.0,0.0,1.0
1544581124869352335,0.9898806186865396,-0.13025752196813092,0.05629688019308514,3.4049678542712116,-0.011489911677299096,0.32185275535591135,0.9467200144707297,1.476857674544195,-0.14143670909067632,-0.9377866398283417,0.3170991571749578,-0.0610914983200539,0.0,0.0,0.0,1.0
1544581124884458000,0.98996865241788,-0.12947714111096256,0.05654853808592329,3.437695450251607,-0.01197506460887837,0.32190507155153275,0.946696214599497,1.4890525678149749,-0.1407787805655956,-0.9378767482132888,0.31712543276017474,-0.0608337733369416,0.0,0.0,0.0,1.0
1544581124957971000,0.9910415807221609,-0.12262386629472842,0.05291476820938745,3.6296443654190003,-0.010568974483198415,0.32295420196214814,0.9463555781065426,1.5593447860715814,-0.1331348266160815,-0.9384369828869311,0.3187650342995307,-0.058931017673591254,0.0,0.0,0.0,1.0
1544581124985314000,0.9912754584848459,-0.12059270803320064,0.053201167044323955,3.6960844690254184,-0.011489509934037835,0.3230367917798496,0.9463166606998188,1.5833238203020696,-0.13130482309166908,-0.9386717370443197,0.31883289276212484,-0.058259168055458124,0.0,0.0,0.0,1.0
1544581125058830000,0.9920162743840952,-0.11487664280758321,0.0520294944657404,3.8973850292505348,-0.012098485702280623,0.32397678541723907,0.9459876686059013,1.6554845103132065,-0.12552823587071218,-0.9390646407186106,0.3200004102360086,-0.05629129080210994,0.0,0.0,0.0,1.0
1544581125086173000,0.992222839345666,-0.11343039280377774,0.05125800492801364,3.968890357521677,-0.011825658394787015,0.3240311042507421,0.9459725140201348,1.6809740556089383,-0.12391122178539316,-0.9392216934602964,0.3201696732191031,-0.05562426190647828,0.0,0.0,0.0,1.0
1544581125159727000,0.9930667433221956,-0.1095010943049435,0.0427545746495662,4.179598757317407,-0.005015615694333478,0.32390739535791885,0.9460754953129569,1.755651700948994,-0.1174448249462356,-0.9397305515829908,0.3211124468389206,-0.053968390944747986,0.0,0.0,0.0,1.0
1544581125187032000,0.9932271642413554,-0.10720494343444846,0.04479844100287813,4.256150255131658,-0.0076621041053932665,0.3242927710251586,0.9459257321912207,1.7825867593723874,-0.11593572518317949,-0.93986238288594,0.32127497391208376,-0.053331783280934665,0.0,0.0,0.0,1.0
1544581125260583000,0.9939653643783036,-0.10275180507780791,0.038404699836855245,4.475786312965273,-0.0029777734983066455,0.3247028068539373,0.9458114083083201,1.859323751294746,-0.10965394330027403,-0.9402181415897203,0.32243737212716866,-0.05155053472448478,0.0,0.0,0.0,1.0
1544581125287886000,0.9944852924967369,-0.09879326446471855,0.03519792471269169,4.556913973121408,-0.0011341875246010532,0.3254635126099278,0.9455539199740356,1.8874700346744764,-0.1048699986952182,-0.9403793877239167,0.32355662644683053,-0.050925166630116654,0.0,0.0,0.0,1.0
1544581125361418000,0.9956738961793925,-0.08925390996579412,0.02583083472831896,4.7843439374392345,0.004780839754817053,0.3268429968287034,0.9450665579710632,1.96564976854423,-0.09279351291002155,-0.9408546088423304,0.3258557487324233,-0.049253952073126765,0.0,0.0,0.0,1.0
1544581125388741000,0.9957470207070258,-0.08870868394370503,0.02487247768226938,4.870243784309459,0.005496386046103828,0.326691396645029,0.9451150835208112,1.9949267697382191,-0.09196553970651945,-0.9409588199018557,0.32578956207250254,-0.04847935501328978,0.0,0.0,0.0,1.0
1544581125462257000,0.9962385481417594,-0.08455963798523694,0.01893205800227655,5.105915887920565,0.009858953456694313,0.3276711023353032,0.9447404139397807,2.0750473919131527,-0.0860903957078514,-0.9410001680755301,0.32727225279374567,-0.04608285448952245,0.0,0.0,0.0,1.0
1544581125489587000,0.9961806053644383,-0.08644901200675956,0.012278836214874533,5.196469916194276,0.01672390418919282,0.32692484919381654,0.9449023515730456,2.1057405527904964,-0.08570013141417641,-0.9410880465199051,0.3271219591726262,-0.04487599519573011,0.0,0.0,0.0,1.0
1544581125563116000,0.9952667236257172,-0.09709391460410835,-0.00411346449837142,5.43906078661613,0.035418121799013436,0.3229884230902184,0.9457399405745357,2.1879242899111153,-0.09049699161607043,-0.9414091832442185,0.32489851371142764,-0.0413485791296242,0.0,0.0,0.0,1.0
1544581125590486000,0.9951427639684712,-0.09817238067301914,-0.007284435062514843,5.534448180673945,0.038664435994222326,0.3217326589947903,0.9460407800541104,2.219945040361916,-0.09053143492973337,-0.9417272852631657,0.32396570725993346,-0.039714183658458864,0.0,0.0,0.0,1.0
1544581125663975000,0.994537530458821,-0.10094064543276546,-0.026572290237863748,5.783972708585344,0.057543109077355145,0.3178169793383287,0.946404331267546,2.3031654142973355,-0.08708553902101154,-0.9427636786299514,0.3218893523395015,-0.034293400268980374,0.0,0.0,0.0,1.0
1544581125691293000,0.9943519844891384,-0.1017014104566216,-0.030347224809567266,5.8480682989697295,0.06129057870270756,0.31681583129571067,0.9465047247651185,2.3244984186676616,-0.08664638425690767,-0.9430188503691431,0.3212597888682357,-0.03271987399547371,0.0,0.0,0.0,1.0
1544581125764843000,0.9929528186166047,-0.10802504072464222,-0.04873695289795233,6.104370944798737,0.08024350917343732,0.31021274638522345,0.9472745279039606,2.4098115206815223,-0.08721054544531932,-0.9445097366129065,0.3166949292403543,-0.02654120356146288,0.0,0.0,0.0,1.0
1544581125792169000,0.9926320173905965,-0.1093353606105534,-0.05222506075852826,6.172581110635726,0.08381822664776295,0.30835037011406846,0.9475729809002263,2.432545287288334,-0.08749961675742003,-0.944968691635166,0.31524274598573626,-0.02500164392102826,0.0,0.0,0.0,1.0
1544581125865704000,0.99171735153965,-0.1128994460966188,-0.06124058887908471,6.435085292040735,0.09313477608610841,0.3037771340597262,0.9481800284259588,2.5206189230686404,-0.08844550943134889,-0.9460302151060173,0.31177591948047007,-0.02014240901958457,0.0,0.0,0.0,1.0
1544581125869652283,0.9857793359953091,-0.12907531837888847,-0.10760419559681471,6.533058962496495,0.14052168158296657,0.2820046838147171,0.9490663914140348,2.784842316702291,-0.09215615947805199,-0.9506907596542388,0.2961322707478959,-0.06890380080820754,0.0,0.0,0.0,1.0
1544581125893008000,0.9859543105589593,-0.12938381749237454,-0.10561214542513542,6.615712425763341,0.13867662105256293,0.28180446462086145,0.9493971974327656,2.817402615006031,-0.09307465962142068,-0.9507081947111047,0.2957888372564241,-0.06878136893403713,0.0,0.0,0.0,1.0
1544581125966585000,0.9846452377869797,-0.14276947113524732,-0.10045214689184731,6.923259921548974,0.1369650148525158,0.27505475611521624,0.9516225437876349,2.938681384412416,-0.10823280653235166,-0.9507690357022363,0.29038577847403224,-0.06838142545535607,0.0,0.0,0.0,1.0
1544581125993862000,0.9844718521731485,-0.14582397724751228,-0.09772686395503259,7.009846373175263,0.1349385216519881,0.2725592881353633,0.9526295344075353,2.9728195550318803,-0.11227986307946669,-0.9510240807208092,0.2880042191288094,-0.06812101747343377,0.0,0.0,0.0,1.0
1544581126067456000,0.9833597193062508,-0.15902234488943073,-0.08783823923440415,7.281042615918007,0.12831450212450207,0.2656965741186969,0.9554793137719555,3.079777688509564,-0.12860424172816123,-0.9508507897285754,0.2816801815571541,-0.0668725402395569,0.0,0.0,0.0,1.0
1544581126094738000,0.9833961355295249,-0.16203395357794947,-0.08171314773949453,7.372111224209528,0.12287238826083088,0.263163045005908,0.9568947632557603,3.1158443721616003,-0.13354556087222402,-0.9510469019092149,0.27870302032845906,-0.06657807743172313,0.0,0.0,0.0,1.0
1544581126168262000,0.9826125313726051,-0.16941756887671608,-0.07596249433387413,7.649166204233106,0.11826872600897048,0.2557445899875559,0.9594827841813062,3.2264684316443666,-0.14312624370721147,-0.9517837948021597,0.2713346389871091,-0.06477494497459478,0.0,0.0,0.0,1.0
1544581126195582000,0.9828999699797114,-0.16941060819132225,-0.07216435994400347,7.7450328262797425,0.11463913650867463,0.2562820939992691,0.9597798480255206,3.265279060531859,-0.1441024545052117,-0.9516404437220995,0.2713207483366844,-0.06380915502113546,0.0,0.0,0.0,1.0
1544581126269121000,0.9831801208123567,-0.17217576181880634,-0.06092911522016781,8.029965846444169,0.1042812771593019,0.25532829391433515,0.9612142724496019,3.3823676738159687,-0.1499408725912445,-0.9514005304649072,0.26898841119585104,-0.06157915455571965,0.0,0.0,0.0,1.0
1544581126296440000,0.983094837703224,-0.17290191463015941,-0.06024506617552692,8.131196060499994,0.10379612058947635,0.25522057484712185,0.9612953882783775,3.4246446043073018,-0.1508340327374527,-0.9512977378780674,0.268852577588958,-0.06113546497451241,0.0,0.0,0.0,1.0
1544581126370003000,0.9827265964473647,-0.1733278339233685,-0.06485289987662389,8.423950773722499,0.10859865392567747,0.2563584771040838,0.96046169292815,3.5484163261863886,-0.1498491541534522,-0.9509141881391345,0.2707534631268567,-0.06031523276558999,0.0,0.0,0.0,1.0
1544581126397320000,0.983343529325669,-0.17210688203136915,-0.058435644009228384,8.53042116210097,0.10230807125356856,0.25838704210568114,0.960608762727181,3.5939518951729066,-0.15022836579590165,-0.9505868490723582,0.2716911490663187,-0.06024127384038248,0.0,0.0,0.0,1.0
1544581126470862000,0.9830738601775644,-0.17503042844262479,-0.05413071729410129,8.830597375859318,0.0991338356420125,0.25971987886132053,0.9605821501335355,3.723880749325135,-0.1540722819539101,-0.9496893879808577,0.2726752616026308,-0.0613556903355101,0.0,0.0,0.0,1.0
1544581126498180000,0.9831518722184777,-0.1762504315066835,-0.048458039033858154,8.94201377906363,0.09392060576245341,0.2596535173835978,0.9611238061371372,3.7725963978661397,-0.15681618528236307,-0.949481877817599,0.27183238903679957,-0.062393475386200485,0.0,0.0,0.0,1.0
1544581126571719000,0.9817161911486773,-0.18668937838234767,-0.037153681321586675,9.2501625833652,0.08543275309217371,0.25771500456915836,0.9624366062858444,3.908160444957055,-0.170101630608366,-0.9480137406278114,0.26895238025576845,-0.06622832594920167,0.0,0.0,0.0,1.0
1544581126599043000,0.982232381931304,-0.18547025720430688,-0.028641431146562094,9.367166175314589,0.0770574453792526,0.25942524838267217,0.9626841073858079,3.9597595832068815,-0.17111895861411225,-0.9477865393611346,0.26910774386602804,-0.06763973484658273,0.0,0.0,0.0,1.0
1544581126672575000,0.9827428888708646,-0.18448847621031958,-0.013431921654892284,9.684816656998372,0.06270951139462107,0.26396895225862615,0.9624904723809645,4.099861975252815,-0.17402279033045298,-0.9467229765824218,0.27098279291594474,-0.07100947257807809,0.0,0.0,0.0,1.0
1544581126699896000,0.9818286450762937,-0.18972325776114762,-0.004194898347579608,9.808138798579199,0.05506535274301766,0.26367294112237727,0.9630391409735947,4.153984127786495,-0.18160484199199212,-0.945770408494774,0.2693288246376382,-0.07206549201665144,0.0,0.0,0.0,1.0
1544581126773460000,0.9803118344187622,-0.19676275105282823,0.016526557313847147,10.136749897267173,0.03776803257729413,0.26900207493839207,0.9623988047551186,4.298743196192987,-0.19380991464258412,-0.9428267621768941,0.2711372595370693,-0.07456218842839034,0.0,0.0,0.0,1.0
1544581126800748000,0.9803055283153853,-0.19632485476847678,0.021392114304804855,10.219658548467113,0.03324018549410426,0.2708064139743922,0.9620597570934155,4.335246919832879,-0.19466936385217642,-0.9424014206008312,0.27199889931197097,-0.07506044515305617,0.0,0.0,0.0,1.0
1544581126870152013,0.9796532985710221,-0.19851809317118968,0.029495445115977553,10.54008260815239,0.027355849366349258,0.2776739614230967,0.960285805712573,4.476485320944894,-0.1988242241387115,-0.9399402841836698,0.2774548432887064,-0.07612144867471847,0.0,0.0,0.0,1.0
1544581126874306000,0.9796499557522396,-0.1985218891614015,0.029580799827308837,10.545593466515028,0.027293079829223812,0.27776755022571514,0.9602605249800918,4.478913009565628,-0.19884931980791545,-0.9399118296762711,0.27753324205676083,-0.07612765760551059,0.0,0.0,0.0,1.0
1544581126901587000,0.9798116770943545,-0.1973994090030199,0.031663081890532074,10.634712820365147,0.025437439471695012,0.28018365961114466,0.9596093234019902,4.518179274846978,-0.19829779147199766,-0.9394309927888075,0.27954855693629377,-0.07624730398490515,0.0,0.0,0.0,1.0
1544581126975123000,0.9802791932904767,-0.19339950695639682,0.04061199220423387,10.98734533397049,0.017613356070348158,0.2901960268446027,0.9568051189722747,4.673457561026045,-0.19683107704250624,-0.9372208366829198,0.2878795414711799,-0.07670383633344079,0.0,0.0,0.0,1.0
1544581127002446000,0.979860041033765,-0.1949127186321223,0.04339737435307683,11.082766811998022,0.01556340816107435,0.2912120663180516,0.9565319193613863,4.715445170399006,-0.19907807591926846,-0.9365919947053816,0.2883805734477903,-0.07684702207394317,0.0,0.0,0.0,1.0
1544581127076008000,0.9809653767171588,-0.18753726293051143,0.05036570951246626,11.44697412239488,0.008778554778946894,0.301937093990072,0.9532874321257083,4.875992615262033,-0.19398419177385254,-0.9346998268349925,0.2978361412865832,-0.07782883658958246,0.0,0.0,0.0,1.0
1544581127103314000,0.9817764011934191,-0.18212276926286042,0.054280705372376975,11.548765625051885,0.004083951789491704,0.3057816559299423,0.9520929052537458,4.92100964430658,-0.189995840474145,-0.9345206663379726,0.30095299431930367,-0.07825880594459445,0.0,0.0,0.0,1.0
1544581127176865000,0.9832019868690823,-0.16935550094064114,0.06806296583189539,11.87194637112362,-0.011037660925800868,0.31705382030902335,0.9483433160352549,5.0645028968973005,-0.18218678068942462,-0.933164288498333,0.30985865747696123,-0.08009061845692181,0.0,0.0,0.0,1.0
1544581127204162000,0.9829577700145152,-0.16957830425187873,0.07097338300479812,11.978864991605835,-0.013481431106255583,0.318541981987507,0.9478128806503929,5.1121386147822445,-0.18333650313948846,-0.932616858328503,0.31082715804455624,-0.08081016623791212,0.0,0.0,0.0,1.0
1544581127277721000,0.983730365365905,-0.16353766953897786,0.07436396236634385,12.308342052554018,-0.0170928706905782,0.32685557049752584,0.9449197160639069,5.258993006460009,-0.17883624361023176,-0.930817311117762,0.31874242154894306,-0.08313914444964798,0.0,0.0,0.0,1.0
1544581127305017000,0.9835660952429611,-0.16371847431123482,0.07611831223636402,12.420097664715048,-0.01843120784903622,0.32834504043937995,0.944378009589424,5.308761917503776,-0.17960519721248797,-0.9302611437591383,0.3199315200885982,-0.08391215887094092,0.0,0.0,0.0,1.0
1544581127378558000,0.9823072901473612,-0.16836368800459775,0.082012537363741,12.75392857299148,-0.022057103904175448,0.33086391366457557,0.9434206669359777,5.456952647184056,-0.1859727719068268,-0.9285379578649732,0.3212964190793917,-0.08623807769328014,0.0,0.0,0.0,1.0
1544581127405899000,0.9815888458100829,-0.17020648956337808,0.08667807503479293,12.869862927554351,-0.025749086107890052,0.33173894513102825,0.9430197542193669,5.507945326762363,-0.1892625751326286,-0.9278895533380377,0.32124858670553436,-0.0868132029397617,0.0,0.0,0.0,1.0
1544581127479416000,0.9797733390091119,-0.17433870836001247,0.09823552786185348,13.206695533161726,-0.03485100642546773,0.3347438896100905,0.9416644496421439,5.655031833518091,-0.19705230655353048,-0.9260413290647849,0.3218972589909131,-0.08759389611368963,0.0,0.0,0.0,1.0
1544581127506752000,0.9800677627648107,-0.17224442191324177,0.09899009803485598,13.326694280436625,-0.03584994286175241,0.336760723868289,0.940907538739334,5.707086624739327,-0.19540205215397902,-0.9257019358192339,0.3238733765448078,-0.08760814874522901,0.0,0.0,0.0,1.0
1544581127580273000,0.9818516707737438,-0.16810731627963418,0.08779081279990099,13.667579301860233,-0.025700890458994853,0.34069499563063327,0.9398225280242332,5.854674875877041,-0.18790093354856688,-0.9250226214344742,0.3301914429631308,-0.0878509996835798,0.0,0.0,0.0,1.0
1544581127607626000,0.982789899105398,-0.16390928532250582,0.08519249028797578,13.79153122542394,-0.024123559517270247,0.343351982638798,0.9388969431701322,5.908183047801518,-0.18314493739281545,-0.9247935781584281,0.333488784975313,-0.08798776571883836,0.0,0.0,0.0,1.0
1544581127681176000,0.9839943813831796,-0.1606160260857264,0.07718516418821483,14.135941875902148,-0.017311832326504916,0.34492911617407196,0.938469075290643,6.056068081349394,-0.17735658394272047,-0.9247845138083829,0.33662775457820665,-0.08791197032684192,0.0,0.0,0.0,1.0
1544581127708477000,0.9841873721766434,-0.15779956458192512,0.0804643639494282,14.264013789101767,-0.021119733925387223,0.3464847327019834,0.9378178324404745,6.110848076555848,-0.17586691925132508,-0.9246878540470762,0.33767321375978215,-0.08793519158299318,0.0,0.0,0.0,1.0
1544581127782031000,0.9831948077473834,-0.16261776695682117,0.08296645037942808,14.610639273750179,-0.022501439953838596,0.3430506307005122,0.9390473630099755,6.258540503214,-0.18116747836901836,-0.9251333561416761,0.33362646498060167,-0.08815176008918996,0.0,0.0,0.0,1.0
1544581127809357000,0.9832566079775966,-0.15917565610916906,0.08871050315832099,14.742036768995048,-0.028955338433875735,0.34415598323143576,0.9384659011291657,6.314378734299413,-0.1799111759857254,-0.9253214412884939,0.3337846596942644,-0.08839347280586006,0.0,0.0,0.0,1.0
1544581127869724797,0.9827207152326378,-0.15848504538407762,0.09561634924141141,15.02524184466576,-0.03608975893055995,0.34260177838540884,0.9387872766220712,6.434629979828057,-0.18154207543427142,-0.9260164749272882,0.3309621776128741,-0.08960551743763764,0.0,0.0,0.0,1.0
1544581127882897000,0.982511538141731,-0.1588137688329296,0.09720732609969326,15.074061972463708,-0.03760329463251063,0.3420647423359404,0.9389236946011268,6.455371264127432,-0.1823652095416001,-0.9261586791040355,0.33011063519541456,-0.08999785966027936,0.0,0.0,0.0,1.0
1544581127910188000,0.9824079897876853,-0.156260722960102,0.10226010004543112,15.209278757599938,-0.04313970015268921,0.34288103642727064,0.9383877456197361,6.512837174732353,-0.1816961966361749,-0.9262910888692296,0.3301080289986939,-0.09123728550652559,0.0,0.0,0.0,1.0
1544581127983702000,0.9824680066637396,-0.15434299243867594,0.10456986452727994,15.560893187706661,-0.04643078245807592,0.34065988601154995,0.9390394158409601,6.661893487441525,-0.18055691158886614,-0.9274314436914874,0.32752117325421365,-0.0955992076074395,0.0,0.0,0.0,1.0
1544581128011042000,0.9823908546252729,-0.15275068430381172,0.10758920574732835,15.649826071956825,-0.04982327266845937,0.34081545834083266,0.9388090673063019,6.699647094681263,-0.18007179193096323,-0.9276378882951268,0.32720345039459486,-0.09710178801220933,0.0,0.0,0.0,1.0
1544581128084597000,0.9816481060283619,-0.14915943919388627,0.11882111609598296,16.00477342321123,-0.06211238520101216,0.3390199749910266,0.9387265353454798,6.849726825948811,-0.1803026553758169,-0.9288793884334253,0.32353366781214526,-0.10363737089824,0.0,0.0,0.0,1.0
1544581128111879000,0.9808395934829581,-0.1495560897086494,0.12484657739497382,16.097833840726416,-0.06774461064226402,0.3390151016718418,0.9383386534547933,6.8888497974740925,-0.1826591349621168,-0.928817386179591,0.3223878154419028,-0.10549337770904983,0.0,0.0,0.0,1.0
1544581128185428000,0.9790096710613281,-0.14848206427668328,0.13961783752990414,16.45661288149586,-0.0825226629027499,0.3375837693711582,0.9376711623829553,7.039077268574554,-0.18636006566813285,-0.9295107719899208,0.3182446396702896,-0.11281683206633779,0.0,0.0,0.0,1.0
1544581128212762000,0.97822578324117,-0.14929185577609058,0.14417440411226023,16.554097129295666,-0.08664811352380673,0.3374574821190246,0.937344414921564,7.079796515440591,-0.18859061860272888,-0.9294269145881326,0.31717375208901083,-0.11484761551820906,0.0,0.0,0.0,1.0
1544581128286274000,0.9760693803868619,-0.15976527955714676,0.1475249813395519,16.9173894187516,-0.08739668671292464,0.3329971356057118,0.9388688549685714,7.231303335618492,-0.1991240412979084,-0.9292943361101598,0.311065351736206,-0.12183490791663965,0.0,0.0,0.0,1.0
1544581128313615000,0.9753411534961725,-0.16145395715511549,0.15047343292325005,17.01928151650826,-0.08974412120812537,0.3327487965838821,0.9387354425398858,7.273751027027621,-0.20163240564288085,-0.9290914153574616,0.3100540515841275,-0.1237930360405831,0.0,0.0,0.0,1.0
1544581128387158000,0.9731372368830573,-0.16412915450933604,0.1614482543468883,17.33962787333401,-0.099739657422674,0.3314839233440917,0.9381739760308954,7.406979849630217,-0.2074992022365734,-0.9290748243303458,0.3062091635903894,-0.13034282980971745,0.0,0.0,0.0,1.0
1544581128414479000,0.9723145690773112,-0.16494770755217816,0.16551928145469796,17.44696645654764,-0.10345030277925318,0.33128524583573266,0.9378422685859468,7.451596830763476,-0.20952902809606008,-0.9290007210249286,0.3050495807574253,-0.13270680429239654,0.0,0.0,0.0,1.0
1544581128488009000,0.97011681296676,-0.16564820937142444,0.1772964746723882,17.775566550161454,-0.11447759792676127,0.33179032148733084,0.9363813657587682,7.588020902903615,-0.21393515085683026,-0.928695780812737,0.3029123601447953,-0.14001963232338888,0.0,0.0,0.0,1.0
1544581128515319000,0.9693958826631103,-0.16555035250210573,0.18128624730583848,17.888744728810583,-0.11821066388981126,0.33243420782388433,0.9356889100610478,7.63471851089957,-0.21516937890539947,-0.9284829445148314,0.3026905352443809,-0.1425687877214654,0.0,0.0,0.0,1.0
1544581128588874000,0.969048265897812,-0.1617103750074453,0.1865347500478004,18.225222851942387,-0.12397381758829411,0.3346447972208217,0.9341538161596428,7.773441808894058,-0.21348524753019366,-0.9283655607076283,0.30423910790525294,-0.15103642824794034,0.0,0.0,0.0,1.0
1544581128616198000,0.9691678416040519,-0.1601460098307328,0.1872617161510476,18.34342654187436,-0.1250084878941769,0.3353450860339519,0.9337647194166683,7.822157992277462,-0.21233599024883298,-0.9283840416595782,0.30498606269282547,-0.1542766965186034,0.0,0.0,0.0,1.0
1544581128689717000,0.9673305923357159,-0.15828290877843243,0.1980354663187175,18.685690771155954,-0.13568986231794988,0.33659323947899294,0.9318225434068317,7.9623187296332665,-0.2141489817757,-0.9282518580243613,0.3041195516219805,-0.1637593379164864,0.0,0.0,0.0,1.0
1544581128717035000,0.9651895183093043,-0.16238689143677482,0.20503582915029817,18.80939634863106,-0.1412695243546947,0.33607187078896505,0.931181303051666,8.01260606743021,-0.22011841184791356,-0.927731747410804,0.30143272816939914,-0.16709696781223113,0.0,0.0,0.0,1.0
1544581128790588000,0.9637997930132022,-0.16997326372816268,0.20542407017023015,19.15964959373051,-0.13953553235811303,0.33497824530812637,0.9318365792239702,8.155083753868404,-0.22719989920166045,-0.9267678591685673,0.2991346536509422,-0.17809018019607084,0.0,0.0,0.0,1.0
