1544581121858695000,0.8974491505893285,-0.3315730984417607,0.2909369390370007,7.322322595572317e-05,0.22446819612170565,0.911036639043265,0.3458703098715195,1.4720643554632041e-05,-0.3797355014169155,-0.2450949259174561,0.8920366731548408,5.2609922203342246e-05,0.0,0.0,0.0,1.0
1544581121870111143,0.8974491505893285,-0.3315730984417607,0.2909369390370007,7.322322595572317e-05,0.22446819612170565,0.911036639043265,0.3458703098715195,1.4720643554632041e-05,-0.3797355014169155,-0.2450949259174561,0.8920366731548408,5.2609922203342246e-05,0.0,0.0,0.0,1.0
1544581121932267000,0.8974491505893285,-0.3315730984417607,0.2909369390370007,7.322322595572317e-05,0.22446819612170565,0.911036639043265,0.3458703098715195,1.4720643554632041e-05,-0.3797355014169155,-0.2450949259174561,0.8920366731548408,5.2609922203342246e-05,0.0,0.0,0.0,1.0
1544581121959578000,0.8966957403505547,-0.33089607783832353,0.29401451479201474,0.01985992081313876,0.22138693909320997,0.9104282343813408,0.3494399136335337,0.00579180632607937,-0.38330741244608035,-0.2482503085848757,0.8896331894951984,0.006905484769050355,0.0,0.0,0.0,1.0
1544581122033144000,0.8958683676156289,-0.33095762802422934,0.29645727577220976,0.02601053805306172,0.2197167598654001,0.9099098937381281,0.35183594289344805,0.017265635112813038,-0.38619219740947014,-0.2500620597572656,0.8878764288627098,-0.0025631011593538733,0.0,0.0,0.0,1.0
1544581122060442000,0.8958113395294031,-0.3305211552693126,0.29711581898305967,0.02158772283869573,0.2184736934543151,0.9096659293493999,0.3532380815389549,0.011979122185676693,-0.38702879639500465,-0.25152268863927507,0.8870992322512219,0.003005373935442769,0.0,0.0,0.0,1.0
1544581122133957000,0.8949161595976829,-0.3304651966621839,0.29986300386335907,0.03846319339517428,0.21638306612871708,0.9090647974261641,0.3560611784135749,0.024956822593899208,-0.3902607282108557,-0.2537596261731812,0.8850438498406624,-0.0032684402542377013,0.0,0.0,0.0,1.0
1544581122161299000,0.8949325089189087,-0.3301395464716071,0.3001727574841345,0.03487090610775972,0.21552801427141757,0.9088823105334428,0.35704428389712345,0.004767502396444998,-0.3906961473374504,-0.254834898424276,0.8845426473611996,0.011121238425654286,0.0,0.0,0.0,1.0
1544581122234837000,0.8941141604181225,-0.32973212777683514,0.30304552801775503,0.049146927924881456,0.21317197208735808,0.9084636850008593,0.35951556760597303,0.03091758440983304,-0.39384969018165467,-0.25684714704746037,0.8825598929236458,-0.0031500183528508714,0.0,0.0,0.0,1.0
1544581122262159000,0.894208774330271,-0.3293128993542806,0.3032221664549451,0.0459433911083873,0.21230898619769428,0.9083243560485705,0.36037724482638744,0.0065866783346660305,-0.39410095443992477,-0.25787570364000667,0.8821476969202565,0.008757452447208134,0.0,0.0,0.0,1.0
1544581122335705000,0.8932453710016398,-0.3292090853095298,0.3061602282038001,0.06000828398626437,0.21002801281201425,0.9077035754969431,0.36326636627177716,0.03679249403195987,-0.397493321979597,-0.26018377578113483,0.8799451470415033,-0.0017621538192706427,0.0,0.0,0.0,1.0
1544581122363013000,0.8933156809714907,-0.3287156908655179,0.30648505462624,0.060898402390828145,0.20914949339442498,0.9076588182351182,0.36388454088197036,0.013026331369909355,-0.3977984207400771,-0.2609625725249348,0.8795765755168057,0.01945415914185489,0.0,0.0,0.0,1.0
1544581122436564000,0.8924818801333547,-0.3285753582945649,0.3090539233778326,0.07206404193421562,0.20692839362927992,0.9070169327218238,0.3667436756999395,0.042938728824888084,-0.4008200762731798,-0.26336005330629786,0.8774877485064209,-0.00031021951066835887,0.0,0.0,0.0,1.0
1544581122463873000,0.8924077188713443,-0.3282283510978594,0.309636258914262,0.0730081980964335,0.2060521050207981,0.9069104250948267,0.36749967465403255,0.02037970871272272,-0.4014361634373988,-0.26415834340391886,0.8769660063507345,0.018759152355568368,0.0,0.0,0.0,1.0
1544581122537386000,0.8917448303877334,-0.3282603577100791,0.31150649276187076,0.08694539125247966,0.20422090312737368,0.9061844295644634,0.3703020420423932,0.05018846262135513,-0.4038378142306506,-0.26659879439145484,0.8751229071544342,0.00026042162366215116,0.0,0.0,0.0,1.0
1544581122564729000,0.8915339694607953,-0.32774005297231734,0.3126557835306855,0.09166846237687155,0.20294426756386924,0.9061249410850168,0.37114850856044557,0.02963821088252859,-0.4049454352878276,-0.2674398041081043,0.8743541305547605,0.01482339330284947,0.0,0.0,0.0,1.0
1544581122638273000,0.8908761562888682,-0.3276851955495903,0.31458240061007037,0.1062693587439377,0.20108988172325087,0.9054804099476492,0.3737219376348731,0.05916704068826806,-0.40731134728177837,-0.26968062559008854,0.872565084424561,9.383900824829481e-05,0.0,0.0,0.0,1.0
1544581122665587000,0.8906160991607369,-0.32715518157176227,0.31586777468817556,0.09837451242390807,0.1997286830698952,0.9054125969262699,0.37461511246396595,0.03436830828023815,-0.40854793730341865,-0.27055039548662924,0.8717173087802876,0.017089994679724933,0.0,0.0,0.0,1.0
1544581122739101000,0.8898408657391652,-0.3273493324509821,0.3178453211932926,0.131483305586669,0.1980008959844452,0.904646584740536,0.3773727625394303,0.0703588365483986,-0.41107040619573687,-0.27286804734373216,0.8698069612787025,-0.00120181759014216,0.0,0.0,0.0,1.0
1544581122766428000,0.889543470624297,-0.32703237389383566,0.31900194403018994,0.13644357350970893,0.19678212056691746,0.9044478214944868,0.37848505283440914,0.05595061795775829,-0.4122974786423814,-0.2739050284665109,0.8688997781596531,0.0020247389467987534,0.0,0.0,0.0,1.0
1544581122839961000,0.8886345756393484,-0.3270109455357385,0.3215469366641428,0.16365499263468505,0.1945035958069897,0.9036751351824738,0.38149652851774174,0.08458674491029192,-0.4153275119666698,-0.2764689703253504,0.8666417750436548,-0.0037459313257709333,0.0,0.0,0.0,1.0
1544581122867287000,0.8884332114334631,-0.3266997300179252,0.32241854045361695,0.17272869088226356,0.19360499030224645,0.9036049270892106,0.38211940996260685,0.08861222232143409,-0.4161772898081927,-0.2770657361463511,0.8660433253028337,-0.004586352339786644,0.0,0.0,0.0,1.0
1544581122869511598,0.8853799078743645,-0.32681513108353555,0.3305968675399529,0.18815976637653845,0.1869206239577941,0.901421285257725,0.39051292785712616,0.0803470231462356,-0.42563258694748274,-0.2839569273308305,0.8591887827184598,-0.023864678424739806,0.0,0.0,0.0,1.0
1544581122940831000,0.8861078981993327,-0.3289738558978067,0.3264797005703267,0.23283866579901735,0.19073475855117467,0.9008298521854696,0.39003311307109806,0.09775839943008167,-0.4224133575411489,-0.28334039519143256,0.860979195929598,-0.004795585557295618,0.0,0.0,0.0,1.0
1544581122968135000,0.8875231416695953,-0.32504912466075486,0.32656659283858586,0.19224750653059886,0.19031178825593487,0.9040766310025682,0.38265763879200904,0.10417299766232355,-0.4196237555855896,-0.27746803749679483,0.8642496120426791,0.0021358733031475287,0.0,0.0,0.0,1.0
1544581123041700000,0.8862309965497384,-0.33163124908081165,0.32344293992535644,0.30965450274282535,0.19375196539520292,0.8995658885165376,0.39146058310250476,0.12828713764140448,-0.42077879777854094,-0.2842567973691353,0.8614773801380341,0.020221615628970794,0.0,0.0,0.0,1.0
1544581123069035000,0.8871900473522625,-0.3224839508689456,0.3299968504562564,0.21413326357971157,0.18659827213160948,0.9048723432324758,0.3826057073417279,0.12497826472150696,-0.4219892234602585,-0.2778671335097434,0.8629686850624911,-0.015572879311374545,0.0,0.0,0.0,1.0
1544581123142585000,0.8865449746044113,-0.33409056685896954,0.3200335937671422,0.4016606264205103,0.1969184362283864,0.8984575041334248,0.3924248243163318,0.16562568046984708,-0.418642015900252,-0.2848817410824882,0.8623115771696321,0.042042682232631884,0.0,0.0,0.0,1.0
1544581123169846000,0.8869020147532426,-0.31963519101936727,0.3335238535527097,0.27080215172941297,0.18260393624334265,0.9057504399908978,0.38245515152071397,0.16605102836042807,-0.4243355025154921,-0.27829747594670484,0.8616785341335932,-0.022980737142255344,0.0,0.0,0.0,1.0
1544581123243441000,0.8866451390399384,-0.3369799680333294,0.3167094860611201,0.5098391940410959,0.20054629202586582,0.8972835569021242,0.3932726830937334,0.21055977201999554,-0.41670323033487594,-0.28517839970327796,0.8631521871438185,0.06121833438011993,0.0,0.0,0.0,1.0
1544581123270707000,0.8862650725243095,-0.31752600761766875,0.33721129238188463,0.32500980214543435,0.17906871943301336,0.9063191074734441,0.38277940011077133,0.1921648199283832,-0.42716345225697655,-0.27886001849481007,0.8600979450858951,-0.0256910395297067,0.0,0.0,0.0,1.0
1544581123344274000,0.8867183400398733,-0.33922584824113244,0.31409617845815124,0.6211546007384979,0.2035179494479615,0.8964566926274603,0.3936316075925978,0.25761176243448825,-0.41510363728763944,-0.285116155502491,0.863943139438037,0.07622878353418085,0.0,0.0,0.0,1.0
1544581123371593000,0.8861120787061476,-0.31415822390538595,0.34074916628465074,0.41184022560103384,0.17472746029198988,0.9074032180777925,0.3822168421746727,0.2399503700693068,-0.4292734543283387,-0.27914872411436825,0.8589530203883884,-0.027596526038569307,0.0,0.0,0.0,1.0
1544581123445132000,0.8872121826425879,-0.33980508915600355,0.3120689737129548,0.7454590390765023,0.20505751392843155,0.8963612219201587,0.39304958442834337,0.31132063228202816,-0.4132867756801176,-0.2847262917636584,0.8649421829385204,0.08874944329715663,0.0,0.0,0.0,1.0
1544581123472434000,0.8856275757743233,-0.31108518448849853,0.3448040095762398,0.504785892824881,0.170393398383428,0.9083676658346712,0.38188253881713397,0.28154163012896893,-0.43200681339006863,-0.2794533801152341,0.8574823155766726,-0.017117565199942227,0.0,0.0,0.0,1.0
1544581123545988000,0.8886069132125848,-0.33932071025154403,0.30860850504351334,0.8831552887872828,0.20670380273079067,0.8968932946646647,0.3909679730133793,0.3717623711367541,-0.40945242913852176,-0.28362629211684043,0.8671244632073392,0.09859568982206535,0.0,0.0,0.0,1.0
1544581123573283000,0.8844722030808296,-0.30982792817059873,0.34887759587404865,0.7034946394292628,0.16736043804775205,0.9086185181649192,0.3826262827149315,0.35357088278966425,-0.43554495262120413,-0.28003400395897726,0.8555007602994271,-0.010418847605407846,0.0,0.0,0.0,1.0
1544581123646872000,0.8906062237341436,-0.33827110987796444,0.30396251490592774,1.0348448870630105,0.2092182756436866,0.8982094086471643,0.3865844944567618,0.4385386084321615,-0.4037923567660597,-0.2807000435333738,0.8707233878664764,0.10578271044294209,0.0,0.0,0.0,1.0
1544581123674140000,0.8840634446990966,-0.3079328955700796,0.351580940286293,0.8854312078042179,0.1642146547303054,0.9089560748481736,0.3831871620610625,0.41690915717654076,-0.4375675638328025,-0.28102701973730454,0.8541419327365893,-0.04484133981021483,0.0,0.0,0.0,1.0
1544581123747704000,0.893745618117241,-0.337086780098826,0.2959582280978751,1.2004470978861337,0.213720306653295,0.9000653591068503,0.37974462453058705,0.5110193906280827,-0.394388641596395,-0.2761428109121465,0.8764717607323644,0.11036189469710034,0.0,0.0,0.0,1.0
1544581123774997000,0.8836149094284496,-0.30597953904421565,0.3544026150045209,1.058494013035597,0.16125484872369727,0.9094907680084324,0.3831754385011252,0.4695265158128736,-0.43956975055029895,-0.28143039031654205,0.8529802868809031,-0.052911936202393414,0.0,0.0,0.0,1.0
1544581123848547000,0.8970654556713207,-0.3358505889096415,0.2871897459350738,1.3795793485886403,0.21897964042040652,0.9023480705188544,0.37123560808770834,0.5888153638488197,-0.3838248107178003,-0.27013393263332947,0.8830097242485502,0.11249434226424454,0.0,0.0,0.0,1.0
1544581123870209625,0.882421307511962,-0.30498254341564646,0.35821541600076984,1.2512155683474062,0.15859664196163614,0.9096871014647733,0.38381829371085485,0.5465247894163189,-0.44292182290712906,-0.28187767850673046,0.8510964887439522,-0.041522779377246924,0.0,0.0,0.0,1.0
1544581123875900000,0.882421307511962,-0.30498254341564646,0.35821541600076984,1.2512155683474062,0.15859664196163614,0.9096871014647733,0.38381829371085485,0.5465247894163189,-0.44292182290712906,-0.28187767850673046,0.8510964887439522,-0.041522779377246924,0.0,0.0,0.0,1.0
1544581123949403000,0.8998126744957793,-0.33879098187507517,0.2748778299842862,1.5717175479239198,0.22944495317539257,0.9033683536834726,0.36232669102006987,0.6715048806737445,-0.37106894814722713,-0.2629568180582772,0.8905961753553496,0.11271122379144353,0.0,0.0,0.0,1.0
1544581123976737000,0.8806302728967098,-0.3068683477569117,0.36100157839379415,1.4202889063394597,0.15821407508047206,0.9086429418090375,0.3864405656075091,0.5633895296753684,-0.4466079140636662,-0.28319572992113434,0.8487293736227928,-0.018450171564313333,0.0,0.0,0.0,1.0
1544581124050274000,0.902220623361644,-0.3409468538792284,0.2641082914464857,1.775903790042504,0.23810038801660754,0.9043810851325553,0.3541229420424496,0.7583677033439609,-0.3595916461867086,-0.2566127348443868,0.8971308445864613,0.1106888352039444,0.0,0.0,0.0,1.0
1544581124077570000,0.8788043144392524,-0.3085953060719513,0.3639669133222255,1.600541248251508,0.1578922301045145,0.907827616613824,0.38848302689549646,0.6452342472616374,-0.4503032540361803,-0.2839330124934815,0.8465276273228229,0.004753304445418986,0.0,0.0,0.0,1.0
1544581124151130000,0.90406910466124,-0.34212831185247855,0.2561391657400193,1.9912610633118901,0.24451059996521482,0.9055905455139013,0.34658379993947014,0.8480743920752908,-0.3505333372186886,-0.2507069646116857,0.9023704324685773,0.10614187285734109,0.0,0.0,0.0,1.0
1544581124178432000,0.8770975665862046,-0.3088928014293365,0.36781122320245935,1.7829167064927927,0.15600322538298267,0.9074651299672466,0.39008977372348097,0.7333492585621747,-0.45427178248121375,-0.28476705413138603,0.8441237305766689,0.06423856252228555,0.0,0.0,0.0,1.0
1544581124251992000,0.9053133525334605,-0.34662417501984294,0.24547793183183442,2.2160974367528663,0.2546366059794061,0.905486550194677,0.3394912462963233,0.9399456191334538,-0.33995283881725313,-0.24483829093578566,0.9080122679081679,0.09852984358301582,0.0,0.0,0.0,1.0
1544581124279304000,0.8761019790051294,-0.30991645088791625,0.36931980159792616,2.0175728248004607,0.1559428499034378,0.9070028704954659,0.39118744928356236,0.8419498527535062,-0.4562095460939942,-0.28512731609234465,0.842956264387834,0.06035870080649566,0.0,0.0,0.0,1.0
1544581124352846000,0.9054552738740059,-0.35563794307640556,0.23167304646446885,2.4505104051066917,0.26935008962079054,0.9032958806792695,0.33392676018722245,1.0326993678488696,-0.32802633466692327,-0.23995459027125596,0.9136851308698958,0.08815931820978012,0.0,0.0,0.0,1.0
1544581124380132000,0.8762919581337104,-0.31130844230117244,0.36769478900604924,2.255250598190918,0.15705887902634977,0.906095122879831,0.39284110886256524,0.9203670579072295,-0.4554612086985809,-0.2864937731354759,0.8428976244630348,0.039060747339748514,0.0,0.0,0.0,1.0
1544581124453723000,0.9025837356051075,-0.3692485424992305,0.22135517631923168,2.694082959663873,0.28587847434725133,0.8984979828375217,0.3331289130979048,1.1252113704869473,-0.32189454503922826,-0.23739605872696845,0.9165298757677733,0.07650022967500134,0.0,0.0,0.0,1.0
1544581124481020000,0.8763136365738643,-0.31218545874998516,0.3668986913301109,2.4042959445125014,0.15800806194093306,0.9057394593605966,0.39328041410530945,1.0028522291378026,-0.4550910488202958,-0.28666403873216456,0.8430396587239586,0.029574412957855324,0.0,0.0,0.0,1.0
1544581124554562000,0.9007274856287684,-0.3777075455670607,0.21453905624519298,2.9200169312815785,0.29531697001639434,0.894657597571922,0.335224805656104,1.2078888546244901,-0.3185559352032346,-0.23858917227850837,0.9173861362688296,0.06436105515903336,0.0,0.0,0.0,1.0
1544581124581881000,0.8789189086872872,-0.3118116818384855,0.3609363198972878,2.677313822606401,0.16037356499712274,0.9058602695247788,0.3920427167371002,1.12511955360049,-0.4492013708817641,-0.28668911239450284,0.8461840705380823,-0.03691426315326311,0.0,0.0,0.0,1.0
1544581124655422000,0.9006369340484458,-0.3794365981478563,0.2118513181780974,3.1518451483457217,0.29640019588196037,0.8928506309402272,0.3390644108584328,1.2913018695911367,-0.3178050297099643,-0.24258115923464205,0.9165993368290364,0.049528365260411635,0.0,0.0,0.0,1.0
1544581124682741000,0.8811037989692351,-0.3118035185672538,0.355576519544051,2.9461572670379845,0.16291819579911843,0.9059703440845446,0.3907369922555208,1.2632231330225838,-0.4439749507793661,-0.2863499632415059,0.8490523786151545,-0.016544320558117418,0.0,0.0,0.0,1.0
1544581124756299000,0.8987600837129515,-0.38747174267595275,0.2051730015180964,3.3912518446101774,0.30494537339691563,0.8886703192025187,0.3424520156347585,1.374531699497813,-0.3150216360317197,-0.245215644680663,0.9168591257307446,0.03130427223945396,0.0,0.0,0.0,1.0
1544581124783598000,0.8840656415703345,-0.3112723942359909,0.34862219949599865,3.18352753265777,0.16591074462683716,0.9063729928842058,0.38853780071892363,1.3877201534108314,-0.43692283782402824,-0.2856527513550745,0.8529366561656709,-0.0454362346484663,0.0,0.0,0.0,1.0
1544581124857161000,0.8968628545600111,-0.39571117488338764,0.19760993442353245,3.637739656949623,0.31344238826059706,0.8838277559173765,0.3472785151885248,1.4572510584192135,-0.312075134145541,-0.24952187066961232,0.9167049398282865,0.010366522830882437,0.0,0.0,0.0,1.0
1544581124869352335,0.8871063000135067,-0.31191376338671367,0.34022377442835555,3.404746937248804,0.1700544803733428,0.9061249728375321,0.3873228721688597,1.4769083898567723,-0.42909659306651765,-0.2857399828692517,0.8568715049577671,-0.061463387776214705,0.0,0.0,0.0,1.0
1544581124884458000,0.8871063000135067,-0.31191376338671367,0.34022377442835555,3.404746937248804,0.1700544803733428,0.9061249728375321,0.3873228721688597,1.4769083898567723,-0.42909659306651765,-0.2857399828692517,0.8568715049577671,-0.061463387776214705,0.0,0.0,0.0,1.0
1544581124957971000,0.9002429659920327,-0.3910825659756825,0.1913557649294665,3.8910134704226267,0.30944088437313816,0.8838956407878458,0.3506776800348396,1.539180360637756,-0.3062824533992039,-0.25648181765209804,0.9167377683687117,-0.013674787893170353,0.0,0.0,0.0,1.0
1544581124985314000,0.8886010742290478,-0.3147944448665548,0.33360543814533117,3.73429888829088,0.17522323605379336,0.9051247088875417,0.3873578176674357,1.5628037160989618,-0.42389261426193525,-0.2857511484533343,0.8594540899500024,0.018752282656717086,0.0,0.0,0.0,1.0
1544581125058830000,0.9022819717756226,-0.39022267409842976,0.1833398702632935,4.149793575489545,0.310050040197971,0.8827567078879727,0.3530008034722099,1.6225431753425363,-0.2995934177880528,-0.2616617268502611,0.917484018781699,-0.040545525594119766,0.0,0.0,0.0,1.0
1544581125086173000,0.8897908774414854,-0.3173701734750467,0.3279456775295618,3.9962131214982697,0.18023527426357142,0.9045615614000889,0.38637239491010406,1.6712421219508151,-0.41927012811914033,-0.28468325315313747,0.8620719256773819,0.017132444893630815,0.0,0.0,0.0,1.0
1544581125159727000,0.9036573356626686,-0.39230680164458054,0.17175212687604327,4.41347123896863,0.3148433614243087,0.8804412473699896,0.3545375406027095,1.70878210686869,-0.2903051454419782,-0.2663054323760126,0.9191323839452838,-0.06951149902273776,0.0,0.0,0.0,1.0
1544581125187032000,0.8897232633304472,-0.3207055792494056,0.3248698910747514,4.341290393762344,0.18437900483239314,0.9034825621375423,0.38694139412887457,1.8130170259781129,-0.4176085454892351,-0.28437157268560476,0.8629808290933719,0.09941427632614647,0.0,0.0,0.0,1.0
1544581125260583000,0.902640924674554,-0.39200138250285416,0.1776915226411061,4.681422123217876,0.31127962297437345,0.8797101566839451,0.3594649309015324,1.7973048984359237,-0.2972277870987094,-0.26915600744356977,0.9160844318257158,-0.1004825452248392,0.0,0.0,0.0,1.0
1544581125287886000,0.8883423919809004,-0.3236771082935633,0.32570066652735685,4.704252686055099,0.18674260757867273,0.9026635999438236,0.38771848531012215,1.9997763072236734,-0.419493734308828,-0.28360457489817625,0.8623186487444545,0.235189357652252,0.0,0.0,0.0,1.0
1544581125361418000,0.9059237371412006,-0.38349622008771134,0.17953504299315748,4.952786946750769,0.302161136988812,0.8825060952282151,0.3603909532419973,1.8883098123588529,-0.2966493380706352,-0.2722382064727236,0.9153608737316501,-0.13375790730483456,0.0,0.0,0.0,1.0
1544581125388741000,0.8871804457061553,-0.3277721244069239,0.324771136676879,4.980620347650162,0.19038732967758665,0.9011707278258411,0.389414925250795,2.1158691453390066,-0.42031359894114495,-0.28364899748036515,0.8619047074784612,0.2025217538763053,0.0,0.0,0.0,1.0
1544581125462257000,0.9048607353979217,-0.38510513885611863,0.18144167537183792,5.229205524822797,0.3036338094772992,0.882570656638625,0.358992403516802,1.982099579013941,-0.29838491797916583,-0.2697463031573872,0.9155344737668223,-0.16882646610031168,0.0,0.0,0.0,1.0
1544581125489587000,0.8860056167519454,-0.331549636495683,0.3241433103174876,5.357599643940713,0.19383025259379816,0.8999007000012903,0.39065146014908375,2.2590774247388246,-0.42121714146438044,-0.2832906081690106,0.8615814245094962,0.2001886587433678,0.0,0.0,0.0,1.0
1544581125563116000,0.9023268637248776,-0.3976358505572971,0.16640901824119336,5.510196705894574,0.3219183603806874,0.8783696841679094,0.3533203464061737,2.078291396470277,-0.28666147325762703,-0.26524032175810575,0.9205828433462281,-0.20484251558604485,0.0,0.0,0.0,1.0
1544581125590486000,0.8853638295699486,-0.3340630260320055,0.32331530110337836,5.581152341311645,0.19638643732792485,0.8991038630097737,0.39120916496747077,2.425596624947379,-0.4213825536527032,-0.28286770434116576,0.8616394868608825,0.13544238636190578,0.0,0.0,0.0,1.0
1544581125663975000,0.9022267047451361,-0.4021620870069188,0.1557325560663934,5.795290637186486,0.3301460054431331,0.8764163263815972,0.3505681644726608,2.174705977677824,-0.2774717793482349,-0.26487747851795207,0.9234984207021151,-0.24254543163084463,0.0,0.0,0.0,1.0
1544581125691293000,0.8832619046864243,-0.3384072945472736,0.3245441583620008,6.038127861135612,0.19929748897767208,0.8974920452756134,0.3934317470085374,2.5583083566836256,-0.4244159735647322,-0.2828224384029508,0.8601642574060542,0.2256950010784475,0.0,0.0,0.0,1.0
1544581125764843000,0.9010349085857094,-0.40777976689667894,0.1478233919906812,6.054816342280059,0.33838339678206886,0.8740615375047803,0.348587299592242,2.2620011650006258,-0.2713535890534137,-0.2640683441165819,0.9255458602054041,-0.2777515456945205,0.0,0.0,0.0,1.0
1544581125792169000,0.880756080645217,-0.34423981035688056,0.3252194326480673,6.410502038836999,0.20386812592367817,0.8954589182995212,0.39571594972937457,2.694172686110566,-0.4274418248590561,-0.28222735268452026,0.8588604122660726,0.18010362406361743,0.0,0.0,0.0,1.0
1544581125865704000,0.8996297381659413,-0.4123701679070376,0.14358683375503384,6.315558769726095,0.34389531607032,0.8717550313651917,0.3489687333764622,2.3517702437773065,-0.26907683994050535,-0.26456381065784484,0.9260689198422741,-0.3153071743553888,0.0,0.0,0.0,1.0
1544581125869652283,0.8964992906450407,-0.42369263753427333,0.12951282087959176,6.533486013187314,0.35978403410391474,0.8668087990794796,0.3452505679101835,2.784778640700206,-0.2585429764601065,-0.2629202440620402,0.929531319851842,-0.06827180208245633,0.0,0.0,0.0,1.0
1544581125893008000,0.8777233813338207,-0.34623053270594223,0.3312492778589517,6.773018966541234,0.20308442410115202,0.894938465560125,0.3972931657458942,2.961116336665812,-0.43400274486162094,-0.28144193199139794,0.8558224444179603,0.2469085984620298,0.0,0.0,0.0,1.0
1544581125966585000,0.8953372793975385,-0.42537872633702317,0.13200036098778883,6.880171070744895,0.36053983433741144,0.8662164216448385,0.3459481734722153,2.8382692668958476,-0.2614998737609001,-0.2621489081661456,0.9289218298491717,-0.1426870947742127,0.0,0.0,0.0,1.0
1544581125993862000,0.8770510316082514,-0.3457400734855804,0.3335345402519532,7.030848411585904,0.20408982396993877,0.8966800399709884,0.39282597886283777,3.1149974036617754,-0.4348894476839098,-0.2764574243962592,0.8569961848161128,0.023337832143144464,0.0,0.0,0.0,1.0
1544581126067456000,0.8923210641849235,-0.4286311891896732,0.1415571335741567,7.234947426145036,0.36094621891797785,0.865838295764238,0.34647059418786746,2.901736080932494,-0.2710736900931174,-0.2580684971900422,0.9273185565367364,-0.21447727572935965,0.0,0.0,0.0,1.0
1544581126094738000,0.8781990632953411,-0.3457134837860143,0.3305277482386579,7.416133586812157,0.20594143722302144,0.8970275404037658,0.3910622919583119,3.268614946843716,-0.43168800036797017,-0.27536117897356144,0.8589654774509827,-0.12448899811592376,0.0,0.0,0.0,1.0
1544581126168262000,0.8929533284576118,-0.42829337999846306,0.1385609391060987,7.596234935628348,0.3633021703108055,0.8674342625615311,0.33995489874657014,2.977800814631636,-0.2657929386645359,-0.25322436846367086,0.9301782264556872,-0.2784535731027343,0.0,0.0,0.0,1.0
1544581126195582000,0.8764009489637838,-0.3494409098771269,0.3313795816878481,7.959237404512959,0.20838218834207972,0.8955196448866027,0.39321931438313257,3.4077914147908035,-0.43416384031507393,-0.27556417787227205,0.8576515280907778,-0.036564445967536295,0.0,0.0,0.0,1.0
1544581126269121000,0.893502791033309,-0.42385313616234654,0.14832828921359573,7.963943896351865,0.35676924813996513,0.8706227523519834,0.33872072075487764,3.0696302264627437,-0.27270582318192615,-0.24972893715467528,0.9291216238740044,-0.3308691370378088,0.0,0.0,0.0,1.0
1544581126296440000,0.8746689838204277,-0.35488281929695964,0.33017018840346,8.464089300553843,0.2138370561859372,0.893796510218973,0.3942099843003934,3.56123251859269,-0.43500331279688853,-0.2742006252513407,0.8576631827049043,-0.12109273928893916,0.0,0.0,0.0,1.0
1544581126370003000,0.8962383014334424,-0.4230024132565649,0.13351354022278722,8.340546347221357,0.3621573967561487,0.8716019898020325,0.33038158445644256,3.1764923458754573,-0.2561228748442979,-0.24774771391934974,0.9343565396727482,-0.37963845497329546,0.0,0.0,0.0,1.0
1544581126397320000,0.8717005090482889,-0.36070464544021785,0.331708277380581,8.85905727082148,0.21805953062885317,0.8917091720107488,0.39661668352936164,3.6839716855765072,-0.4388487935802836,-0.27339881365827534,0.8559584248451434,-0.06671333145037345,0.0,0.0,0.0,1.0
1544581126470862000,0.8966550326295674,-0.4216790760494034,0.13489443755096048,8.723242565741302,0.3619832918770837,0.8736898514967492,0.3250140609164796,3.2972708404369424,-0.25490753002196115,-0.24259596083553062,0.9360391823659908,-0.42426163008087747,0.0,0.0,0.0,1.0
1544581126498180000,0.8699469309986926,-0.3613785900635743,0.33555603390434124,9.208859054334612,0.2173251103852907,0.8917441688340113,0.3969409701033163,3.9219519131387894,-0.44267610466566837,-0.27239282662031405,0.8543067448895781,-0.03482203445326188,0.0,0.0,0.0,1.0
1544581126571719000,0.893653210368342,-0.42616752691958404,0.1405886858804882,9.11020561374988,0.3654140538702005,0.8729038492972637,0.3232822901369196,3.4322413658386104,-0.2604928191572721,-0.23752917480021424,0.9358009309069061,-0.4666904575917809,0.0,0.0,0.0,1.0
1544581126599043000,0.8686123986377486,-0.36318359303409936,0.33706109043259835,9.59818380177841,0.21822849794016094,0.8911327298204926,0.3978175216471242,4.1399092455683535,-0.4448469665171975,-0.2719928962188563,0.8533059479383276,-0.10195464052400735,0.0,0.0,0.0,1.0
1544581126672575000,0.896059983739304,-0.41490002851393953,0.15790652893485488,9.503931597065069,0.3505183799769786,0.8795121648596619,0.3218621089258343,3.5772710294201198,-0.2724213112798538,-0.23305861538034725,0.9335257419897777,-0.5075557330189028,0.0,0.0,0.0,1.0
1544581126699896000,0.8652777709601276,-0.36851760687466084,0.3398369498827883,10.112303580344095,0.22058983610817615,0.8886665490437325,0.4020098118410453,4.348170262128274,-0.45014942328968105,-0.2728855768157753,0.8502346491868514,-0.09653393516619263,0.0,0.0,0.0,1.0
1544581126773460000,0.8862296353160982,-0.42446647701594603,0.18554040901422936,9.906648928853786,0.35307185474714214,0.8782015813262632,0.32264879969010507,3.7313422009511377,-0.29989547991410037,-0.22043183174334166,0.9281554334708007,-0.5469007866879375,0.0,0.0,0.0,1.0
1544581126800748000,0.8619472104016842,-0.3731406917054954,0.34323902848349797,10.539120206725007,0.2223616524279285,0.8866432616983244,0.40548615514525277,4.476370960306274,-0.4556339561646748,-0.2731844627326081,0.8472118668380562,-0.0785641951358419,0.0,0.0,0.0,1.0
1544581126870152013,0.8619472104016842,-0.3731406917054954,0.34323902848349797,10.539120206725007,0.2223616524279285,0.8866432616983244,0.40548615514525277,4.476370960306274,-0.4556339561646748,-0.2731844627326081,0.8472118668380562,-0.0785641951358419,0.0,0.0,0.0,1.0
1544581126874306000,0.881371820018502,-0.4259105150310186,0.2044112229386801,10.280438033879244,0.3510646587132583,0.8800141827898427,0.3198884860248511,3.879168011369807,-0.3161286451427919,-0.21017914091255901,0.925141831529331,-0.5793134635000674,0.0,0.0,0.0,1.0
1544581126901587000,0.8566993756324655,-0.3723785068941535,0.3569319646574367,10.978190060461255,0.21570690940500026,0.887198852846224,0.40785870683766023,4.739639167771784,-0.4685474458642161,-0.27241960852997943,0.8403873201461891,0.013243758537531982,0.0,0.0,0.0,1.0
1544581126975123000,0.8795443809522082,-0.42267474595319143,0.2185125650135547,10.66681171773912,0.34689742223806763,0.8839464586752167,0.3135296423627713,4.036848674395964,-0.3256744699542491,-0.1999617896723008,0.924094920606686,-0.6081961361368918,0.0,0.0,0.0,1.0
1544581127002446000,0.8525268893128016,-0.3734206293588267,0.36572522003259367,11.366849741042572,0.21290176254197815,0.887120305939161,0.4095001859546953,4.8926300770877305,-0.4773580862467411,-0.2712463757539801,0.8357958250285649,-0.030213274744116596,0.0,0.0,0.0,1.0
1544581127076008000,0.8738770454057292,-0.42897393160712266,0.22873625754235413,11.065570431074923,0.3531593789677801,0.8835106430572763,0.3077131726975835,4.20543649928805,-0.3340918474911438,-0.18812312352831498,0.9235758376191474,-0.6332384969656232,0.0,0.0,0.0,1.0
1544581127103314000,0.8466256286246929,-0.38642295236291196,0.3659266959965744,11.940865550597193,0.22145987614476043,0.8810373275151053,0.4180056827161442,4.990448150463347,-0.4839220683269019,-0.27285624312478785,0.8314859604190797,-0.008212850587505425,0.0,0.0,0.0,1.0
1544581127176865000,0.8727708146253014,-0.4231145094101333,0.24340340397149307,11.476342774139889,0.34667968565684,0.8883336576417906,0.3011254028700222,4.385448782447552,-0.3436339632387368,-0.17843044759059978,0.9219968951582547,-0.6530696857885111,0.0,0.0,0.0,1.0
1544581127204162000,0.8430801977191239,-0.39358455364625755,0.3664791663177495,12.337764118514121,0.22649209675786647,0.8779326716925275,0.42182407954151685,5.204238001025734,-0.48776747566858353,-0.2726268935851688,0.8293114412414672,-0.0824000835023694,0.0,0.0,0.0,1.0
1544581127277721000,0.8660250550275544,-0.43595393972498087,0.24483620341524331,11.897602289316024,0.36136514339824644,0.8841554539679947,0.29611546118940923,4.574584631616308,-0.3455659664974067,-0.16796813881483616,0.9232393336192922,-0.6671208953967837,0.0,0.0,0.0,1.0
1544581127305017000,0.8384472990546111,-0.40291573253385543,0.3669673543855453,12.908902721484058,0.2334121137698902,0.8739613276070457,0.42627500864207873,5.40576424814036,-0.4924681835951353,-0.2717545037787586,0.826815927412183,-0.03739357902299885,0.0,0.0,0.0,1.0
1544581127378558000,0.8544524440333198,-0.4600001176283621,0.24147652612082582,12.328213967309473,0.3862069433349052,0.873290341712353,0.2969986127776262,4.76974718752708,-0.347498514824736,-0.16051127952209276,0.9238403061897585,-0.6757721678231362,0.0,0.0,0.0,1.0
1544581127405899000,0.8372557872694976,-0.4098645029328758,0.36195833450732606,13.417557907673087,0.24082563077885913,0.8706805472199861,0.4288570860469392,5.653841372911385,-0.4909233771615445,-0.27189423298094134,0.8276882044755799,-0.11827687003566238,0.0,0.0,0.0,1.0
1544581127479416000,0.8398095708760273,-0.48508620640829936,0.24374424509602444,12.767802314933983,0.40861630862738346,0.8604183708288843,0.3044879955990097,4.966851390321581,-0.35742495294642784,-0.15611405924059998,0.9208017178082748,-0.6800658686833276,0.0,0.0,0.0,1.0
1544581127506752000,0.8326924251022834,-0.4231316382718019,0.3571875443946661,13.816900123206173,0.25214616755227937,0.864034219639874,0.4357375098382222,5.757110233089797,-0.4929965875804509,-0.27277185335869636,0.82616577068364,-0.10557447431085962,0.0,0.0,0.0,1.0
1544581127580273000,0.8368171353721879,-0.49947131749797163,0.22419965420206564,13.217121605518917,0.4259115400949411,0.8512174506146359,0.30664019922880104,5.167233870889413,-0.34400064238521466,-0.16111255309864708,0.9250439466709673,-0.6788143184530011,0.0,0.0,0.0,1.0
1544581127607626000,0.8236470865022992,-0.4358007715473795,0.3628817499061867,14.255973867441377,0.25843165648441235,0.85802056877484,0.44386234632600274,5.962264085142668,-0.5047955584422192,-0.2718057966232695,0.8193308569186183,0.04381308455927425,0.0,0.0,0.0,1.0
1544581127681176000,0.8365681387496721,-0.5085416554521066,0.20381151561907362,13.675401862396855,0.4378270270239916,0.8441900683636289,0.3092743488935796,5.372186883412279,-0.3293345466789733,-0.16949487646016545,0.9288757953663719,-0.6712176562548454,0.0,0.0,0.0,1.0
1544581127708477000,0.8190464346979054,-0.4439125850010585,0.3634619026615083,14.663706600671391,0.26410299448382596,0.8541190532666504,0.44802929720226736,6.176873274599465,-0.50932557967701,-0.27096542164003334,0.816801808373436,-0.02939676251525598,0.0,0.0,0.0,1.0
1544581127782031000,0.8326848628397894,-0.5158753814352846,0.20126726019519622,14.141288568792538,0.4419299707817964,0.8381028697340893,0.31981475992875674,5.581812461148232,-0.33366722961999257,-0.17735887508802153,0.9258563653749075,-0.6572773704148899,0.0,0.0,0.0,1.0
1544581127809357000,0.8200944577628365,-0.4430683055210279,0.3621264378492616,15.027782276774591,0.26447515797870513,0.8546700448423052,0.4467572106428624,6.435173881943665,-0.5074425791740483,-0.27060966555534827,0.8180907270891228,-0.08336020345685574,0.0,0.0,0.0,1.0
1544581127869724797,0.8200944577628365,-0.4430683055210279,0.3621264378492616,15.027782276774591,0.26447515797870513,0.8546700448423052,0.4467572106428624,6.435173881943665,-0.5074425791740483,-0.27060966555534827,0.8180907270891228,-0.08336020345685574,0.0,0.0,0.0,1.0
1544581127882897000,0.8351033295626696,-0.5081985367955532,0.21056276060168744,14.613554541882834,0.4283155934137915,0.8408991940820696,0.3308085516287634,5.797987146094878,-0.345178477590848,-0.18607200915502697,0.9199070746641097,-0.6371531169003938,0.0,0.0,0.0,1.0
1544581127910188000,0.8192035558517302,-0.44433175424101085,0.36259457559784347,15.499842987603614,0.26528451168021444,0.8541274018620213,0.44731477647292656,6.69909494375028,-0.5084581221127904,-0.2702511305462765,0.8175785372036088,-0.08359862882048856,0.0,0.0,0.0,1.0
1544581127983702000,0.8413599532541568,-0.49440679259540077,0.21834686280249746,15.093387500563933,0.4106659173344579,0.8474406508053104,0.33644887828988657,6.024138400048419,-0.35137861830226913,-0.19340699780050355,0.9160386453648057,-0.6117514164805009,0.0,0.0,0.0,1.0
1544581128011042000,0.818000190612546,-0.44613795211804735,0.36309312281802436,16.073346324604927,0.26624625492614296,0.8531965507314444,0.44851820203618376,7.0253007879924345,-0.5098907921267395,-0.27021579061905987,0.8166975000601404,-0.023825445309561953,0.0,0.0,0.0,1.0
1544581128084597000,0.8478813298507138,-0.4775461759940165,0.230319127047837,15.533445030491855,0.39008117913557144,0.8560965319658479,0.33902124069186823,6.237181236459863,-0.35907370298420316,-0.19760662374916416,0.9121500414272159,-0.5848601696055988,0.0,0.0,0.0,1.0
1544581128111879000,0.817258794147075,-0.4473789054991593,0.3632357062619762,16.490904866079255,0.26727993956687074,0.8526950358368128,0.44885700369314413,7.252308328237584,-0.510538438606138,-0.26974671596449906,0.8164479235885007,-0.08479772626751231,0.0,0.0,0.0,1.0
1544581128185428000,0.8483564604769214,-0.46884727266982723,0.24591370615957353,15.983503750627037,0.376542188604048,0.8608548982911305,0.34226426090003165,6.45813369542746,-0.372165683759728,-0.1977652117998414,0.9068525926706167,-0.5544692681911549,0.0,0.0,0.0,1.0
1544581128212762000,0.8181012274895356,-0.44657304413942966,0.36232981912637585,17.031302785654333,0.2674175546957033,0.8532131655724372,0.4477891753207461,7.5241183596230465,-0.5091151471137748,-0.2694435197623185,0.8174362095218273,-0.058430220453433594,0.0,0.0,0.0,1.0
1544581128286274000,0.846670876753426,-0.46772552634154535,0.25373462212735515,16.445242766410242,0.3728682244704232,0.8616832463696793,0.34419655737105803,6.687292484296691,-0.3796283888724085,-0.1968116229655637,0.9039620962340198,-0.5188509240417972,0.0,0.0,0.0,1.0
1544581128313615000,0.8166595350883806,-0.44588183292535033,0.3664104185423124,17.451623754532736,0.26535629002651856,0.8539100095937603,0.4476870948094765,7.8853897772169494,-0.5124970664233952,-0.2683786254207242,0.815671300417451,0.033076226065446815,0.0,0.0,0.0,1.0
1544581128387158000,0.8463328060732151,-0.4619705998612804,0.265148913307311,16.92123922023577,0.36459383315891647,0.865328709995497,0.34391504834772857,6.9273083629321235,-0.38831960829544426,-0.19439492925830454,0.9007877071163521,-0.4774906867140187,0.0,0.0,0.0,1.0
1544581128414479000,0.8161555276750913,-0.44747348019142635,0.3655921760250896,18.01447891277481,0.26733276501153,0.8533194209554914,0.44763730694779885,8.11923526449971,-0.512272727555038,-0.2676068951756699,0.8160656850142397,-0.025844544160855493,0.0,0.0,0.0,1.0
1544581128488009000,0.8473231899677479,-0.45680431153737977,0.2708749392316376,17.41331812936155,0.3595564486382337,0.868807066058476,0.34043125915451533,7.180156250186264,-0.3908485281864878,-0.19106046929631576,0.9004073106581991,-0.4305434465510019,0.0,0.0,0.0,1.0
1544581128515319000,0.8166371824165515,-0.4473272852127333,0.3646944093332868,18.567865615558397,0.2683680772457743,0.8537310605627306,0.44623071537697157,8.390882469283323,-0.5109621193495231,-0.2665362566981159,0.8172368912715574,-0.03247157428520458,0.0,0.0,0.0,1.0
1544581128588874000,0.8515046555493153,-0.4490367823918387,0.2707504194586389,17.921522904337447,0.3550091093858054,0.873715214128287,0.3325511341942223,7.445363489961091,-0.3858864519919574,-0.18704997369674017,0.9033847206528955,-0.37873275129146344,0.0,0.0,0.0,1.0
1544581128616198000,0.8158358782463087,-0.44738206948600806,0.3664165712252709,19.09347585233044,0.26748187683965535,0.8537123446550827,0.4467982521741319,8.620043971639463,-0.5127038768415978,-0.26650425228491337,0.8161557560819228,0.06501536811222831,0.0,0.0,0.0,1.0
1544581128689717000,0.8582683726016639,-0.43922115463842604,0.26544336102035426,18.442643337286686,0.35079868249868806,0.8796272295419877,0.3212416869048568,7.7214433516810335,-0.3745873528949937,-0.18259439850768047,0.909034433167822,-0.32203625972590155,0.0,0.0,0.0,1.0
1544581128717035000,0.815466729564839,-0.44707402117345785,0.3676123400603046,19.427900738914165,0.26724388675959515,0.8541964249870118,0.44601476716476,8.79862913388444,-0.5134147621197162,-0.26546805293896547,0.816046564177774,-0.05760680958611243,0.0,0.0,0.0,1.0
1544581128790588000,0.851566573191842,-0.4542755782146996,0.2616640412055252,18.978297961301696,0.3664519059610206,0.8727341621635503,0.32256485054981765,8.00821973266449,-0.3748964817650882,-0.17879815779361877,0.9096613912493869,-0.2605449810869067,0.0,0.0,0.0,1.0
1544581128817878000,0.8138497049569302,-0.44638624630893836,0.372005345187037,20.124188373534555,0.26390719108969846,0.8543145950714133,0.4477717801951289,9.205497106236296,-0.5176887600022407,-0.26624404548118147,0.8130882215437368,0.2814401258121947,0.0,0.0,0.0,1.0
1544581128869406977,0.8510014647313717,-0.4524690593181987,0.2665863038206531,19.53133222238658,0.36432835618618514,0.8742585164684074,0.320837802107442,8.305098707745822,-0.37823452500231425,-0.17590848968189862,0.9088425866750012,-0.1930875661151951,0.0,0.0,0.0,1.0
