1544581121858695000,0.9933794417676167,-0.0883298433753455,0.07345150401959263,6.723499792645503e-05,-0.04529714889428119,0.2864091874348824,0.9570360210853834,1.6792820111108724e-05,-0.10557202742915685,-0.9540270520913827,0.2805119086639994,0.00010070350018222771,0.0,0.0,0.0,1.0
1544581121870111143,0.9933794417676167,-0.0883298433753455,0.07345150401959263,6.723499792645503e-05,-0.04529714889428119,0.2864091874348824,0.9570360210853834,1.6792820111108724e-05,-0.10557202742915685,-0.9540270520913827,0.2805119086639994,0.00010070350018222771,0.0,0.0,0.0,1.0
1544581121932267000,0.9933794417676167,-0.0883298433753455,0.07345150401959263,6.723499792645503e-05,-0.04529714889428119,0.2864091874348824,0.9570360210853834,1.6792820111108724e-05,-0.10557202742915685,-0.9540270520913827,0.2805119086639994,0.00010070350018222771,0.0,0.0,0.0,1.0
1544581121959578000,0.993526682355382,-0.08754999478411532,0.07238597834670817,0.007841207792646788,-0.04567461542068462,0.2755660733184274,0.9601964219585665,0.011962459677337238,-0.10401231155051387,-0.9572869672408387,0.26978343425191054,-0.004499809911831837,0.0,0.0,0.0,1.0
1544581122033144000,0.993526682355382,-0.08754999478411532,0.07238597834670817,0.007841207792646788,-0.04567461542068462,0.2755660733184274,0.9601964219585665,0.011962459677337238,-0.10401231155051387,-0.9572869672408387,0.26978343425191054,-0.004499809911831837,0.0,0.0,0.0,1.0
1544581122060442000,0.993558980726098,-0.08737010617707623,0.07215965884845121,0.009056433935942725,-0.045804593441152605,0.2727985305035025,0.9609801772018083,0.013258325636320161,-0.10364598901167918,-0.9580957291950198,0.2670394777182849,-0.005159513336018617,0.0,0.0,0.0,1.0
1544581122133957000,0.9935943047079534,-0.08741871146728203,0.0716123350919448,0.012683740985891808,-0.045833367738407446,0.2675022641241005,0.9624665402445095,0.01603366502373097,-0.10329404655485683,-0.9595835073477875,0.261782032180291,-0.006587175328075722,0.0,0.0,0.0,1.0
1544581122161299000,0.9935642062670451,-0.08812113152255248,0.07116764857797903,0.018794170004444707,-0.04595021489081155,0.2607104874087093,0.9643228813559277,0.01920503731169262,-0.10353137580666961,-0.961386866944986,0.25498342355784676,-0.007804859404359389,0.0,0.0,0.0,1.0
1544581122234837000,0.9935642062670451,-0.08812113152255248,0.07116764857797903,0.018794170004444707,-0.04595021489081155,0.2607104874087093,0.9643228813559277,0.01920503731169262,-0.10353137580666961,-0.961386866944986,0.25498342355784676,-0.007804859404359389,0.0,0.0,0.0,1.0
1544581122262159000,0.9934906703419303,-0.08915841885660997,0.07090179328145443,0.023629090450420602,-0.045991720869004285,0.2554867381183723,0.9657180169475678,0.014702182000515067,-0.10421635934460663,-0.9626927355042344,0.24972314160352146,-0.010193813903907969,0.0,0.0,0.0,1.0
1544581122335705000,0.9934210599142974,-0.08995339103043186,0.07087302138949686,0.02684051203189092,-0.04615034603331791,0.2519330128318473,0.9666436275104043,0.023083190197767337,-0.10480812601967004,-0.963554951462339,0.24612418051189258,-0.0084088451051743,0.0,0.0,0.0,1.0
1544581122363013000,0.9933767512155914,-0.09038995920770079,0.07093860316350627,0.02885464535869576,-0.04629995826251422,0.250153050204512,0.9670986326834852,0.023995655465807546,-0.10516151391668098,-0.9639777522058334,0.24431117298016203,-0.008482633112323529,0.0,0.0,0.0,1.0
1544581122436564000,0.9932371823657671,-0.09195790239350064,0.07087766752296587,0.03799194850026526,-0.04644970526688684,0.24475758201520723,0.9684710377325122,0.027491961657890942,-0.10640641168053787,-0.9652136914867363,0.23883091366030332,-0.008779633500361086,0.0,0.0,0.0,1.0
1544581122463873000,0.992936683116787,-0.09542603688577124,0.07050258722421548,0.05427046980385165,-0.04607989050393427,0.2374124780538523,0.9703153914864341,0.03295035190717451,-0.10933154628092466,-0.9667104978992438,0.2313383371584097,-0.009298250913520727,0.0,0.0,0.0,1.0
1544581122537386000,0.992936683116787,-0.09542603688577124,0.07050258722421548,0.05427046980385165,-0.04607989050393427,0.2374124780538523,0.9703153914864341,0.03295035190717451,-0.10933154628092466,-0.9667104978992438,0.2313383371584097,-0.009298250913520727,0.0,0.0,0.0,1.0
1544581122564729000,0.9924684605765536,-0.1000612998829026,0.07066888301475534,0.08835783044181521,-0.046127202920611524,0.2291700661984452,0.9722928375285507,0.041912570873250427,-0.11348407778860393,-0.9682297335985621,0.22282851492599975,-0.011413833010069816,0.0,0.0,0.0,1.0
1544581122638273000,0.9925078337771234,-0.09970428535372738,0.07062050249851766,0.07724286832138338,-0.046150697053844614,0.22925226445168126,0.9722723447703424,0.04057992677168173,-0.11312962941902119,-0.9682471041660174,0.22293324611110885,-0.009774657691942036,0.0,0.0,0.0,1.0
1544581122665587000,0.9919683456333906,-0.10469923440829827,0.07097092063420268,0.10861408451517186,-0.04635881684709417,0.2211062003544816,0.9741472723697073,0.051129928580025505,-0.11768458421512822,-0.9696133860870122,0.21447661914295707,-0.010195168478861847,0.0,0.0,0.0,1.0
1544581122739101000,0.9919683456333906,-0.10469923440829827,0.07097092063420268,0.10861408451517186,-0.04635881684709417,0.2211062003544816,0.9741472723697073,0.051129928580025505,-0.11768458421512822,-0.9696133860870122,0.21447661914295707,-0.010195168478861847,0.0,0.0,0.0,1.0
1544581122766428000,0.9913631304811727,-0.10978317276143225,0.07174119110387493,0.14975058387805298,-0.04704557120479699,0.21292445929148865,0.9759353917475478,0.06574839520296642,-0.12241673804093621,-0.9708814704246148,0.20592064644798666,-0.010752207224286594,0.0,0.0,0.0,1.0
1544581122839961000,0.9913631304811727,-0.10978317276143225,0.07174119110387493,0.14975058387805298,-0.04704557120479699,0.21292445929148865,0.9759353917475478,0.06574839520296642,-0.12241673804093621,-0.9708814704246148,0.20592064644798666,-0.010752207224286594,0.0,0.0,0.0,1.0
1544581122867287000,0.9908469764408679,-0.11365185854040717,0.07283903025371218,0.18824673416559007,-0.048212193415601144,0.206054470728071,0.977352106202789,0.08035068496298092,-0.126086691145604,-0.9719181087639444,0.19868904391703954,-0.023675115877168352,0.0,0.0,0.0,1.0
1544581122869511598,0.9908469764408679,-0.11365185854040717,0.07283903025371218,0.18824673416559007,-0.048212193415601144,0.206054470728071,0.977352106202789,0.08035068496298092,-0.126086691145604,-0.9719181087639444,0.19868904391703954,-0.023675115877168352,0.0,0.0,0.0,1.0
1544581122940831000,0.9907138384917977,-0.11495039129608078,0.07261196706965063,0.2015799554987331,-0.04784710784753727,0.2051324204282148,0.9775639847907088,0.08509132555325562,-0.12726643112569833,-0.9719604403627439,0.19772748387208988,-0.011521462256048911,0.0,0.0,0.0,1.0
1544581122968135000,0.9901111884719408,-0.11932553373705823,0.07376483892102251,0.26520463608742134,-0.04903690364677202,0.1982641641949754,0.9789211935987536,0.10933736345449963,-0.1314352180483425,-0.9728580257131231,0.19045221254201716,-0.012700818313810648,0.0,0.0,0.0,1.0
1544581123041700000,0.9901111884719408,-0.11932553373705823,0.07376483892102251,0.26520463608742134,-0.04903690364677202,0.1982641641949754,0.9789211935987536,0.10933736345449963,-0.1314352180483425,-0.9728580257131231,0.19045221254201716,-0.012700818313810648,0.0,0.0,0.0,1.0
1544581123069035000,0.9897509322661082,-0.12188101701727339,0.07441847733731555,0.3338899484630416,-0.04991182046667556,0.19301082231226838,0.9799263404195454,0.1295738821507182,-0.1337979904784521,-0.9735973706626233,0.18494933788135373,-0.013134564760627531,0.0,0.0,0.0,1.0
1544581123142585000,0.9895379932561563,-0.12334213226124821,0.07484168832828243,0.3421979980901154,-0.05025247607205583,0.19159761151812352,0.9801862291978886,0.13936047855729772,-0.135237748248062,-0.9736924944097062,0.18339486846418335,-0.014461278598930337,0.0,0.0,0.0,1.0
1544581123169846000,0.9890632611105145,-0.126637159429311,0.07561015390215049,0.4339689882167762,-0.05109515794151166,0.1867047123941415,0.9810864565392545,0.17671044700727595,-0.1383587740490779,-0.9742198828916874,0.1781922260429457,-0.016779771852554973,0.0,0.0,0.0,1.0
1544581123243441000,0.9890632611105145,-0.126637159429311,0.07561015390215049,0.4339689882167762,-0.05109515794151166,0.1867047123941415,0.9810864565392545,0.17671044700727595,-0.1383587740490779,-0.9742198828916874,0.1781922260429457,-0.016779771852554973,0.0,0.0,0.0,1.0
1544581123270707000,0.9889560690457532,-0.12737826783277198,0.07576721178382313,0.45134541413070767,-0.051270411277700434,0.18562668588171688,0.981281854726758,0.18396410320485423,-0.13905839933275307,-0.9743292617860234,0.17704590139994614,-0.01723427734547984,0.0,0.0,0.0,1.0
1544581123344274000,0.9886193586605896,-0.1298205169600587,0.07601576848096613,0.5268566383649753,-0.05151969563779815,0.18257543068670512,0.9818410935945561,0.21611541502273057,-0.14134173001246975,-0.9745834215118715,0.1738092916713466,-0.019280711850398525,0.0,0.0,0.0,1.0
1544581123371593000,0.9886536434332199,-0.1280591996443323,0.07851633405011983,0.635467671299959,-0.05443263682459248,0.18175324599436277,0.9818364658225063,0.26377275135045564,-0.14000379057203863,-0.9749700502871687,0.17272040895185314,-0.02277475442935993,0.0,0.0,0.0,1.0
1544581123445132000,0.9886536434332199,-0.1280591996443323,0.07851633405011983,0.635467671299959,-0.05443263682459248,0.18175324599436277,0.9818364658225063,0.26377275135045564,-0.14000379057203863,-0.9749700502871687,0.17272040895185314,-0.02277475442935993,0.0,0.0,0.0,1.0
1544581123472434000,0.9891471265458838,-0.12316556428819916,0.08011370556647583,0.7580108374848809,-0.056717492695890846,0.18291596473847835,0.9814911491532083,0.3188630111303466,-0.13553998697179437,-0.9753829984254209,0.17394515892753082,-0.02716876952966108,0.0,0.0,0.0,1.0
1544581123545988000,0.9891471265458838,-0.12316556428819916,0.08011370556647583,0.7580108374848809,-0.056717492695890846,0.18291596473847835,0.9814911491532083,0.3188630111303466,-0.13553998697179437,-0.9753829984254209,0.17394515892753082,-0.02716876952966108,0.0,0.0,0.0,1.0
1544581123573283000,0.9900525298180818,-0.11527827758808457,0.08066540099162983,0.9037058528934859,-0.057929256092453106,0.18848796990035865,0.9803654861792203,0.405658679244493,-0.1282193023276555,-0.9752862164099161,0.17993500657582612,-0.024522655730331827,0.0,0.0,0.0,1.0
1544581123646872000,0.9898462379277015,-0.11569607456357502,0.08257628952040785,0.8950658959236617,-0.059959978323871455,0.18686355705917676,0.9805543391585144,0.3814412599303512,-0.12887678712545306,-0.9755492962294491,0.1780290548378261,-0.031948691343477297,0.0,0.0,0.0,1.0
1544581123674140000,0.9908480183528052,-0.10740321575563383,0.08176034351485,1.0462222820406009,-0.0598218252190865,0.19357270347765754,0.9792604136264309,0.45112872057819375,-0.12100228821710264,-0.975189293272694,0.1853760732471303,-0.036627355994242515,0.0,0.0,0.0,1.0
1544581123747704000,0.9908480183528052,-0.10740321575563383,0.08176034351485,1.0462222820406009,-0.0598218252190865,0.19357270347765754,0.9792604136264309,0.45112872057819375,-0.12100228821710264,-0.975189293272694,0.1853760732471303,-0.036627355994242515,0.0,0.0,0.0,1.0
1544581123774997000,0.9915067224080737,-0.10276195971225918,0.07971448460408445,1.1418326435504431,-0.05800731031516746,0.19915897429430204,0.978248871662033,0.4816833177833036,-0.11640262612844442,-0.9745643552860642,0.19150651695507495,-0.037070688767037493,0.0,0.0,0.0,1.0
1544581123848547000,0.9917134452170332,-0.10004099380784338,0.08059926881616081,1.2107296389652007,-0.059082745866569066,0.20193619115615224,0.9776149568425245,0.5276121779076095,-0.11407748119864403,-0.9742759230624998,0.19435213923208666,-0.04105967417002418,0.0,0.0,0.0,1.0
1544581123870209625,0.9918992697304478,-0.09851084639546383,0.08019633314966253,1.2513472761613926,-0.058689656139898586,0.20450509831228592,0.9771044923786106,0.5466124452007753,-0.1126559495560831,-0.9738959276569202,0.19706688997111016,-0.042042583730355174,0.0,0.0,0.0,1.0
1544581123875900000,0.9918992697304478,-0.09851084639546383,0.08019633314966253,1.2513472761613926,-0.058689656139898586,0.20450509831228592,0.9771044923786106,0.5466124452007753,-0.1126559495560831,-0.9738959276569202,0.19706688997111016,-0.042042583730355174,0.0,0.0,0.0,1.0
1544581123883328134,0.9918992697304478,-0.09851084639546383,0.08019633314966253,1.2513472761613926,-0.058689656139898586,0.20450509831228592,0.9771044923786106,0.5466124452007753,-0.1126559495560831,-0.9738959276569202,0.19706688997111016,-0.042042583730355174,0.0,0.0,0.0,1.0
1544581123949403000,0.9918992697304478,-0.09851084639546383,0.08019633314966253,1.2513472761613926,-0.058689656139898586,0.20450509831228592,0.9771044923786106,0.5466124452007753,-0.1126559495560831,-0.9738959276569202,0.19706688997111016,-0.042042583730355174,0.0,0.0,0.0,1.0
1544581123976737000,0.992381102760565,-0.0915429008365557,0.08245995507002625,1.5024226173741326,-0.06108228378835164,0.21568560715013668,0.9745504981659379,0.6489571187393246,-0.10699860508867028,-0.9721623404425346,0.20845067122552768,-0.023909558823242288,0.0,0.0,0.0,1.0
1544581124050274000,0.9928362364571636,-0.09094985088960089,0.07748762611369463,1.569663190836536,-0.05611234644833789,0.21764364484521098,0.974414002585429,0.6959711639779549,-0.1054874976176711,-0.9717815436000271,0.21098108769439636,-0.04935212730826325,0.0,0.0,0.0,1.0
1544581124077570000,0.993551296615395,-0.08203175590159408,0.07827267733743182,1.7704152687710888,-0.05758572659552339,0.22959308139324963,0.9715816492034093,0.789685071101543,-0.09767141386472351,-0.9698235963308243,0.22338864544468737,-0.053322787255189394,0.0,0.0,0.0,1.0
1544581124151130000,0.993551296615395,-0.08203175590159408,0.07827267733743182,1.7704152687710888,-0.05758572659552339,0.22959308139324963,0.9715816492034093,0.789685071101543,-0.09767141386472351,-0.9698235963308243,0.22338864544468737,-0.053322787255189394,0.0,0.0,0.0,1.0
1544581124178432000,0.9947533993975872,-0.07219832485987483,0.07247810893207954,1.9827823015177795,-0.05298800588830634,0.24240799277806865,0.9687262958489834,0.8871209001349083,-0.08750968871458344,-0.967484246344475,0.2373105295943292,-0.05767967391758698,0.0,0.0,0.0,1.0
1544581124251992000,0.9947533993975872,-0.07219832485987483,0.07247810893207954,1.9827823015177795,-0.05298800588830634,0.24240799277806865,0.9687262958489834,0.8871209001349083,-0.08750968871458344,-0.967484246344475,0.2373105295943292,-0.05767967391758698,0.0,0.0,0.0,1.0
1544581124279304000,0.9955764652564324,-0.06749305914952522,0.06536198278923261,2.2089155624433356,-0.046368664782275505,0.2520960253365958,0.9665906791066219,1.0024833680004295,-0.08171565794760607,-0.965345679524247,0.2478513067749711,-0.07012480805251459,0.0,0.0,0.0,1.0
1544581124352846000,0.9958979178769416,-0.06459120892879675,0.06336649664837578,2.2063939628712177,-0.04503691523726109,0.2535510114391257,0.9662730260460087,0.9870583104742582,-0.07847938222414896,-0.9651631262783067,0.2496019355662196,-0.061438721860931064,0.0,0.0,0.0,1.0
1544581124380132000,0.9964177333545415,-0.06379908073666388,0.05551016081543413,2.439922034280081,-0.03708462118331796,0.26027943246994617,0.9648208890280172,1.0892354328186198,-0.07600283894887522,-0.9634232166240735,0.2569810773995461,-0.06330777595380002,0.0,0.0,0.0,1.0
1544581124453723000,0.9964177333545415,-0.06379908073666388,0.05551016081543413,2.439922034280081,-0.03708462118331796,0.26027943246994617,0.9648208890280172,1.0892354328186198,-0.07600283894887522,-0.9634232166240735,0.2569810773995461,-0.06330777595380002,0.0,0.0,0.0,1.0
1544581124481020000,0.9965919614342966,-0.06250179402278566,0.0538329652580667,2.4817547132465583,-0.03565481848458673,0.26210658766085826,0.9643800447041662,1.1072813657454912,-0.0743854577412432,-0.9630128049245826,0.25898482818094315,-0.06343194366312006,0.0,0.0,0.0,1.0
1544581124554562000,0.9967522983128324,-0.06333914889976745,0.04972934772084929,2.6518255602914054,-0.03127073057808646,0.2646386548988122,0.9638405074193853,1.1794946461436542,-0.07420914510490607,-0.9622653140116817,0.26179852603251696,-0.06374651800903468,0.0,0.0,0.0,1.0
1544581124581881000,0.997201491057831,-0.05680583384190312,0.048603327803398766,2.876295995351268,-0.031647859598881445,0.2682393760198033,0.9628323063417206,1.2723365405906273,-0.06773181833413425,-0.9616760028169742,0.26569092267354344,-0.06453693981287925,0.0,0.0,0.0,1.0
1544581124655422000,0.997201491057831,-0.05680583384190312,0.048603327803398766,2.876295995351268,-0.031647859598881445,0.2682393760198033,0.9628323063417206,1.2723365405906273,-0.06773181833413425,-0.9616760028169742,0.26569092267354344,-0.06453693981287925,0.0,0.0,0.0,1.0
1544581124682741000,0.9975715707133256,-0.05500327198141162,0.04272705671924097,3.1092668136581203,-0.02628043660066036,0.27085600957183703,0.9622610668269286,1.3646930004600784,-0.06450038725952892,-0.9610471695760598,0.26875274490358364,-0.0641188410519669,0.0,0.0,0.0,1.0
1544581124756299000,0.9975715707133256,-0.05500327198141162,0.04272705671924097,3.1092668136581203,-0.02628043660066036,0.27085600957183703,0.9622610668269286,1.3646930004600784,-0.06450038725952892,-0.9610471695760598,0.26875274490358364,-0.0641188410519669,0.0,0.0,0.0,1.0
1544581124783598000,0.9978644786091698,-0.05120543958137651,0.04055225378852744,3.2687073985792665,-0.025093104682634253,0.2726804475049,0.9617773701049066,1.4293986988492304,-0.06030603972602943,-0.9607410559072646,0.2708132291206587,-0.07696479917367363,0.0,0.0,0.0,1.0
1544581124857161000,0.9978166505278894,-0.054071709005097585,0.037923372932409216,3.3495786690817235,-0.021865834100372097,0.27135994394682794,0.9622295288133019,1.456356960224123,-0.06232027943131847,-0.9609578716605859,0.26958514733783095,-0.06167449027854686,0.0,0.0,0.0,1.0
1544581124869352335,0.997921267004212,-0.05303575191389243,0.03661084374384065,3.404455784389812,-0.02089125661219868,0.2711897916842495,0.9622991490609443,1.476710675915718,-0.06096474602482303,-0.9610636325994134,0.26951807701330055,-0.060818498240863106,0.0,0.0,0.0,1.0
1544581124884458000,0.997921267004212,-0.05303575191389243,0.03661084374384065,3.404455784389812,-0.02089125661219868,0.2711897916842495,0.9622991490609443,1.476710675915718,-0.06096474602482303,-0.9610636325994134,0.26951807701330055,-0.060818498240863106,0.0,0.0,0.0,1.0
1544581124893258071,0.997921267004212,-0.05303575191389243,0.03661084374384065,3.404455784389812,-0.02089125661219868,0.2711897916842495,0.9622991490609443,1.476710675915718,-0.06096474602482303,-0.9610636325994134,0.26951807701330055,-0.060818498240863106,0.0,0.0,0.0,1.0
1544581124957971000,0.997921267004212,-0.05303575191389243,0.03661084374384065,3.404455784389812,-0.02089125661219868,0.2711897916842495,0.9622991490609443,1.476710675915718,-0.06096474602482303,-0.9610636325994134,0.26951807701330055,-0.060818498240863106,0.0,0.0,0.0,1.0
1544581124985314000,0.9980584718427365,-0.05137543903879209,0.035211518662370746,3.6453767708641327,-0.020060534765351218,0.2700564859859562,0.9626354810216813,1.5635492933319115,-0.058964919467997264,-0.9614728590243643,0.26850154493344014,-0.05596211528246194,0.0,0.0,0.0,1.0
1544581125058830000,0.9980535344119248,-0.052673113068049,0.03338690772721559,3.8189384269579363,-0.018079659489242925,0.267984694065579,0.963253512663893,1.6246271742466563,-0.05968474143881466,-0.9619821967720068,0.26651075913194083,-0.05210250818974293,0.0,0.0,0.0,1.0
1544581125086173000,0.9979048678794429,-0.05772441578790191,0.029219282750531594,4.0782715167078925,-0.013044317166586158,0.2628410139497319,0.9647509767683745,1.7144608174010485,-0.06336971241979568,-0.9631108416001869,0.261537351711013,-0.046425774438891745,0.0,0.0,0.0,1.0
1544581125159727000,0.9979048678794429,-0.05772441578790191,0.029219282750531594,4.0782715167078925,-0.013044317166586158,0.2628410139497319,0.9647509767683745,1.7144608174010485,-0.06336971241979568,-0.9631108416001869,0.261537351711013,-0.046425774438891745,0.0,0.0,0.0,1.0
1544581125187032000,0.997706320182866,-0.05964500720044419,0.032008932866048966,4.345106019554276,-0.015518730716284285,0.25872911429722306,0.9658252504526543,1.8051149417720922,-0.06588829686765185,-0.9641066945784752,0.2572100577443396,-0.04025489498623699,0.0,0.0,0.0,1.0
1544581125260583000,0.997706320182866,-0.05964500720044419,0.032008932866048966,4.345106019554276,-0.015518730716284285,0.25872911429722306,0.9658252504526543,1.8051149417720922,-0.06588829686765185,-0.9641066945784752,0.2572100577443396,-0.04025489498623699,0.0,0.0,0.0,1.0
1544581125287886000,0.9983969326569017,-0.05286314413116551,0.020225055101544,4.618951886588254,-0.005991265883973976,0.2566198108968712,0.966493857915488,1.896478055501446,-0.05628205392841052,-0.9650656768571868,0.25589171490647744,-0.034052882704284054,0.0,0.0,0.0,1.0
1544581125361418000,0.9983969326569017,-0.05286314413116551,0.020225055101544,4.618951886588254,-0.005991265883973976,0.2566198108968712,0.966493857915488,1.896478055501446,-0.05628205392841052,-0.9650656768571868,0.25589171490647744,-0.034052882704284054,0.0,0.0,0.0,1.0
1544581125388741000,0.9984372315266138,-0.055072015342923886,0.009495674148938961,4.862778566812295,0.004708998407503194,0.2522190452256102,0.9676587097522963,1.956898773805179,-0.05568590517781171,-0.966101768113251,0.25208421928589075,-0.041728587294444806,0.0,0.0,0.0,1.0
1544581125462257000,0.9985973039864284,-0.05147244489598626,0.012410152596446086,4.90054191119099,0.0010614446235401392,0.25380083095111033,0.9672559183297025,1.989106929483925,-0.052936733997751485,-0.9658859796192071,0.25349946068718954,-0.027104577877219663,0.0,0.0,0.0,1.0
1544581125489587000,0.9979903932324391,-0.06230117315954586,-0.01156455095126623,5.188352936689125,0.026582570870790887,0.2459681248830787,0.9689133338268183,2.0837220853796414,-0.057519926474740114,-0.9672736145292326,0.24712995102555588,-0.018980804432921102,0.0,0.0,0.0,1.0
1544581125563116000,0.9979903932324391,-0.06230117315954586,-0.01156455095126623,5.188352936689125,0.026582570870790887,0.2459681248830787,0.9689133338268183,2.0837220853796414,-0.057519926474740114,-0.9672736145292326,0.24712995102555588,-0.018980804432921102,0.0,0.0,0.0,1.0
1544581125590486000,0.9969506950071092,-0.0723590683472752,-0.02921432786761719,5.481951534239837,0.045578872795839165,0.23608093044812642,0.9706638762380151,2.1793538749904577,-0.06333938805753563,-0.9690355821674764,0.23865909246000927,-0.00882155468169613,0.0,0.0,0.0,1.0
1544581125663975000,0.9969506950071092,-0.0723590683472752,-0.02921432786761719,5.481951534239837,0.045578872795839165,0.23608093044812642,0.9706638762380151,2.1793538749904577,-0.06333938805753563,-0.9690355821674764,0.23865909246000927,-0.00882155468169613,0.0,0.0,0.0,1.0
1544581125691293000,0.9953214246681873,-0.08137191849829677,-0.052094841168792164,5.7519354778271135,0.06927432941862971,0.2251576952641971,0.9718565118096997,2.2678319226179595,-0.06735227449829789,-0.9709184430956199,0.229741263112843,0.0016392898573545358,0.0,0.0,0.0,1.0
1544581125764843000,0.9953214246681873,-0.08137191849829677,-0.052094841168792164,5.7519354778271135,0.06927432941862971,0.2251576952641971,0.9718565118096997,2.2678319226179595,-0.06735227449829789,-0.9709184430956199,0.229741263112843,0.0016392898573545358,0.0,0.0,0.0,1.0
1544581125792169000,0.9911306089975411,-0.09960507896170077,-0.08797126890751215,6.172223568836518,0.10663592779924172,0.20107046914458487,0.973755331354017,2.4409626076994475,-0.07930255235841721,-0.9744996124591375,0.20990857654329115,-0.003983706642572999,0.0,0.0,0.0,1.0
1544581125865704000,0.9938780970322901,-0.08762045198842228,-0.06729773126056726,6.02760656660486,0.08481598167615902,0.21476313843088948,0.9729763838982031,2.359624238641758,-0.07079955855642424,-0.9727278400275469,0.22087999398668148,0.010380726834183044,0.0,0.0,0.0,1.0
1544581125869652283,0.9842805197181093,-0.11833331266940908,-0.13110715318445984,6.534099393371044,0.15085596498750248,0.17728889443731513,0.9725282133372198,2.785090914598242,-0.0918386429077592,-0.9770188713744873,0.1923532912299203,-0.06847833885728469,0.0,0.0,0.0,1.0
1544581125893008000,0.9842805197181093,-0.11833331266940908,-0.13110715318445984,6.534099393371044,0.15085596498750248,0.17728889443731513,0.9725282133372198,2.785090914598242,-0.0918386429077592,-0.9770188713744873,0.1923532912299203,-0.06847833885728469,0.0,0.0,0.0,1.0
1544581125893184854,0.9842805197181093,-0.11833331266940908,-0.13110715318445984,6.534099393371044,0.15085596498750248,0.17728889443731513,0.9725282133372198,2.785090914598242,-0.0918386429077592,-0.9770188713744873,0.1923532912299203,-0.06847833885728469,0.0,0.0,0.0,1.0
1544581125966585000,0.9842805197181093,-0.11833331266940908,-0.13110715318445984,6.534099393371044,0.15085596498750248,0.17728889443731513,0.9725282133372198,2.785090914598242,-0.0918386429077592,-0.9770188713744873,0.1923532912299203,-0.06847833885728469,0.0,0.0,0.0,1.0
1544581125993862000,0.9835671344896524,-0.1332840222580226,-0.12178284510774026,6.924384868092712,0.14343405590406488,0.16720754474988675,0.9754323700726903,2.9186822635378937,-0.10964653920084334,-0.9768710285341842,0.18357731355437118,-0.07825698362209248,0.0,0.0,0.0,1.0
1544581126067456000,0.9824960230505266,-0.14399774621998196,-0.11817873655384578,7.176417897719457,0.1414293865993576,0.16370931972872893,0.9763180768786808,3.0071804839011502,-0.12124064209672676,-0.9759425739855394,0.18120926848936467,-0.0834404130047277,0.0,0.0,0.0,1.0
1544581126094738000,0.9810603772599966,-0.17349992124439054,-0.086129631943181,7.557902955480078,0.11196813450064702,0.1451122582222744,0.9830592908721628,3.1502208879398323,-0.15806224415375889,-0.9740842929858895,0.16179034931433747,-0.08562767317557363,0.0,0.0,0.0,1.0
1544581126168262000,0.9810603772599966,-0.17349992124439054,-0.086129631943181,7.557902955480078,0.11196813450064702,0.1451122582222744,0.9830592908721628,3.1502208879398323,-0.15806224415375889,-0.9740842929858895,0.16179034931433747,-0.08562767317557363,0.0,0.0,0.0,1.0
1544581126195582000,0.9830819737796356,-0.16732783283377536,-0.07450657144635096,7.958343723305059,0.10053005287405026,0.15287638244458843,0.9831187721530897,3.3161651934439496,-0.15311283845151172,-0.9739764925550339,0.1671114916799976,-0.0790367314126455,0.0,0.0,0.0,1.0
1544581126269121000,0.9830819737796356,-0.16732783283377536,-0.07450657144635096,7.958343723305059,0.10053005287405026,0.15287638244458843,0.9831187721530897,3.3161651934439496,-0.15311283845151172,-0.9739764925550339,0.1671114916799976,-0.0790367314126455,0.0,0.0,0.0,1.0
1544581126296440000,0.9840233230304519,-0.1607698139202063,-0.07649291904593478,8.373321707617349,0.10253690706021962,0.16051620921780949,0.9816927876219064,3.4947568224936805,-0.14554821339552412,-0.9738519464017134,0.174436533062786,-0.07525349641236327,0.0,0.0,0.0,1.0
1544581126370003000,0.9840233230304519,-0.1607698139202063,-0.07649291904593478,8.373321707617349,0.10253690706021962,0.16051620921780949,0.9816927876219064,3.4947568224936805,-0.14554821339552412,-0.9738519464017134,0.174436533062786,-0.07525349641236327,0.0,0.0,0.0,1.0
1544581126397320000,0.9866919640494208,-0.14861086061879947,-0.06598318108760746,8.800308471222142,0.09159406623789587,0.1726992625117139,0.9807066287926877,3.684362204797724,-0.13434840940743656,-0.9736990175788656,0.18401284752876013,-0.07381158352007582,0.0,0.0,0.0,1.0
1544581126470862000,0.9866919640494208,-0.14861086061879947,-0.06598318108760746,8.800308471222142,0.09159406623789587,0.1726992625117139,0.9807066287926877,3.684362204797724,-0.13434840940743656,-0.9736990175788656,0.18401284752876013,-0.07381158352007582,0.0,0.0,0.0,1.0
1544581126498180000,0.987655888132901,-0.14687953670365952,-0.05442654071436591,9.238093036118695,0.08081192288123032,0.18014215831572852,0.9803153757427205,3.882878795553503,-0.1341837536986204,-0.9726125664904124,0.18978808115442367,-0.07631085704015134,0.0,0.0,0.0,1.0
1544581126571719000,0.987655888132901,-0.14687953670365952,-0.05442654071436591,9.238093036118695,0.08081192288123032,0.18014215831572852,0.9803153757427205,3.882878795553503,-0.1341837536986204,-0.9726125664904124,0.18978808115442367,-0.07631085704015134,0.0,0.0,0.0,1.0
1544581126599043000,0.9910036374069509,-0.12856493050243759,-0.03718668163602475,9.48204136479221,0.062308677757487635,0.19730218661709717,0.9783606062348527,3.972099038128245,-0.11844584974708544,-0.971875972437334,0.2035378954314774,-0.12294959772702341,0.0,0.0,0.0,1.0
1544581126672575000,0.9902955082792765,-0.13456813969996936,-0.03473070773220105,9.687451581978564,0.06081320819729093,0.1948731733701337,0.9789413669926351,4.088028032580919,-0.12496623540237937,-0.9715533243617365,0.20116554856886795,-0.07858015478833331,0.0,0.0,0.0,1.0
1544581126699896000,0.9901850959663853,-0.13747891763423842,-0.02515994698243902,9.809404738536267,0.05216122621513128,0.19650128404684591,0.9791151371762553,4.143438549926007,-0.1296637274096904,-0.9708175897531206,0.20174371172397315,-0.0788181956974353,0.0,0.0,0.0,1.0
1544581126773460000,0.9896740215011294,-0.14296596421473434,-0.010298749532593566,10.13309504194872,0.03942113784463894,0.20240244194668128,0.9785086741491157,4.291009423393745,-0.13780894403781543,-0.9688106030438413,0.2059483196654207,-0.07927607980702515,0.0,0.0,0.0,1.0
1544581126800748000,0.9901608912371496,-0.1396284511415276,0.00923607580484103,10.53948122917436,0.02126407131864241,0.21537185040902374,0.9763005711984138,4.476362386622306,-0.1383085273416304,-0.9664982471185396,0.21622185269157926,-0.07859744462157366,0.0,0.0,0.0,1.0
1544581126870152013,0.9901608912371496,-0.1396284511415276,0.00923607580484103,10.53948122917436,0.02126407131864241,0.21537185040902374,0.9763005711984138,4.476362386622306,-0.1383085273416304,-0.9664982471185396,0.21622185269157926,-0.07859744462157366,0.0,0.0,0.0,1.0
1544581126873165493,0.9901608912371496,-0.1396284511415276,0.00923607580484103,10.53948122917436,0.02126407131864241,0.21537185040902374,0.9763005711984138,4.476362386622306,-0.1383085273416304,-0.9664982471185396,0.21622185269157926,-0.07859744462157366,0.0,0.0,0.0,1.0
1544581126874306000,0.9901608912371496,-0.1396284511415276,0.00923607580484103,10.53948122917436,0.02126407131864241,0.21537185040902374,0.9763005711984138,4.476362386622306,-0.1383085273416304,-0.9664982471185396,0.21622185269157926,-0.07859744462157366,0.0,0.0,0.0,1.0
1544581126901587000,0.9909416305076872,-0.1329368222686105,0.01903907066776027,11.025665082240597,0.012453972356963052,0.23213022685142432,0.9726049847468602,4.697479154864209,-0.13371455978800573,-0.9635576573651563,0.2316830969960255,-0.07717819372543717,0.0,0.0,0.0,1.0
1544581126975123000,0.9909416305076872,-0.1329368222686105,0.01903907066776027,11.025665082240597,0.012453972356963052,0.23213022685142432,0.9726049847468602,4.697479154864209,-0.13371455978800573,-0.9635576573651563,0.2316830969960255,-0.07717819372543717,0.0,0.0,0.0,1.0
1544581127002446000,0.9907471456517607,-0.1305044890668703,0.0372648858348597,11.411754733075036,-0.004085187730253005,0.24577076133877557,0.9693193715758337,4.874117402196899,-0.13565914869296097,-0.960502634668095,0.2429635449435735,-0.1493932871143988,0.0,0.0,0.0,1.0
1544581127076008000,0.9915270180557708,-0.12699568067354947,0.027317934689357837,11.47569000852567,0.00493997178987036,0.24701000286654287,0.9690003380611315,4.90128173038088,-0.12980666063089982,-0.9606550658660622,0.24554444665217384,-0.07656454794466269,0.0,0.0,0.0,1.0
1544581127103314000,0.9933997699022971,-0.10497996892556946,0.04621799738688995,11.934565751777123,-0.016678384883285373,0.26645231333955327,0.9637037906917711,5.109321320785601,-0.11348448632193392,-0.9581139654761262,0.26294277043466796,-0.0776076045897829,0.0,0.0,0.0,1.0
1544581127176865000,0.9933997699022971,-0.10497996892556946,0.04621799738688995,11.934565751777123,-0.016678384883285373,0.26645231333955327,0.9637037906917711,5.109321320785601,-0.11348448632193392,-0.9581139654761262,0.26294277043466796,-0.0776076045897829,0.0,0.0,0.0,1.0
1544581127204162000,0.9940300213264982,-0.09671370225520115,0.050505212579840086,12.15615109143157,-0.02180887051051238,0.27743194037656227,0.9604977311925065,5.174560589664018,-0.10690505071650447,-0.9558650418625984,0.27366646100008907,-0.15458228385505254,0.0,0.0,0.0,1.0
1544581127277721000,0.9938893354964358,-0.09686059659404521,0.05293404966466448,12.397806282444117,-0.023653867597971556,0.28152172821124083,0.9592632647467627,5.319059085501173,-0.1078168972569394,-0.9546536237674901,0.27751031565238055,-0.07971240606834722,0.0,0.0,0.0,1.0
1544581127305017000,0.9937224091558233,-0.09684494165364778,0.05600741752349399,12.504599357766837,-0.026346196495285655,0.28396673055202526,0.9584721038558326,5.367163285768247,-0.10872741821537663,-0.953930790579533,0.27963260774187976,-0.08021959995093633,0.0,0.0,0.0,1.0
1544581127378558000,0.9928562626330028,-0.10182205685733337,0.06219895889616789,12.822019641355698,-0.03054513035030088,0.28701770316764474,0.9574381614915165,5.509173997318715,-0.11534052523856764,-0.9524983500278141,0.28185715607729356,-0.08194816691217645,0.0,0.0,0.0,1.0
1544581127405899000,0.9899110554397715,-0.11634368123956586,0.08087181309792531,13.283928520413234,-0.04398994035270448,0.29020498436442316,0.9559529027090248,5.711365585036257,-0.1346884830484226,-0.9498658931057947,0.28215917076792413,-0.08279296497961319,0.0,0.0,0.0,1.0
1544581127479416000,0.9899110554397715,-0.11634368123956586,0.08087181309792531,13.283928520413234,-0.04398994035270448,0.29020498436442316,0.9559529027090248,5.711365585036257,-0.1346884830484226,-0.9498658931057947,0.28215917076792413,-0.08279296497961319,0.0,0.0,0.0,1.0
1544581127506752000,0.9877195151333107,-0.1303975323462433,0.08606185556232313,13.571702896816383,-0.0459757379357731,0.28386688510733854,0.9577608381327347,5.748913929515902,-0.14931976073541356,-0.9499558279717353,0.2743857393460022,-0.0918838769617101,0.0,0.0,0.0,1.0
1544581127580273000,0.9897925855340256,-0.12166903631243042,0.07421107211648167,13.745322333120574,-0.03541975185466029,0.29437169580591294,0.9550344213099886,5.909054331511851,-0.13804375683249093,-0.9479145269016351,0.2870574348251883,-0.08256487794269549,0.0,0.0,0.0,1.0
1544581127607626000,0.9898731814406551,-0.12065888814829244,0.07478313563482944,13.86072033516351,-0.03600768686392036,0.2961605917053233,0.9544591926360516,5.957875059299644,-0.13731180266557447,-0.9474863253005643,0.28881677966690267,-0.08263385348141601,0.0,0.0,0.0,1.0
1544581127681176000,0.9895984686840481,-0.12509220408611943,0.07104091254386587,14.180405769978563,-0.031000118453903144,0.2967931621755067,0.9544384797050619,6.091473894051122,-0.14047727016863915,-0.9467131346731906,0.28982818566044827,-0.08245324319553192,0.0,0.0,0.0,1.0
1544581127708477000,0.9868050403645622,-0.13720220997087548,0.08597305327953049,14.641453217065756,-0.042620940198481526,0.29214015735048027,0.9554253418869704,6.280410216814484,-0.1562026496820558,-0.946482795428603,0.28243769258008095,-0.08284438691249797,0.0,0.0,0.0,1.0
1544581127782031000,0.9868050403645622,-0.13720220997087548,0.08597305327953049,14.641453217065756,-0.042620940198481526,0.29214015735048027,0.9554253418869704,6.280410216814484,-0.1562026496820558,-0.946482795428603,0.28243769258008095,-0.08284438691249797,0.0,0.0,0.0,1.0
1544581127809357000,0.9859139884617951,-0.1372817380909414,0.09553706998902671,14.76302084069066,-0.05180288366401731,0.2924793466482202,0.9548676835186766,6.3295264621223435,-0.15902851505139143,-0.9463665020334143,0.2812478892891282,-0.08318636181612454,0.0,0.0,0.0,1.0
1544581127869724797,0.984282855460422,-0.14291841384549064,0.10373807126877964,15.02506889775349,-0.05847462667692569,0.29053136869358825,0.9550770868574046,6.434545011380268,-0.16663726618518332,-0.9461320472264523,0.27760794428367724,-0.08461459948949984,0.0,0.0,0.0,1.0
1544581127882897000,0.9838976272430692,-0.14425287581106885,0.1055299337898805,15.070264877666727,-0.059956150330465696,0.2898441283103051,0.9551940333364688,6.452554248746922,-0.16837671793633244,-0.946140311531156,0.27652810300711306,-0.08504180504717984,0.0,0.0,0.0,1.0
1544581127910188000,0.9813013440782357,-0.14708224578207124,0.12415508481716009,15.535391333579424,-0.07768125259995366,0.2875364056121132,0.9546142877844273,6.636201823425847,-0.17610592012978094,-0.9464088061843924,0.27073432821102517,-0.09093498994108093,0.0,0.0,0.0,1.0
1544581127983702000,0.9813013440782357,-0.14708224578207124,0.12415508481716009,15.535391333579424,-0.07768125259995366,0.2875364056121132,0.9546142877844273,6.636201823425847,-0.17610592012978094,-0.9464088061843924,0.27073432821102517,-0.09093498994108093,0.0,0.0,0.0,1.0
1544581128011042000,0.9793692479108953,-0.14514005184619416,0.14060669115135957,15.959375030179073,-0.09439574921538492,0.2866394217047657,0.9533767799012224,6.8008861343755,-0.17867657590326816,-0.9469805738634985,0.2670252309214292,-0.09904676438540062,0.0,0.0,0.0,1.0
1544581128084597000,0.9793692479108953,-0.14514005184619416,0.14060669115135957,15.959375030179073,-0.09439574921538492,0.2866394217047657,0.9533767799012224,6.8008861343755,-0.17867657590326816,-0.9469805738634985,0.2670252309214292,-0.09904676438540062,0.0,0.0,0.0,1.0
1544581128111879000,0.9747691866596156,-0.14879932654279607,0.16638447391317238,16.38976171598007,-0.11852843683081575,0.2865813941327329,0.9506955949195219,6.963971704836407,-0.18914555876730643,-0.9464300634264251,0.26171376089394727,-0.10785473328982087,0.0,0.0,0.0,1.0
1544581128185428000,0.9747691866596156,-0.14879932654279607,0.16638447391317238,16.38976171598007,-0.11852843683081575,0.2865813941327329,0.9506955949195219,6.963971704836407,-0.18914555876730643,-0.9464300634264251,0.26171376089394727,-0.10785473328982087,0.0,0.0,0.0,1.0
1544581128212762000,0.9705283944949183,-0.15443123655499633,0.18500169906034156,16.82736564383103,-0.13507928777749675,0.2871328549979537,0.9483186751267992,7.126697076941071,-0.19957009167869602,-0.9453600989870568,0.2578101273234588,-0.11587798477850657,0.0,0.0,0.0,1.0
1544581128286274000,0.9705283944949183,-0.15443123655499633,0.18500169906034156,16.82736564383103,-0.13507928777749675,0.2871328549979537,0.9483186751267992,7.126697076941071,-0.19957009167869602,-0.9453600989870568,0.2578101273234588,-0.11587798477850657,0.0,0.0,0.0,1.0
1544581128313615000,0.9667646867134911,-0.16160095619273004,0.19811908409177142,17.275196587227946,-0.1458291246591597,0.2879486840291804,0.9464773752008057,7.290281573666307,-0.20999977839252795,-0.9439124357287901,0.2548124933193634,-0.12408631196848102,0.0,0.0,0.0,1.0
1544581128387158000,0.9667646867134911,-0.16160095619273004,0.19811908409177142,17.275196587227946,-0.1458291246591597,0.2879486840291804,0.9464773752008057,7.290281573666307,-0.20999977839252795,-0.9439124357287901,0.2548124933193634,-0.12408631196848102,0.0,0.0,0.0,1.0
1544581128414479000,0.964372543219921,-0.1659521781252239,0.20602299012255001,17.749268549652356,-0.15203613470025726,0.2896506906915511,0.9449801538272182,7.426262345378598,-0.21649621620007173,-0.942635853316327,0.25410044552037026,-0.1318889050937766,0.0,0.0,0.0,1.0
1544581128488009000,0.9627220441099261,-0.1656291700468636,0.21385332313152006,17.735628145613074,-0.1596573589132592,0.29024684034422243,0.9435392410573282,7.455154594630168,-0.21834787273900896,-0.9425092836146394,0.25298311558395986,-0.13353816185795925,0.0,0.0,0.0,1.0
1544581128515319000,0.9597496740836123,-0.16682320276943555,0.22594375874130707,18.208917431061646,-0.17046798367182298,0.2933394943173361,0.9406873059718164,7.620074676789775,-0.223206697120104,-0.9413405122969031,0.2530944690611337,-0.14445584481144436,0.0,0.0,0.0,1.0
1544581128588874000,0.9597496740836123,-0.16682320276943555,0.22594375874130707,18.208917431061646,-0.17046798367182298,0.2933394943173361,0.9406873059718164,7.620074676789775,-0.223206697120104,-0.9413405122969031,0.2530944690611337,-0.14445584481144436,0.0,0.0,0.0,1.0
