1544581121858695000,0.9907314103735557,-0.12965687077441473,0.04050146121084993,-0.0018068829254714123,0.026198804134741686,0.47495958684540346,0.8796175382093914,-0.0004755131727435395,-0.13328501476586446,-0.8704036343700736,0.47395423630793004,0.00047906175937919887,0.0,0.0,0.0,1.0
1544581121870111143,0.9907296838254736,-0.12975604499339707,0.04022514605005592,0.00011106520053934963,0.02636738032020857,0.4741448752195538,0.8800519294667116,6.035129922250941e-06,-0.13326460461100084,-0.8708329381062139,0.4731707293009228,4.7500992627528326e-05,0.0,0.0,0.0,1.0
1544581121932267000,0.9905122397137899,-0.13327745451666925,0.03350556811526344,0.03519886527254479,0.03107383685252509,0.45470761064718973,0.8900985369512665,-0.004013949147170137,-0.13386530409494363,-0.8806123488443042,0.4545348957148245,-0.003601012189321513,0.0,0.0,0.0,1.0
1544581121959578000,0.9908736009358926,-0.12876381459755384,0.03986711700915181,0.016978848860999665,0.026396979243818203,0.4753989697869994,0.8793742201203415,0.009973399163034857,-0.13218436539597317,-0.8702963286006358,0.4744592648153472,0.0056658176453770175,0.0,0.0,0.0,1.0
1544581122033144000,0.9905040497501034,-0.13338369622114749,0.033324420640596875,0.039716432484654396,0.03128865691978561,0.45472574037959973,0.8900817496075166,0.005942249758613765,-0.13387586555015324,-0.8805869012304275,0.45458108408136205,-0.008414164298676977,0.0,0.0,0.0,1.0
1544581122060442000,0.9909749537415443,-0.1281447002895447,0.03933925322939257,0.02211667094340081,0.02660004914873038,0.47562523596959816,0.8792457405607093,0.011471388671878921,-0.13138142350510876,-0.8702640810102223,0.47474135153913294,-0.002365026425797072,0.0,0.0,0.0,1.0
1544581122133957000,0.9902829958635615,-0.13577231967490877,0.030090950692603532,0.060748604982951274,0.03389141176512433,0.4454740978319379,0.8946531173417932,0.005238312443422054,-0.13487386815857808,-0.8849399444995757,0.4457469397730379,-0.012878012445561794,0.0,0.0,0.0,1.0
1544581122161299000,0.9910830474791527,-0.12748016456190506,0.03877113156344385,0.03284368453973969,0.026810164648037125,0.47580994178226504,0.8791394169144627,0.012246535096669321,-0.13052052739314873,-0.870260712053822,0.4749849313237067,0.010223426369939635,0.0,0.0,0.0,1.0
1544581122234837000,0.9899822262366675,-0.13847823206931878,0.02754942791502774,0.07893603068735365,0.03616985210197056,0.4373432300666075,0.8985669930026511,0.0036285687321693455,-0.13648052437769562,-0.888568893422373,0.4379707617041666,-0.015808841060802728,0.0,0.0,0.0,1.0
1544581122262159000,0.9912416200133412,-0.12644781300323643,0.03809201149878856,0.045860004652584906,0.02700145941428948,0.4764069572926347,0.8788101798640444,0.012724212484420553,-0.12927092458408249,-0.8700846864701578,0.47564867962320667,0.00897824304191438,0.0,0.0,0.0,1.0
1544581122335705000,0.989538578662413,-0.14200866025258008,0.025435049676462453,0.09691591381777623,0.03834284956869742,0.42883711768555194,0.9025677550090635,0.002569056918522486,-0.13907993106745908,-0.8921503611546735,0.4297958886097642,-0.017516813650958144,0.0,0.0,0.0,1.0
1544581122363013000,0.9913633680815728,-0.12561802703483888,0.03766674541071279,0.05881935712203078,0.027046756847290604,0.4768843860628953,0.8785498023865599,0.02562476719114108,-0.12832437558782211,-0.8699433278169859,0.47616327138567066,0.015034313137408231,0.0,0.0,0.0,1.0
1544581122436564000,0.9889939351369387,-0.14609556868186466,0.023389764296993153,0.11593103445941778,0.040672575416533255,0.42044755205749745,0.9064047647590132,0.002048701162065549,-0.14225588870529166,-0.895477493173547,0.421762162063272,-0.018595126836348546,0.0,0.0,0.0,1.0
1544581122463873000,0.9914784216468743,-0.12486052254165794,0.03715359093343958,0.0729081437320748,0.02718501415677801,0.47723217712325533,0.8783566611140899,0.031570293769281305,-0.12740296077376354,-0.8698616551089163,0.47655974080618574,0.011698436052354103,0.0,0.0,0.0,1.0
1544581122537386000,0.9882569112808502,-0.15134641691271747,0.02103662029206108,0.1378841248834053,0.04368184453858254,0.411753524898592,0.9102477306707731,0.0028281064292183166,-0.1464246350971629,-0.8986396924358844,0.4135293573803377,-0.01955746247266439,0.0,0.0,0.0,1.0
1544581122564729000,0.9916024421357573,-0.12406553414485369,0.03650123268817103,0.09442028231955683,0.027418391720134737,0.4775164981322806,0.8781948677867377,0.03787402855284724,-0.126383656165997,-0.8698193704723048,0.4769082031222373,0.006982351583544774,0.0,0.0,0.0,1.0
1544581122638273000,0.9873535517515974,-0.1573372650274624,0.019440907313843778,0.1643502191650346,0.04626527527360439,0.4032581800554577,0.9139159504693075,0.006280409573456102,-0.151632741013821,-0.901458720769864,0.4054376482279333,-0.020054928105469036,0.0,0.0,0.0,1.0
1544581122665587000,0.9917239873772483,-0.12323146744428394,0.036021358831976505,0.10219874238275688,0.027507270536818968,0.4779942213002511,0.8779321582395663,0.04299982267041281,-0.125406869541456,-0.8696755313535594,0.47742809640480793,0.005679087783385658,0.0,0.0,0.0,1.0
1544581122739101000,0.9862186686399214,-0.16444820581092842,0.0181528298529845,0.1969866998740128,0.04890229175501887,0.3945607207318584,0.9175676560977195,0.013327011384347377,-0.1580547483855244,-0.9040346372020925,0.39716504283693566,-0.020088957688248737,0.0,0.0,0.0,1.0
1544581122766428000,0.9918024637689749,-0.12274762182192167,0.0355090720641092,0.1468926112170434,0.027739395064137078,0.47809024511842274,0.877872566768139,0.05479689552825107,-0.12473331080055235,-0.8696911744174894,0.4775760277872692,-0.008332910787387907,0.0,0.0,0.0,1.0
1544581122839961000,0.9848994323857214,-0.1722393346878692,0.01751341407512834,0.2370978476587355,0.05104416872397648,0.38555640128852925,0.9212712707257933,0.0252502321087047,-0.16543155964194095,-0.9064655939481182,0.3885260944424649,-0.019822981948077155,0.0,0.0,0.0,1.0
1544581122867287000,0.9918921160763653,-0.12211792207614133,0.035174467634319355,0.18808857622974962,0.027786095381237826,0.47848710363959385,0.8776548436339059,0.08033403565018508,-0.12400791494504307,-0.869561558924034,0.4780007659748942,-0.023865596841113328,0.0,0.0,0.0,1.0
1544581122869511598,0.9918921160763653,-0.12211792207614133,0.035174467634319355,0.18808857622974962,0.027786095381237826,0.47848710363959385,0.8776548436339059,0.08033403565018508,-0.12400791494504307,-0.869561558924034,0.4780007659748942,-0.023865596841113328,0.0,0.0,0.0,1.0
1544581122940831000,0.9833978251963152,-0.18064086269645183,0.017250974564980884,0.28567250955515183,0.0529960431362991,0.37682145971686015,0.92476862344521,0.04282581228141553,-0.17355153935086756,-0.9085012197136179,0.3801386549245019,-0.019439588900554347,0.0,0.0,0.0,1.0
1544581122968135000,0.9918711716836875,-0.12222234488034826,0.03540165525480892,0.22110829638195645,0.027638876209734983,0.4785082132340993,0.8776479831853834,0.10694609746685617,-0.12420817728593467,-0.8695352714407014,0.4779965903809845,-0.02290067698766362,0.0,0.0,0.0,1.0
1544581123041700000,0.981761067311875,-0.18931310888475206,0.01748580896161598,0.3439833966964,0.054592676688804805,0.3688175555554144,0.9278972197210632,0.06643198922896906,-0.18211218070904445,-0.9100187676737885,0.37242582633173743,-0.019349288476258348,0.0,0.0,0.0,1.0
1544581123069035000,0.991957701848391,-0.12165549820399149,0.034926458457703445,0.2652826003838768,0.02782866696693033,0.47882541161248154,0.8774689683908934,0.12313222475049662,-0.12347260035531288,-0.8694401445475552,0.47836006523394337,-0.041685804928064486,0.0,0.0,0.0,1.0
1544581123142585000,0.9800846235839048,-0.19777931664137038,0.01781775864878707,0.41381862059722174,0.056048828628658016,0.36158846661731564,0.9306515511289346,0.09720838924794134,-0.19050632384188423,-0.9111186106749265,0.36547259522164055,-0.019814262324607722,0.0,0.0,0.0,1.0
1544581123169846000,0.9920500236803242,-0.12101931007887898,0.034511984931427674,0.3399001625842894,0.027933278831795482,0.4791626759432452,0.8772815180525679,0.16708209666283663,-0.12270485911153026,-0.8693431178602261,0.4787338101486864,-0.05445307864672339,0.0,0.0,0.0,1.0
1544581123243441000,0.9783054280700114,-0.20638124799989885,0.018035240024941647,0.49685028421946986,0.05790675034494095,0.35600025123563367,0.9326899964000119,0.1368459804435658,-0.19891027543402806,-0.9114113240431964,0.3602278455819169,-0.020787520109018298,0.0,0.0,0.0,1.0
1544581123270707000,0.9920509700063347,-0.12105254460097475,0.03436792625572684,0.40907415736488273,0.028064312632398714,0.479073778217859,0.8773258855069389,0.2022595615746384,-0.12266730316576208,-0.8693874835018582,0.4786628628422565,-0.05533101687574518,0.0,0.0,0.0,1.0
1544581123344274000,0.9768198741938046,-0.2132668576512283,0.018443991096755777,0.5838375433247169,0.05927258802174145,0.35226171366911674,0.9340227220962585,0.18098551093068146,-0.20569320282695625,-0.9112787348064637,0.3567371214218097,-0.02217954197480681,0.0,0.0,0.0,1.0
1544581123371593000,0.9921941380707047,-0.12004898277708154,0.03374957943913858,0.5098627966159711,0.02821856125539503,0.4797610491256144,0.8769452939280548,0.2605503739397617,-0.1214681241264809,-0.8691476154693617,0.4794037101912318,-0.058492069857009624,0.0,0.0,0.0,1.0
1544581123445132000,0.975966627766403,-0.21696923669820747,0.020334498097435254,0.6831590675886429,0.058676248941385616,0.351503816177225,0.9343458487214538,0.23370030121236907,-0.20987195929052976,-0.9106972150717512,0.3557869350666329,-0.024580658822776845,0.0,0.0,0.0,1.0
1544581123472434000,0.9923018266505793,-0.11922964344696563,0.03348696685928611,0.611064393162517,0.0281387712755109,0.48039157967910034,0.8766026122049418,0.3231059022174341,-0.12060387380606805,-0.8689120912364651,0.48004841768933876,-0.04700283753110835,0.0,0.0,0.0,1.0
1544581123545988000,0.9757264551166233,-0.21797887890460815,0.02104977760067878,0.7959100848917465,0.05893804014289648,0.3539577783151307,0.933402484780457,0.29531468509902575,-0.2109127597127831,-0.9095048650346534,0.35821321621156366,-0.02806432805570453,0.0,0.0,0.0,1.0
1544581123573283000,0.9922579544735212,-0.1196498010464962,0.0332877889556863,0.8136618283077388,0.028492275808038817,0.4801936864672989,0.8766996142899954,0.42629534783512013,-0.12088152052031466,-0.8689637210991491,0.4798851002169336,-0.02241717539937579,0.0,0.0,0.0,1.0
1544581123646872000,0.9761178219278456,-0.21614852088033404,0.021767283617424787,0.9231798266778546,0.059156252167933056,0.3608771024908737,0.9307353301165877,0.36574303419579574,-0.20903237917672315,-0.9072196723060164,0.36504510767394677,-0.03221474136845288,0.0,0.0,0.0,1.0
1544581123674140000,0.992370356012086,-0.11905886354489885,0.03203222627051532,1.0147985862251712,0.02928566309495824,0.4799939222429717,0.8767828605458128,0.4958833542326342,-0.11976404487798956,-0.8691552344784015,0.47981845726613953,-0.026791086004743017,0.0,0.0,0.0,1.0
1544581123747704000,0.9769822870847337,-0.21245447578581692,0.019201730163211514,1.065276080481731,0.06251113762656225,0.3711933973009556,0.9264490377094731,0.4443958203062831,-0.20395580010217887,-0.903923977731948,0.3759301452210661,-0.0365876823615129,0.0,0.0,0.0,1.0
1544581123774997000,0.9925121077506751,-0.11818420071103136,0.03085791098902327,1.1968543126465008,0.02996672502407676,0.48050925958716495,0.876477522154635,0.5722365865080024,-0.11841330735877198,-0.8689898423763602,0.48045285147147065,-0.008598092829820827,0.0,0.0,0.0,1.0
1544581123848547000,0.9782445488757215,-0.20685902948153126,0.015714468393604072,1.2222062395623814,0.06651390583259839,0.3844919524431205,0.9207289714337061,0.5306491227034758,-0.19650318808056766,-0.8996528666260302,0.38988615857162245,-0.04097888566059765,0.0,0.0,0.0,1.0
1544581123870209625,0.978330912347484,-0.20655240161386795,0.014308435724505658,1.251389915985276,0.06820134311322529,0.3867416508573776,0.9196626948450533,0.5466024267330158,-0.1954922063482078,-0.8987585887654451,0.3924484633393973,-0.04171420049772501,0.0,0.0,0.0,1.0
1544581123875900000,0.9925545936337717,-0.11789823389854405,0.030584066114641182,1.3909713030941502,0.030100732926373434,0.48074341380338903,0.876344518988941,0.6837091267014228,-0.1180225594274064,-0.8688991751223302,0.4807129069808068,0.014851370252399835,0.0,0.0,0.0,1.0
1544581123949403000,0.9788238826114982,-0.20455298801488433,0.007866506437926166,1.3878680042614056,0.07577097868869187,0.3977418701005428,0.9143632558001655,0.6206141394600582,-0.19016457508671966,-0.8944045392679455,0.40481842166455523,-0.04503975445106884,0.0,0.0,0.0,1.0
1544581123976737000,0.9924906321972249,-0.11845739923892931,0.03049900926754045,1.5640833061699266,0.030345784441554603,0.4799864062106322,0.8767509242764612,0.7634062024506505,-0.11849674412142915,-0.8692415627537299,0.4799766944488776,0.08081613676210905,0.0,0.0,0.0,1.0
1544581124050274000,0.9794681816411106,-0.2015979113309299,-0.0006027434484790451,1.5728756389176946,0.08524110736554778,0.41143281281138844,0.9074453119374236,0.7185719700930392,-0.18269109110121723,-0.8888651881411004,0.420169778236285,-0.04928953354806992,0.0,0.0,0.0,1.0
1544581124077570000,0.9924316890570878,-0.11885276267367119,0.03087658271462462,1.7510308093856193,0.030192989057347547,0.47989804083736115,0.8768045699083954,0.896416954170093,-0.11902825701101373,-0.8692363839631292,0.47985454340624945,0.11070482462656965,0.0,0.0,0.0,1.0
1544581124151130000,0.980200846109321,-0.19784611300814361,-0.007950902724962943,1.771180179413085,0.0931492776344798,0.42531689609526885,0.9002381629169378,0.8194368604404375,-0.17472696804657065,-0.8831548298364535,0.4353252039266723,-0.053241027408636496,0.0,0.0,0.0,1.0
1544581124178432000,0.9925687844441582,-0.11755480504696712,0.031433675531497424,1.9258653366710143,0.029176764428533043,0.4806985971161889,0.8764003509515539,1.05664308675595,-0.11813519612939988,-0.8689704980843111,0.4805562910779234,0.16377026081254398,0.0,0.0,0.0,1.0
1544581124251992000,0.9802073353479052,-0.19707106427891588,-0.018883202962917102,1.9815412545426565,0.1051656698397,0.4375105003820889,0.8930424088152712,0.9214737354294116,-0.16773121837431018,-0.8773525845858031,0.44957611224716937,-0.05741898680741537,0.0,0.0,0.0,1.0
1544581124279304000,0.992645009893278,-0.11707507902241768,0.030810878044441214,2.1741099870183627,0.029589903728494706,0.48142014795891136,0.8759903416913687,1.206334852545899,-0.11738961594328971,-0.8686357504795178,0.4813435478507759,0.1781044883971237,0.0,0.0,0.0,1.0
1544581124352846000,0.9787657051707581,-0.20206053386828482,-0.03448528721727243,2.204153020370891,0.12325393927065316,0.4457094212874094,0.8866518923624486,1.023392456100431,-0.1637869373175412,-0.8720749121655255,0.46114985279801707,-0.060852595846630546,0.0,0.0,0.0,1.0
1544581124380132000,0.9928292420149333,-0.1159259408699264,0.029176573367644933,2.4299014545509006,0.03046191675661725,0.4813589361447867,0.8759940902888962,1.3230698366617997,-0.11559484342983528,-0.8688237743219169,0.48143855407045516,0.2006882596538209,0.0,0.0,0.0,1.0
1544581124453723000,0.9754556191603329,-0.21461647792717062,-0.049255481427643154,2.43859968886798,0.1430966728275622,0.44783094318338623,0.8825932180530076,1.1245397856503576,-0.16736091919625026,-0.8679788094934183,0.46755011388745155,-0.062151115886200585,0.0,0.0,0.0,1.0
1544581124481020000,0.9929300552971383,-0.11505896451311642,0.0291777307684065,2.600077216383965,0.030145929397040958,0.48218249973775623,0.875551974406681,1.432061935132764,-0.11480909471123206,-0.8684822805514357,0.48224205554863026,0.1991146268208394,0.0,0.0,0.0,1.0
1544581124554562000,0.9727548451602814,-0.22336368324232914,-0.062102143486531834,2.659435141524418,0.15887306161140674,0.4471651106640162,0.8802287850888864,1.213734502966251,-0.16884123166874712,-0.8661131732130959,0.4704685001945611,-0.06208707267181635,0.0,0.0,0.0,1.0
1544581124581881000,0.9932019209138546,-0.11330188146283693,0.02669509224574406,2.9091257122234224,0.031599001199135154,0.4831477700022915,0.8749684196958367,1.563060424168543,-0.11203324246063949,-0.8681767769289809,0.48344351953973047,0.1761005491994371,0.0,0.0,0.0,1.0
1544581124655422000,0.9719540878326348,-0.22430284550124022,-0.07066459258691846,2.890296123638383,0.166824664325921,0.4458304884264834,0.8794343107713867,1.3015358593889537,-0.16575518850995957,-0.866558370272566,0.4707460126146372,-0.062490210799788753,0.0,0.0,0.0,1.0
1544581124682741000,0.9933596330981971,-0.11213578087092387,0.025733363159286534,3.182003963754152,0.031990145469610556,0.4840584865819432,0.8744506916692503,1.755368034208973,-0.11051366396899964,-0.8678208042081402,0.4844314005715158,0.20319426133635904,0.0,0.0,0.0,1.0
1544581124756299000,0.9695576072410712,-0.23043538555112886,-0.08281050251551324,3.1332824122821377,0.18000498215506858,0.44147828236836506,0.8790307916088208,1.3874229210996918,-0.16600076096308294,-0.8671772940310313,0.469518144565996,-0.062400169098204866,0.0,0.0,0.0,1.0
1544581124783598000,0.9935031151438576,-0.11103691534756913,0.02494721686987847,3.4450993140768804,0.03225433944624342,0.4849498162480775,0.8739469854103515,1.900593645645368,-0.10913852567422223,-0.8674643964746057,0.48538057548958985,0.19246656632639245,0.0,0.0,0.0,1.0
1544581124857161000,0.9674626248581946,-0.2347895720236528,-0.09428640607979505,3.3879842340977264,0.19133400747288598,0.43508248264634786,0.8798264208800833,1.47150898556358,-0.16555170517653825,-0.8692393744896968,0.4658492704189825,-0.06104086231108354,0.0,0.0,0.0,1.0
1544581124869352335,0.9675304892093711,-0.23428188159090033,-0.09485121195062259,3.404803563397346,0.1915658231026276,0.4349011155658074,0.8798656460497987,1.476856611596178,-0.1648856812136458,-0.8694670894506805,0.46566049058607695,-0.06090929218201996,0.0,0.0,0.0,1.0
1544581124884458000,0.9935668523722642,-0.11050998453820997,0.0247477915062652,3.68676195463221,0.032130684520616376,0.4846323321865025,0.8741276346802621,2.0209919159170155,-0.10859341130708383,-0.8677090790794104,0.48506538229794555,0.20620953500832304,0.0,0.0,0.0,1.0
1544581124957971000,0.9690796213093019,-0.22412181390097063,-0.10321870032490563,3.6434767568925928,0.19369866265709812,0.431832565420285,0.8809094525133594,1.5500547967174474,-0.15285782821915422,-0.8736647228635653,0.46189223459141404,-0.058478082248890076,0.0,0.0,0.0,1.0
1544581124985314000,0.9935688693661124,-0.11050514837557159,0.0246883375106752,3.9911671837887446,0.03212942864674469,0.48422319772629213,0.874354387304461,2.2040485612697096,-0.10857532703787635,-0.8679380778409352,0.48465956236558577,0.3226721898626105,0.0,0.0,0.0,1.0
1544581125058830000,0.9692297055466037,-0.21741428817779876,-0.11543311995346145,3.9205411198567677,0.20060798488721115,0.4258849454726539,0.8822575868867587,1.6316137288334553,-0.14265417724532914,-0.8782670667376148,0.45639538253422746,-0.055958484430327395,0.0,0.0,0.0,1.0
1544581125086173000,0.9935643451791558,-0.11048792135237755,0.024946166518057138,4.266451281788657,0.03198464866992823,0.48494646741222214,0.8739587553162145,2.34205662614423,-0.10865944155100785,-0.867536364067602,0.4853594366880942,0.34389487412638814,0.0,0.0,0.0,1.0
1544581125159727000,0.9674150587558012,-0.2152168518436319,-0.13337844944002736,4.207467793417466,0.2143769506179711,0.41593540576733345,0.8837648223780489,1.7144257660686404,-0.13472426335389454,-0.8835606628362767,0.44851970742885733,-0.05404987793408684,0.0,0.0,0.0,1.0
1544581125187032000,0.993564860331602,-0.11029555304648275,0.02576352639707248,4.592282751628795,0.03119545211920926,0.4851411836180334,0.8738792111755324,2.568103904571694,-0.10888393858287967,-0.8674519715441673,0.48545995198658537,0.43215911439940297,0.0,0.0,0.0,1.0
1544581125260583000,0.9682954988848974,-0.2121151741508151,-0.131950671594425,4.503290713730152,0.21041197348175386,0.40781777658107815,0.8884883018475699,1.7985524945203317,-0.13465002136934076,-0.8880832247033109,0.43951968982720424,-0.05221306018341269,0.0,0.0,0.0,1.0
1544581125287886000,0.9936079435858921,-0.10970736087276008,0.02659980100212654,4.92062573463542,0.03030680855865011,0.48622854515822134,0.8733059596889917,2.8626700401574223,-0.10874167461469428,-0.8669175836512094,0.48644542485086256,0.5374323640726428,0.0,0.0,0.0,1.0
1544581125361418000,0.9709050500769905,-0.19892758895206378,-0.13330865721593876,4.807100766960105,0.20500756318706068,0.40279304800997767,0.8920368038993318,1.8845547528913091,-0.12375493029007409,-0.8934123207279768,0.43185546471053,-0.0507155788393963,0.0,0.0,0.0,1.0
1544581125388741000,0.9935853743623498,-0.11005000659325519,0.026021143365768426,5.223082677367389,0.03096485052424804,0.4860726604943807,0.8733696506931785,2.9863656577983346,-0.10876250220203774,-0.8669615705259027,0.4863623683489626,0.5383354362892173,0.0,0.0,0.0,1.0
1544581125462257000,0.9710738142110761,-0.19821919606345312,-0.13313450967164397,5.119584653580707,0.20390939583251586,0.39828388891739447,0.8943102940926348,1.9739697401613248,-0.12424413726517912,-0.8955886858043686,0.4271818116615396,-0.04860068242837061,0.0,0.0,0.0,1.0
1544581125489587000,0.993635840339422,-0.1098149648382057,0.02506970862527443,5.610587316453444,0.03174883120275875,0.486582781040575,0.873057391533958,3.1643302497709107,-0.10807325529579963,-0.8667051809539401,0.48697258731612775,0.580141502603109,0.0,0.0,0.0,1.0
1544581125563116000,0.965183056250693,-0.2120470072892511,-0.15315918067894105,5.439447878576533,0.22692344850893237,0.38754191089404133,0.8934858789132634,2.067532559698762,-0.1301054051274815,-0.8971328407768072,0.4221673241220196,-0.04515260274487572,0.0,0.0,0.0,1.0
1544581125590486000,0.9936120430970554,-0.1102214159547984,0.024214608760309737,5.881522067371781,0.032746269982165524,0.48694727039614466,0.872817299127373,3.2994750780916555,-0.10799439621920484,-0.866448841720423,0.48744601246352,0.511544978302397,0.0,0.0,0.0,1.0
1544581125663975000,0.9611325781191026,-0.2183265526076239,-0.16899018819031625,5.766733865129049,0.242701525967206,0.3763708187038589,0.8941146325395737,2.164186247189535,-0.1316059898762891,-0.9003768784540487,0.41473044278666515,-0.0397974856474494,0.0,0.0,0.0,1.0
1544581125691293000,0.9936158744671226,-0.11035455509093504,0.023438561765116078,6.308079572533594,0.03350744451885984,0.4870573252688005,0.8727269980147385,3.5356405463054927,-0.1077253227832273,-0.8663700329955346,0.4876455892946907,0.6564570579595876,0.0,0.0,0.0,1.0
1544581125764843000,0.956443838158119,-0.2276983138262561,-0.18267091265455043,6.068020694082884,0.25760047479589565,0.3639699282601034,0.8950798214166503,2.2553768307133493,-0.13732144710239308,-0.9031496936848376,0.40677198891109934,-0.03380963471875675,0.0,0.0,0.0,1.0
1544581125792169000,0.9934680607301245,-0.11185066500182497,0.022597368160343557,6.7064393335808035,0.03498210723814221,0.48702475452616134,0.8726873097804934,3.680233737434318,-0.1086161336188288,-0.866196465715129,0.4877563103644208,0.6754731587761159,0.0,0.0,0.0,1.0
1544581125865704000,0.952429750989486,-0.23644738601544998,-0.19227637160235667,6.375628588179804,0.2681308644740549,0.35025097086160495,0.897457573886866,2.352182347329864,-0.1448565115778446,-0.906320523356369,0.39698828697649696,-0.029452856373431428,0.0,0.0,0.0,1.0
1544581125869652283,0.9227195104063198,-0.28965505452982715,-0.2543396439819106,6.5333673887680055,0.337583843483261,0.28870685774648996,0.8959271727708759,2.784853832903433,-0.1860802346693232,-0.9125504367844399,0.36417831702332054,-0.06938039405022443,0.0,0.0,0.0,1.0
1544581125893008000,0.9934664527463035,-0.11156651133043566,0.024027501269092637,7.068227317871078,0.03373956285720576,0.48824991920258615,0.8720514080585356,3.993771688299789,-0.10902315885115905,-0.8655431415869588,0.48882412060565306,0.6937184254770806,0.0,0.0,0.0,1.0
1544581125966585000,0.9268815852595931,-0.2853747888408155,-0.24382730938252936,6.8883100260027135,0.32620920713065643,0.2910815265841604,0.8993659422418788,2.9244049831834134,-0.1856827404199221,-0.9131444435441167,0.362889990402952,-0.07004416222391036,0.0,0.0,0.0,1.0
1544581125993862000,0.9933486067514126,-0.11258844171852421,0.024132721695349083,7.43017758537745,0.03476389417304198,0.493047290493328,0.8693076791327192,4.030956903436001,-0.10977257001162069,-0.8626866245216643,0.4936818517471177,0.5381941138395859,0.0,0.0,0.0,1.0
1544581126067456000,0.9274015666702901,-0.2916644742250682,-0.23421820726089548,7.255156029055837,0.3175608219607614,0.2829659318001701,0.9050333727526665,3.0688953270732,-0.19769030955790148,-0.9137078941956644,0.3550442586374637,-0.06978195950205483,0.0,0.0,0.0,1.0
1544581126094738000,0.9933109214921164,-0.11332418116497801,0.022159494754357054,7.880423902385967,0.036981144903684385,0.49400818344758446,0.8686704263461668,4.1323589261912765,-0.10938833651762694,-0.8620403381803576,0.4948945818897207,0.4835408277159811,0.0,0.0,0.0,1.0
1544581126168262000,0.9297371221185146,-0.28464942326428855,-0.23358850483293975,7.633692055399493,0.31395851077910186,0.2813335759245245,0.9067973712836224,3.2200022968128326,-0.19240305939394162,-0.9164202774343388,0.35093437825756424,-0.06778963654372157,0.0,0.0,0.0,1.0
1544581126195582000,0.9931351013120246,-0.11469862069302271,0.022954236059471465,8.384881124659216,0.03688370344853911,0.49328957057504536,0.8690828452925585,4.385315940342615,-0.11100568887167803,-0.8622700423724603,0.4941336975608099,0.6620774595874348,0.0,0.0,0.0,1.0
1544581126269121000,0.9355358232284202,-0.27760789849766576,-0.21841835579463323,8.02473141048568,0.2972492280190521,0.28466738465849223,0.9113766381435122,3.3799912267387415,-0.1908287711494214,-0.9175501810818882,0.34883526957318683,-0.06348333514402672,0.0,0.0,0.0,1.0
1544581126296440000,0.9928234960104536,-0.11741940165412795,0.0226757554398918,8.921066473250809,0.03850432291495054,0.49337972440803685,0.8689613712127316,4.54109494253958,-0.11322068223802667,-0.8618521518556631,0.4943601374052296,0.6970500342542798,0.0,0.0,0.0,1.0
1544581126370003000,0.935457820754667,-0.27194540152382823,-0.2257528829914907,8.4276023581935,0.30220172820826857,0.2841961166604276,0.9098937755271581,3.5496947194783126,-0.1832833354586874,-0.9193901597609025,0.34803585027689693,-0.061390861987255387,0.0,0.0,0.0,1.0
1544581126397320000,0.992606049297408,-0.11898294275037596,0.02400604575207686,9.30028184687961,0.03812783811497789,0.49340141307808094,0.8689656572806733,4.737808587379155,-0.1152367079487599,-0.8616252694222789,0.4942897897328229,0.8097884592590131,0.0,0.0,0.0,1.0
1544581126470862000,0.9403412754675262,-0.26513104467899484,-0.2132224537883623,8.840389019173793,0.2884210720324993,0.28875503793523044,0.9129259626468329,3.7285049148795504,-0.18047595645883005,-0.9199598128257827,0.3479976608051036,-0.061255520039219136,0.0,0.0,0.0,1.0
1544581126498180000,0.9927892001739895,-0.11723866894531591,0.024993969709130474,9.66028434021377,0.03664936659978021,0.4953780444679331,0.8679040367384875,5.0054005406132625,-0.11413337787748551,-0.8607297413027271,0.496102695508923,0.8228787281463976,0.0,0.0,0.0,1.0
1544581126571719000,0.944079506621841,-0.2644775917506717,-0.19688953410078538,9.262781461524694,0.2721837906550826,0.28811054828833543,0.918100373635488,3.914937537783947,-0.18609102418249351,-0.920349887502986,0.3439857777466274,-0.06495384396762291,0.0,0.0,0.0,1.0
1544581126599043000,0.9927477578407656,-0.11779189095724671,0.02401998598772752,10.091809612935261,0.03782617691972271,0.49572908993756665,0.867653069912919,5.204818762269593,-0.114109901593911,-0.8604520555001264,0.4965895594390175,0.7945729862847828,0.0,0.0,0.0,1.0
1544581126672575000,0.9541825609525411,-0.24673854823577032,-0.169280031866004,9.696931815092455,0.24099013817077414,0.2983429428924866,0.9235341042596531,4.106521137310859,-0.17736796125141224,-0.922014954998429,0.3441351901226664,-0.06934694707371361,0.0,0.0,0.0,1.0
1544581126699896000,0.9923625809347058,-0.12093516352363368,0.02431448506801092,10.607597934135988,0.03885007090632536,0.4934863950341662,0.8688854066600245,5.4581888506410765,-0.11707766632105279,-0.8613047452206987,0.4944157723102332,0.8723252370730696,0.0,0.0,0.0,1.0
1544581126773460000,0.9595739820663678,-0.2498063084221995,-0.12967105002183374,10.143944100905616,0.2052376263694869,0.30576728445979084,0.9297224771276122,4.302435621170514,-0.19260137503016514,-0.918750878109274,0.34467598452739984,-0.07338681313530844,0.0,0.0,0.0,1.0
1544581126800748000,0.9921973142104347,-0.12230414669298233,0.024211265462612725,11.02824339457764,0.039505368474354985,0.4925880338672037,0.8693654897409651,5.643534544232378,-0.1182531840387596,-0.8616256290248938,0.4935761945962871,0.9750448210807212,0.0,0.0,0.0,1.0
1544581126870152013,0.964659339277272,-0.24303356090777486,-0.10181869876218953,10.539803762051436,0.17848114973161106,0.3183910891004215,0.9310056893338134,4.476449105582843,-0.1938474615145125,-0.916276051555388,0.35051584701757005,-0.07604414009829454,0.0,0.0,0.0,1.0
1544581126874306000,0.9647202403523992,-0.24293359886873045,-0.1014796747880831,10.545053073737789,0.17814518597214915,0.31852406805776434,0.9310245489689722,4.478761035660876,-0.1938534254774898,-0.9162563421928489,0.35056406664406486,-0.07606813744537068,0.0,0.0,0.0,1.0
1544581126901587000,0.9921834522198175,-0.12192861693723123,0.02655954654995224,11.494110837545621,0.037401823460569195,0.493619569284357,0.8688733074628033,6.010317659469007,-0.11905083260099154,-0.8610883422688399,0.4943215209412903,1.0665293925942014,0.0,0.0,0.0,1.0
1544581126975123000,0.9704819234646925,-0.2286028053906431,-0.07684786005997998,10.972105171914432,0.1527806367593003,0.3361933345549674,0.9293180934600558,4.6674413908013115,-0.18660898493827427,-0.9136272758452098,0.36119563614746103,-0.07802487959091085,0.0,0.0,0.0,1.0
1544581127002446000,0.9919637741516196,-0.12348099488173957,0.02757380412437009,11.952127331378037,0.037353901372591106,0.49404557423002304,0.86863321179654,6.207661070637996,-0.12088240907228731,-0.8606226899674095,0.49468780932032086,1.1109910628305357,0.0,0.0,0.0,1.0
1544581127076008000,0.9732805255668185,-0.22293944759945897,-0.05498200847937034,11.410218162585657,0.13273706489902262,0.35087510130631605,0.9269668467023366,4.86222195499376,-0.18736565895160748,-0.9094969301692727,0.371092230932286,-0.08036311100201178,0.0,0.0,0.0,1.0
1544581127103314000,0.9917726219820253,-0.1257157535322038,0.024137431527114284,12.54210919533186,0.041104842748011745,0.49131833393065405,0.8700095899737363,6.432208495889863,-0.12123307382705802,-0.8618595268704968,0.4924435985501342,1.3105155751069766,0.0,0.0,0.0,1.0
1544581127176865000,0.9790107058467734,-0.2019333412622058,-0.027585567314854783,11.857377755908118,0.1026615125350325,0.37167916132934053,0.9226674454414958,5.063327519848252,-0.1760643396074855,-0.9061332830881996,0.3846086603268079,-0.08371919268728625,0.0,0.0,0.0,1.0
1544581127204162000,0.9915533387347308,-0.12733153463683647,0.024670969397954653,13.02548676491005,0.04135991794991065,0.49070899345081986,0.8703413358755631,6.665673304396603,-0.12292816451563532,-0.8619694681562163,0.49183056262833696,1.3102486104206181,0.0,0.0,0.0,1.0
1544581127277721000,0.9796006791987476,-0.20042792956434685,-0.0145311514995222,12.310010182752395,0.09218637875854253,0.3839560640989094,0.9187379454518354,5.268205729285138,-0.17856142048253154,-0.9013358896062141,0.39460034620238066,-0.08738703419216977,0.0,0.0,0.0,1.0
1544581127305017000,0.9915179310506991,-0.12779208704715808,0.023693351241863954,13.61255348041453,0.04253993702528555,0.49134895754319,0.8699233044809777,6.9841944100569915,-0.122811018083978,-0.8615366413620205,0.492617569142459,1.4767772566958492,0.0,0.0,0.0,1.0
1544581127378558000,0.977464517752832,-0.2110154136422059,-0.005967557258422091,12.765717218786277,0.0896529936052623,0.38936540372383016,0.9167098358371595,5.4733915818513,-0.19111634485788598,-0.896586346978577,0.3995090301104272,-0.09059557479753245,0.0,0.0,0.0,1.0
1544581127405899000,0.9913743494767326,-0.12917083885381275,0.022176419670207864,14.203675836007191,0.044448385408878105,0.49054929514720724,0.8702791104382105,7.257516086019624,-0.123293309770362,-0.8617866809253787,0.49205942359179505,1.5086142819827095,0.0,0.0,0.0,1.0
1544581127479416000,0.9743001343669424,-0.22510460959791473,0.008195298062200271,13.223804841105073,0.08301288310693658,0.3926433916228305,0.9159366944572059,5.674734152939755,-0.20939940164869666,-0.8917169291612057,0.4012390918598029,-0.09168618825631596,0.0,0.0,0.0,1.0
1544581127506752000,0.9909688259231348,-0.1319769782426398,0.023724739460461,14.638531530046857,0.044156673538770126,0.48823814369196,0.8715926245822769,7.446477306040814,-0.1266134836046907,-0.8626735142904125,0.4896564443682037,1.6444829729878205,0.0,0.0,0.0,1.0
1544581127580273000,0.9736271200604268,-0.22812652845014353,-0.002918578442647155,13.685369338587346,0.09519848932174742,0.3946078913033355,0.9139047323173194,5.873555740770792,-0.20733421983285186,-0.8900802767944141,0.4059182456454551,-0.0912355881601664,0.0,0.0,0.0,1.0
1544581127607626000,0.9907843796199615,-0.13295718911035334,0.025859214314436677,15.064909207703593,0.042762145342744834,0.48819604501621167,0.8716857349734575,7.797066981413353,-0.12852125126519715,-0.8625468146682835,0.4893825502394051,1.840166054774389,0.0,0.0,0.0,1.0
1544581127681176000,0.9735811088715668,-0.22768738956556991,-0.017270700079272644,14.150279728871451,0.10825943591963376,0.3936700277942165,0.9128547550135578,6.070742220743815,-0.2010465592413218,-0.8906078608733008,0.40791901054977664,-0.0901642915407064,0.0,0.0,0.0,1.0
1544581127708477000,0.9906903349681655,-0.13360615445219548,0.026116195993239305,15.560812668501212,0.04290125742397547,0.4884712901547139,0.8715246874334832,8.025112114501884,-0.12919807394888969,-0.8622906668792645,0.48965565809128825,1.8687310462313873,0.0,0.0,0.0,1.0
1544581127782031000,0.9728690190251907,-0.23089027707585563,-0.014681681538501133,14.617895636655089,0.10590695526673446,0.38802800212187594,0.9155424547203883,6.266066136427285,-0.2056929474899253,-0.8922577819896781,0.4019533080244118,-0.08874459651492056,0.0,0.0,0.0,1.0
1544581127809357000,0.9908311471473893,-0.132928999172772,0.024156138381676757,16.01687512913137,0.044400597733754966,0.4892382883883548,0.8710192214272429,8.29278761495239,-0.12760182116049346,-0.861960427371094,0.4906546615316795,1.8712423605789672,0.0,0.0,0.0,1.0
1544581127869724797,0.974529303603526,-0.22423251025346866,-0.00352388471100966,15.025672308312428,0.09177864758288996,0.38444035020440426,0.918576233626024,6.434730317431447,-0.2046199312527587,-0.895502874635332,0.3952281432969736,-0.0886585196593136,0.0,0.0,0.0,1.0
1544581127882897000,0.9746032779738961,-0.22393125454488208,-0.0018010553833852291,15.07166109839365,0.08988623864299732,0.3838151517670339,0.9190246968262945,6.453725061642136,-0.2051070809727272,-0.8958463721598713,0.39419584323384793,-0.08888542228663393,0.0,0.0,0.0,1.0
1544581127910188000,0.9906305448013,-0.1342834216808731,0.024881446267429514,16.474522492411346,0.04437901704687897,0.4888259056832706,0.8712518216789479,8.572569467798916,-0.12915737126712817,-0.8619844526408864,0.49020523951989503,1.9403551347863468,0.0,0.0,0.0,1.0
1544581127983702000,0.9767261007464351,-0.2142595309009317,0.009948745588178093,15.544465274300917,0.07378703642823521,0.3791950327360715,0.922370099473866,6.648566365662328,-0.20139909973930764,-0.9001688622510804,0.3861792615584041,-0.09311624269860516,0.0,0.0,0.0,1.0
1544581128011042000,0.9903655100968562,-0.13603387278422607,0.02590254554900552,17.004549416887848,0.04420670442827799,0.48784137347013934,0.8718122284152476,8.950530791793922,-0.13123232716897154,-0.8622676961281183,0.4891548798895115,2.0632614798042606,0.0,0.0,0.0,1.0
1544581128084597000,0.9789621231756304,-0.2021284872281369,0.027878953321958565,15.973609548781965,0.05140524864339778,0.37654754665076706,0.9249699700656238,6.8250561392304725,-0.19746053225739346,-0.9040774412417086,0.3790162508896861,-0.10049487261432972,0.0,0.0,0.0,1.0
1544581128111879000,0.9901675036811609,-0.13741302164143357,0.02619114616029001,17.435495880226476,0.044593069568056344,0.48752635460015054,0.8719687561586068,9.158851379842462,-0.13258873557100137,-0.8622271829707405,0.4888604219468206,2.0854548602997256,0.0,0.0,0.0,1.0
1544581128185428000,0.9788441782653382,-0.19806973776477818,0.051307442519049305,16.407231212279196,0.026980151321075625,0.3735206361542927,0.9272294245771026,7.001975466878545,-0.20282047754293772,-0.9062288416005557,0.3709624516586164,-0.10943649219657467,0.0,0.0,0.0,1.0
1544581128212762000,0.9902949447546106,-0.13675474697586704,0.024780265798171806,17.942654304754214,0.04561390151960721,0.48822997495531256,0.8715221532143027,9.469161943809151,-0.1312832600967114,-0.86193365796603,0.48972959363681334,2.1999257287395273,0.0,0.0,0.0,1.0
1544581128286274000,0.9770023154778439,-0.2016583401380788,0.06928484252480625,16.84559652637375,0.01047547595193474,0.36993328338048237,0.9289992627827619,7.1809743075516,-0.21297121860597212,-0.9069086391142653,0.3635381415276773,-0.1182883882667413,0.0,0.0,0.0,1.0
1544581128313615000,0.9902099224804589,-0.1365098995048711,0.029143725884186674,18.32924327980833,0.041845397083768,0.48948874063605136,0.8710050146431042,9.872849101843974,-0.13316633269766084,-0.8612582772477154,0.49040891887092947,2.256013317209318,0.0,0.0,0.0,1.0
1544581128387158000,0.9756513593500481,-0.19890051140259823,0.09242841317575612,17.291157797535696,-0.012318468785098355,0.37105889604315534,0.9285276253262602,7.3645419889346355,-0.2189810044848501,-0.9070578163661994,0.3595739665823811,-0.12744795884789292,0.0,0.0,0.0,1.0
1544581128414479000,0.9899808806809515,-0.1383489668330195,0.028238612968854663,18.888252842350052,0.043521368137036824,0.4892210285145191,0.8710732895541439,10.107538816959181,-0.13432701292610125,-0.8611169192597666,0.49034060097336235,2.341979905036876,0.0,0.0,0.0,1.0
1544581128488009000,0.9747846223384292,-0.1933740792755273,0.11136159803481467,17.745831289723668,-0.03144684754469168,0.37502669996143045,0.9264804747513793,7.554033889557052,-0.22092088138522922,-0.9066208908801844,0.3594892548986592,-0.13779600376299234,0.0,0.0,0.0,1.0
1544581128515319000,0.9899838480613629,-0.13863284126787723,0.026700485007046987,19.421568567735097,0.04516526650117991,0.4901753307643657,0.8704528958030541,10.401071065081819,-0.13376127720492634,-0.8605283728222093,0.49152704939653835,2.4393765076503486,0.0,0.0,0.0,1.0
1544581128588874000,0.9751641543153469,-0.1848601923992866,0.12199008732078645,18.209532714505663,-0.04338161118625374,0.38069740356788306,0.9236815050262489,7.748302253663178,-0.21719325023885733,-0.9060332202423758,0.3632229286098415,-0.14964119971078768,0.0,0.0,0.0,1.0
1544581128616198000,0.9899161468138565,-0.13869809007720163,0.028789965025059556,19.87712326104826,0.043359940193398984,0.49017064398096766,0.870547330916423,10.714112927066282,-0.13485524781643562,-0.8605205282782151,0.49124177606159275,2.620372826039019,0.0,0.0,0.0,1.0
1544581128689717000,0.9765036689976794,-0.17496309395104137,0.12581136748780217,18.678840320030474,-0.049595951802468216,0.38567756821571736,0.9212996553456527,7.945954457253642,-0.20971606042189292,-0.9058922282094537,0.3679380992379444,-0.16321618732105955,0.0,0.0,0.0,1.0
1544581128717035000,0.9898711555465198,-0.1388130038142721,0.029766514560111552,20.25474597245143,0.04271873937866655,0.4911866869220298,0.8700061769300593,10.837167934544787,-0.13538908642462946,-0.8599224317126616,0.49214144990488845,2.58832107790388,0.0,0.0,0.0,1.0
1544581128790588000,0.9741029024152255,-0.183207097676164,0.13250922559320094,19.155334739914338,-0.05305337005335237,0.38449088354838623,0.9216030058513064,8.146674983287904,-0.21979280113828897,-0.9047662238552323,0.36481393166726406,-0.17830978152385774,0.0,0.0,0.0,1.0
1544581128817878000,0.9898272900925257,-0.13784187406600903,0.03523568563342602,20.78083549154189,0.037384142429848506,0.49094364797540924,0.8703888558612075,11.453510719071382,-0.13727476710186634,-0.8602173866334994,0.49110252091651985,2.9179607891810067,0.0,0.0,0.0,1.0
