1544580839822268000,-0.9423280546434994,-0.3334794906982945,-0.028447613527351773,-6.960374188637816e-07,0.33390599775503665,-0.9425335214009699,-0.011719458123051162,-1.8169822722531769e-06,-0.02290463042725368,-0.020542402953170898,0.9995265817305218,4.49816078916792e-06,0.0,0.0,0.0,1.0
1544580839833353000,-0.9423077087291754,-0.3335480074624145,-0.028317994057272776,1.7056142421307796e-07,0.333973508480966,-0.9425087035659503,-0.01179149419478291,-1.5323641702976573e-06,-0.022756926472833984,-0.02056867570562977,0.9995294152135918,1.2114582100434396e-06,0.0,0.0,0.0,1.0
1544580839923114000,-0.9421432838056986,-0.3341053166031208,-0.027196878448465973,0.00028061408548809067,0.33452643487894423,-0.9423015395617014,-0.012644085844009719,-0.00013897712232830906,-0.021403204129192038,-0.021010615344997798,0.99955012725517,0.00014946439874146991,0.0,0.0,0.0,1.0
1544580839934186000,-0.9421335388734654,-0.33414317704960156,-0.027069025859031356,0.0003276638278849811,0.33456360731284757,-0.9422870818475672,-0.012737662462551676,-0.0001703793132330688,-0.02125059038174054,-0.021056889950661826,0.9995524097284912,0.00018621834537576546,0.0,0.0,0.0,1.0
1544580840023985000,-0.9419458777929207,-0.33480134192438865,-0.025417017027036595,0.0010556093394414627,0.3351997545472966,-0.9420523087112541,-0.013363091080534961,-0.0007098290782770382,-0.019470178744852164,-0.021107086426668382,0.999587616491031,0.0007480441487895318,0.0,0.0,0.0,1.0
1544580840035055000,-0.9419279870074442,-0.3348631539624962,-0.025265300520605133,0.001156854053342097,0.3352599538773117,-0.9420297224189388,-0.0134449025835865,-0.0007822753110818345,-0.019298461552398376,-0.021134573513303247,0.9995903656919274,0.000828261504921103,0.0,0.0,0.0,1.0
1544580840124832000,-0.94176895809625,-0.33539840547328714,-0.02406531055857309,0.0025242313196578462,0.33578510700067254,-0.9418304216167271,-0.014276513363135245,-0.0016727816283337899,-0.017877121772004685,-0.021525949996161947,0.9996084443390386,0.001710019827194252,0.0,0.0,0.0,1.0
1544580840135926000,-0.9417512109567155,-0.33546228265962136,-0.023868673493831268,0.002702099994699312,0.33584664134942066,-0.9418068616878138,-0.014382933360935584,-0.001782034068247345,-0.017654748819275676,-0.021561358736139992,0.9996116334124868,0.0017888991002385547,0.0,0.0,0.0,1.0
1544580840225700000,-0.9415721686505961,-0.3360691960530972,-0.022346066473478757,0.004258792290638919,0.33643786260988745,-0.941579298969655,-0.015426871176679843,-0.002875002648231503,-0.01585609741086592,-0.02204357539139543,0.9996312644964925,0.0020724471314410562,0.0,0.0,0.0,1.0
1544580840236762000,-0.9415424179838998,-0.33616390486633624,-0.022174404209557085,0.004405473486150243,0.33653034078612726,-0.941544626168273,-0.015525677570397906,-0.0030103042616415696,-0.015659018724230887,-0.022080443805842388,0.9996335574268841,0.00207450144569021,0.0,0.0,0.0,1.0
1544580840326532000,-0.9413608184147446,-0.3367421674896667,-0.02108369483465698,0.005067715490755848,0.33709602567748076,-0.9413290351973769,-0.016306960686288677,-0.00399063231140339,-0.014355452830433922,-0.022457963592861487,0.9996447173097526,0.0022961997161993868,0.0,0.0,0.0,1.0
1544580840337642000,-0.9413571691780593,-0.33675349155057044,-0.021065753382441148,0.005071628955598648,0.3371071927441609,-0.9413247383201654,-0.016324142446762537,-0.004005521773240661,-0.014332502824727405,-0.022468265508739326,0.999644815125756,0.0023055089134912535,0.0,0.0,0.0,1.0
1544580840427416000,-0.9412211689562556,-0.33719980356422846,-0.019975074089128526,0.0042800929949131,0.33754187648989825,-0.9411516820780472,-0.01729141224251284,-0.004587839104159985,-0.012968913767093465,-0.023017467234871594,0.9996509408177406,0.0030589285645501296,0.0,0.0,0.0,1.0
1544580840438468000,-0.9412178675166856,-0.33721107904035097,-0.019940261778283373,0.0042222559142056,0.3375526396324791,-0.9411474099734296,-0.017313814641853765,-0.004594929742739227,-0.012928315609139405,-0.02302695969400691,0.9996512480774289,0.003085310087006242,0.0,0.0,0.0,1.0
1544580840528273000,-0.9410361492052547,-0.33777836456581367,-0.01888762346582057,0.00038996898017549673,0.33810704020052157,-0.9409303492560716,-0.018267654903949444,-0.004497386051545316,-0.011601519546402981,-0.023576562092273594,0.9996547156214094,0.00455386598547977,0.0,0.0,0.0,1.0
1544580840539316000,-0.9410257024749451,-0.3378092554415186,-0.018855615067774566,0.00017649487664104382,0.3381376356875109,-0.9409185772429759,-0.018307657706998624,-0.004477817842511995,-0.011557102283732237,-0.023603769552850287,0.9996545880701488,0.004631789304926623,0.0,0.0,0.0,1.0
1544580840629126000,-0.9408375613767929,-0.33837737053044104,-0.0180399061935805,-0.007532884814997858,0.3386941134536244,-0.9407043043042634,-0.019018658609242504,-0.003305655707037696,-0.010534733714334686,-0.024003478421598733,0.9996563671628516,0.007450926077533982,0.0,0.0,0.0,1.0
1544580840640184000,-0.9408278467914368,-0.33840561334499303,-0.018016757710173047,-0.007998095415797936,0.3387218699530064,-0.9406941692259397,-0.019025635333915037,-0.003217874316839865,-0.010509877131864555,-0.024002517387126374,0.9996566518769091,0.007619450183288471,0.0,0.0,0.0,1.0
1544580840729958000,-0.9406434240806638,-0.33894728579741007,-0.017455262369017444,-0.01992612838547254,0.3392553924757938,-0.9404907641014943,-0.019567864366930695,-0.000758541403530145,-0.009784038527006251,-0.024328174825824667,0.9996561471324764,0.011613104016692787,0.0,0.0,0.0,1.0
1544580840741027000,-0.9406325726581107,-0.3389799363863362,-0.01740591801955303,-0.020754504105818625,0.33928705431181977,-0.9404788787775548,-0.019590133989340616,-0.0005804389344857643,-0.009729235889616763,-0.024332720785557708,0.9996565713624743,0.011858202240544907,0.0,0.0,0.0,1.0
1544580840830828000,-0.9404037685466199,-0.3396402358828022,-0.016889709079437636,-0.037411603118589806,0.3399384384184622,-0.9402350968444877,-0.019995518184232296,0.003069791609225798,-0.009089014739288736,-0.024545321984300702,0.9996573998024305,0.016326277256862573,0.0,0.0,0.0,1.0
1544580840841878000,-0.9403830903106082,-0.33969963317152846,-0.016846444164860176,-0.038681735020912454,0.33999692616988786,-0.9402135655380127,-0.020013529756766606,0.00335237294462239,-0.009040666618039183,-0.024548124193636597,0.9996577694119504,0.016634606338588254,0.0,0.0,0.0,1.0
1544580840931697000,-0.9401768289828993,-0.3402993717064244,-0.01624400996888063,-0.06035934347109762,0.34058616382725976,-0.939989100557204,-0.020531825128083655,0.008271230242431454,-0.008282225129017322,-0.024836031282625952,0.9996572294026791,0.02144574670266066,0.0,0.0,0.0,1.0
1544580840942775000,-0.9401545697729587,-0.34036307797648435,-0.01619753331201506,-0.062215405455762346,0.3406490450680916,-0.9399654065985799,-0.020573344214352512,0.008702331797100995,-0.008222714224455566,-0.02485979783383207,0.9996571299312793,0.021824577567328314,0.0,0.0,0.0,1.0
1544580841032552000,-0.9398889967444655,-0.3411133370141984,-0.015822929871511706,-0.08932222525049964,0.34139198286245626,-0.9396898387519977,-0.0208451669095629,0.015188696162685957,-0.007758081974406025,-0.024993964417128974,0.9996574982996898,0.027057310088531048,0.0,0.0,0.0,1.0
1544580841043642000,-0.9398716958327357,-0.34116177177104445,-0.015806354878481272,-0.09189511145970046,0.34144006453611203,-0.9396721643310552,-0.020854397880696287,0.01581525551960103,-0.007738068368650578,-0.024997381131489915,0.9996575679874038,0.027534199852166045,0.0,0.0,0.0,1.0
1544580841133396000,-0.9396158547058989,-0.3418872357073276,-0.015335046322215216,-0.12467255457738323,0.34215472942030617,-0.9394087874255107,-0.021006457175146178,0.023980964807897624,-0.007224037695051134,-0.024984958837993194,0.9996617253407487,0.03344138533217646,0.0,0.0,0.0,1.0
1544580841144481000,-0.9395869928200792,-0.34196818543507235,-0.015298466379457087,-0.1280689882408303,0.34223438232415365,-0.9393809050354793,-0.020955734535686193,0.024835773890417894,-0.007204892679561567,-0.02492539678660156,0.9996633503917735,0.03403141007271385,0.0,0.0,0.0,1.0
1544580841234254000,-0.9393066988222032,-0.34275976143901427,-0.014787544961878368,-0.16686524656610424,0.3430111212359557,-0.9391040173219827,-0.02066434993335678,0.034790851866638724,-0.006804135226579724,-0.02448245469690917,0.9996771044471463,0.040624341655097186,0.0,0.0,0.0,1.0
1544580841245339000,-0.9392834057501085,-0.3428275242250596,-0.014695996604209347,-0.17121677195945123,0.34307624897984434,-0.9390814685184501,-0.02060783518839382,0.03590976358345459,-0.006735804955147982,-0.02439844501088417,0.9996796210850047,0.041334290482233645,0.0,0.0,0.0,1.0
1544580841335133000,-0.9389822522923862,-0.3436773512804566,-0.014078639734215416,-0.216575104879697,0.3439076824921355,-0.9387884752610637,-0.02009240254170124,0.04764411122615144,-0.006311561043441304,-0.023708161756207588,0.9996989983306647,0.048530989230163794,0.0,0.0,0.0,1.0
1544580841346210000,-0.9389535678208795,-0.343759407124287,-0.013988119601974337,-0.22209731965692542,0.34398660912411905,-0.9387628566099282,-0.019937697782306196,0.04905082689677909,-0.006277755947081933,-0.023532298296736604,0.9997033663628128,0.04937581619230636,0.0,0.0,0.0,1.0
1544580841435989000,-0.9387223638099378,-0.3444095357180997,-0.013505383723668512,-0.26843210663271916,0.3446217807950332,-0.9385422659014618,-0.019345369425553857,0.06082233105348348,-0.006012643739730428,-0.022814180305103328,0.9997216419045154,0.056325030952627315,0.0,0.0,0.0,1.0
1544580841447065000,-0.9387036354304518,-0.34446311171537924,-0.013440591393714266,-0.27512558794782455,0.34467323954268453,-0.9385255361821029,-0.01923995522988363,0.06252914778773552,-0.005986883396639959,-0.022693228096851915,0.9997245493763472,0.057301222816224816,0.0,0.0,0.0,1.0
1544580841536826000,-0.9384747859217929,-0.34511750571032285,-0.012608863601714013,-0.3274093280423845,0.34530613904062274,-0.9383028730645716,-0.01874536581740105,0.07605884085693636,-0.005361579049038548,-0.021945971180508866,0.9997447813412397,0.06480331500342618,0.0,0.0,0.0,1.0
1544580841547931000,-0.9384741375759041,-0.3451200820542013,-0.012586582700008411,-0.3286168515225022,0.34530819557579406,-0.9383022299267453,-0.01873967402824484,0.07637331423875132,-0.005342580776278457,-0.02193294958271604,0.9997451688071564,0.0649724917050029,0.0,0.0,0.0,1.0
1544580841637728000,-0.9382993692032717,-0.3456341354521961,-0.011460286338179337,-0.38666847818683026,0.34579620295688074,-0.938129177068929,-0.018401987734416106,0.0915749703637348,-0.004390873870223598,-0.021229496983830073,0.9997649867266134,0.07299805648924738,0.0,0.0,0.0,1.0
1544580841648803000,-0.9382977221830098,-0.3456400050919315,-0.011418030750774823,-0.38862945994468856,0.34580105561367197,-0.9381279242355545,-0.018374648458095992,0.09209469274750093,-0.00436055990046337,-0.02118925788079237,0.9997659730496015,0.07326569014460124,0.0,0.0,0.0,1.0
1544580841738560000,-0.938099852285208,-0.34621324673390214,-0.010249630648840182,-0.4524211291470769,0.3463483050899457,-0.9379339675830397,-0.017964521013956555,0.10922770128888963,-0.0033939215944660756,-0.020402456712590913,0.9997860876489028,0.08193016794361052,0.0,0.0,0.0,1.0
1544580841749640000,-0.9380980286411675,-0.34621964253671744,-0.010200381429061153,-0.45523175857102366,0.3463536482609235,-0.9379322635058723,-0.017950471054999563,0.10999181924890074,-0.0033524611703549916,-0.020372240831483795,0.9997868436859955,0.08230622940695408,0.0,0.0,0.0,1.0
1544580841839423000,-0.937855192846508,-0.34691707580517733,-0.008728102063232981,-0.5247846571066723,0.3470207263049287,-0.9376914200201413,-0.01764699224826965,0.1289551755281301,-0.0020622234702272935,-0.019579155635408386,0.9998061831669994,0.09161658390402032,0.0,0.0,0.0,1.0
1544580841850501000,-0.9378565425214253,-0.34691505634255515,-0.008663101788514087,-0.528566147169773,0.34701743125891954,-0.9376926769948674,-0.01764499681658436,0.12998893272600337,-0.002002012042361214,-0.019554723036588045,0.9998067837111041,0.09211865420156935,0.0,0.0,0.0,1.0
1544580841940303000,-0.9377009188600897,-0.34735948556857044,-0.007640324239318204,-0.6038536074661471,0.3474420756794076,-0.9375333242313275,-0.01775584420254196,0.1505806877022045,-0.0009953976742624912,-0.019304241536432593,0.9998131602665437,0.10182670603305234,0.0,0.0,0.0,1.0
1544580841951325000,-0.9377061250752399,-0.34734651386785637,-0.007590935398593131,-0.6086888791769188,0.3474281790243436,-0.9375379580545216,-0.017783071354072914,0.15191206752996197,-0.000939902232620231,-0.019312599793988822,0.9998130525618214,0.1024213064372959,0.0,0.0,0.0,1.0
1544580842041141000,-0.9375354700947142,-0.3478271283802766,-0.006597808500936948,-0.6897523718972878,0.3478896642949184,-0.9373583478315128,-0.018223864226422998,0.17467301770226723,0.00015424348612175888,-0.019380828498934823,0.9998121622063028,0.11210904839331524,0.0,0.0,0.0,1.0
1544580842052195000,-0.9375377248326381,-0.3478223088070434,-0.006531157001597198,-0.6957734425445963,0.3478835578578461,-0.937360905817118,-0.01820885547964713,0.1763952708681325,0.00021139491061367878,-0.019343571072838458,0.9998128732769659,0.11281226836749614,0.0,0.0,0.0,1.0
1544580842141988000,-0.9372388931058028,-0.3486235980941769,-0.00669657387594948,-0.7831500082214649,0.3486878674292467,-0.9370566498916081,-0.018482586441255545,0.20198492197869847,0.00016839670528826157,-0.019657612921821943,0.9998067562768148,0.12304709962024248,0.0,0.0,0.0,1.0
1544580842153045000,-0.9372444221565651,-0.34860815267612255,-0.00672673948870206,-0.7904170763622993,0.3486730120608662,-0.9370613591270963,-0.01852403550210959,0.20413578691244444,0.0001542621487202797,-0.01970698146905688,0.9998057866828769,0.12389130015833813,0.0,0.0,0.0,1.0
1544580842242842000,-0.9368113346196436,-0.3497657599096597,-0.006959635262035526,-0.8842166508472602,0.34983484946748034,-0.9366436564113773,-0.017726787706500057,0.2323812410743693,-0.000318474846201306,-0.019041378604088194,0.9998186457926396,0.13488461609515873,0.0,0.0,0.0,1.0
1544580842253907000,-0.9367975698638349,-0.349802658408316,-0.00695796433509259,-0.8929033111401962,0.34987165133740233,-0.9366330818810865,-0.017558403013256327,0.2350325228491713,-0.0003750835273548541,-0.01888306374537394,0.9998216286998075,0.13590071878033003,0.0,0.0,0.0,1.0
1544580842343705000,-0.9366395943926453,-0.3502152271244865,-0.007454187153956793,-0.9936258914959362,0.350292902557717,-0.9364883234025473,-0.01686720333592374,0.26589037175463626,-0.001073607782892368,-0.018409639345465845,0.9998299518145568,0.14768780076968008,0.0,0.0,0.0,1.0
1544580842354766000,-0.9366782942730044,-0.3501097846331756,-0.007543987137348301,-1.0038858074358874,0.3501890828372425,-0.9365279034577535,-0.0168253471475355,0.2690146419015551,-0.0011744357912509668,-0.018401759403268606,0.9998299835229166,0.14888500022771853,0.0,0.0,0.0,1.0
1544580842444568000,-0.9365679512803752,-0.35038023586546935,-0.008611791296700045,-1.1117643328152693,0.3504791436401416,-0.9364210068588372,-0.016735225924805308,0.3017837161217054,-0.002200569870118802,-0.018691929497484158,0.9998228689442477,0.16138346148181107,0.0,0.0,0.0,1.0
1544580842455643000,-0.9366154239805567,-0.35025095573781934,-0.008707213473000325,-1.1237628048630486,0.35035175408884905,-0.9364680101052472,-0.016772431439193,0.3054267250524781,-0.0022794667329978442,-0.01875990549709625,0.9998214190429962,0.1627424905843552,0.0,0.0,0.0,1.0
1544580842545405000,-0.9364154822742573,-0.3507992256474944,-0.008120827678766472,-1.238942450205803,0.35088977905356883,-0.9362578556894617,-0.017250814923086916,0.34043234187638943,-0.0015516161921384163,-0.01900344560576084,0.9998182142481205,0.17577036140186794,0.0,0.0,0.0,1.0
1544580842556490000,-0.9364285469399208,-0.3507662685285104,-0.008037495789947358,-1.2527168860851168,0.3508552890658937,-0.9362702291610939,-0.017280744229355157,0.34463781763078033,-0.001463765854408847,-0.019002180117483315,0.9998183707755638,0.17732588434259264,0.0,0.0,0.0,1.0
1544580842646274000,-0.9360495404579378,-0.3517966195689991,-0.0070990329135284,-1.3614743359484214,0.35186795213624206,-0.9358840264197392,-0.0176077639643431,0.3783633611652177,-0.0004495196659744638,-0.01897966154074623,0.999819768948317,0.189513474688828,0.0,0.0,0.0,1.0
1544580842657348000,-0.9360541839775851,-0.3517845839124196,-0.007083161696786945,-1.3632528538728363,0.3518556243074257,-0.9358883613472943,-0.01762369819045499,0.3789251145308726,-0.0004293032586366177,-0.018988986709226968,0.9998196007692925,0.18970975641820143,0.0,0.0,0.0,1.0
1544580842747142000,-0.9356504791770799,-0.3528808583216401,-0.005768938020564302,-1.4776229728340735,0.3529269523315711,-0.9354826336068734,-0.017742844695773103,0.415216811780291,0.0008643689327196504,-0.01863711485535209,0.9998259402597119,0.20230560560888283,0.0,0.0,0.0,1.0
1544580842758219000,-0.9356537873751922,-0.35287252942686903,-0.005741789472094201,-1.4806435217039648,0.3529181377378038,-0.9354863578913863,-0.017721801680132262,0.4161777176463765,0.0008821712638410526,-0.01860785250890178,0.9998264697430591,0.2026374712781991,0.0,0.0,0.0,1.0
1544580842847999000,-0.9355452908028029,-0.35316331355702824,-0.005539206993635866,-1.601557278065796,0.35320541175675835,-0.9353835067457792,-0.01742505132586284,0.4546258985358051,0.0009726060028451693,-0.01825840259690119,0.9998328284129151,0.215858018144087,0.0,0.0,0.0,1.0
1544580842859084000,-0.9355586110099791,-0.3531278939621696,-0.0055476004651809265,-1.6060926536877453,0.3531701325824305,-0.9353964622301097,-0.0174446524499954,0.4560525174677818,0.0009709875315725168,-0.018279741607471797,0.9998324400768243,0.21634761659414425,0.0,0.0,0.0,1.0
1544580842948847000,-0.9351818895640371,-0.35412484259209703,-0.0055162750617717094,-1.7334149824398646,0.3541655894563937,-0.9350075225710244,-0.018101601603165738,0.4956501463616857,0.001252468139058407,-0.018881964800239945,0.9998209353323441,0.22978915759799304,0.0,0.0,0.0,1.0
1544580842959941000,-0.9352017303062625,-0.35407265445413594,-0.005502635729875599,-1.7395377597736652,0.35411310961130854,-0.9350267293138127,-0.018136181244206972,0.49753604702306814,0.001276414345686756,-0.018909543530094868,0.9998203838339665,0.23042140329053404,0.0,0.0,0.0,1.0
1544580843049724000,-0.9350889132265576,-0.3543584121615492,-0.006232181890740569,-1.8741062607492225,0.3544116460575903,-0.9348879394059092,-0.01941457937027255,0.5388924330796436,0.0010533278325968688,-0.020363115766526548,0.9997920953962155,0.24412457102078666,0.0,0.0,0.0,1.0
1544580843060799000,-0.9351311375520186,-0.35424580119687077,-0.0062982469826455235,-1.8819497542021886,0.3543002927176771,-0.9349278207103086,-0.019526203984462358,0.5413179595899287,0.0010286694490293092,-0.02049103209362259,0.9997895075679187,0.24491944763305787,0.0,0.0,0.0,1.0
1544580843150573000,-0.9349672447617052,-0.3546564209605987,-0.007421205705422712,-2.023951575433983,0.3547340498810268,-0.9347583992041681,-0.019760793816775847,0.5860868785306994,7.125804503228243e-05,-0.02110824930405981,0.9997771935454461,0.2592779750342046,0.0,0.0,0.0,1.0
1544580843161655000,-0.9350191219698711,-0.3545174048625559,-0.007526699157618808,-2.0334973558505958,0.35459729465028833,-0.9348092606841383,-0.019809209117741203,0.5891232946570264,-1.3318666124240384e-05,-0.02119093647512622,0.99977544680489,0.2602428667950954,0.0,0.0,0.0,1.0
1544580843251433000,-0.9353005216216292,-0.35373898824687783,-0.009036727747418606,-2.1822740703804,0.3538527324566448,-0.9350694082916805,-0.02081935181542472,0.6366162968827871,-0.00108535122052759,-0.022670021418681845,0.9997424128952441,0.2749217440495376,0.0,0.0,0.0,1.0
1544580843262494000,-0.9354019849941422,-0.35346908534946997,-0.009095722688488867,-2.193696949999998,0.3535842257436466,-0.9351711388756825,-0.020811927330791888,0.6403068964640336,-0.00114968442751694,-0.02268362220116486,0.999742032481155,0.2760466453435126,0.0,0.0,0.0,1.0
1544580843352279000,-0.9352423936703576,-0.35380451413441155,-0.012001285758282134,-2.349415046997273,0.35398931844924747,-0.9350037671419782,-0.021436367559532894,0.690560892734587,-0.003636963785333965,-0.024296526674064078,0.9996981800953725,0.2915712919498968,0.0,0.0,0.0,1.0
1544580843363356000,-0.9353253462627684,-0.35357510182779367,-0.012294063847823559,-2.362838940419749,0.3537678709617252,-0.9350829637994862,-0.021636642234301614,0.6948638020958788,-0.003845791678758323,-0.024586544682673895,0.9996903078988668,0.2929208331057731,0.0,0.0,0.0,1.0
1544580843453137000,-0.9353433171806766,-0.3533758668253557,-0.01607407076240756,-2.5266217904939148,0.35367339766869266,-0.9350879444243952,-0.022927362989283023,0.7473967557795793,-0.0069286930173944545,-0.0271299269735091,0.9996079032678172,0.3098272893155399,0.0,0.0,0.0,1.0
1544580843464187000,-0.935430147291885,-0.35312927934786975,-0.016436289262998373,-2.542244620605566,0.3534368698147642,-0.9351768934347185,-0.02294683074698149,0.7524314422479805,-0.007267640127566093,-0.02727434789401498,0.9996015663022589,0.31145359192769717,0.0,0.0,0.0,1.0
1544580843554005000,-0.9354955842298056,-0.3527532577165818,-0.020326117604514356,-2.7153849875317073,0.35318325579776044,-0.9352408094801488,-0.024211900111536646,0.8082282073168426,-0.01046898804218168,-0.029828970033446235,0.9995001915137975,0.32995175009194766,0.0,0.0,0.0,1.0
1544580843565056000,-0.9356085663899013,-0.3524287893796548,-0.020749913595531064,-2.733595851993992,0.3528745931487233,-0.9353500003715338,-0.024492821705407123,0.8140923104500796,-0.010776456187161016,-0.030237811120533663,0.9994846385866489,0.33195794219501257,0.0,0.0,0.0,1.0
1544580843654850000,-0.9353789360063863,-0.3528569288761373,-0.02362697229142246,-2.91620681062641,0.35341022195976024,-0.935108726783602,-0.025940009782275897,0.8731928477867542,-0.012940675790392646,-0.03261375227188923,0.9993842514632862,0.35237116741337293,0.0,0.0,0.0,1.0
1544580843665928000,-0.9354557560910168,-0.35264356679403763,-0.02377063724348077,-2.936946598867796,0.3532049250495476,-0.9351792105509419,-0.026193989273434217,0.879917065084531,-0.012992663965702637,-0.03289922418678405,0.9993742200652279,0.3547026455126749,0.0,0.0,0.0,1.0
1544580843755715000,-0.9343917715255171,-0.3552997244290949,-0.0259638811816264,-3.1286082616001063,0.355961858298569,-0.9340766861267613,-0.028140715539557437,0.9417869453286937,-0.014253867616680252,-0.03553660443905771,0.9992667196514184,0.3762201242933436,0.0,0.0,0.0,1.0
1544580843766793000,-0.9344447305778387,-0.35515177614039023,-0.02608182124842194,-3.151920654948996,0.35582275628107296,-0.9341199507869389,-0.028461968560604827,0.9493076065694723,-0.014255230894258895,-0.0358766420687731,0.9992545496248785,0.37881385954077174,0.0,0.0,0.0,1.0
1544580843856554000,-0.9339572335593688,-0.356510649684385,-0.02498084353553437,-3.3302436229027044,0.3571671507996295,-0.9335445136922352,-0.030434640540086103,1.0059082093580431,-0.01247045595814543,-0.03734698939335073,0.9992245443900216,0.3982221547022815,0.0,0.0,0.0,1.0
1544580843867648000,-0.9339700428534737,-0.3564788204676819,-0.02495615375511413,-3.3339110101377503,0.3571352428593602,-0.9335545457600267,-0.03050128519543935,1.0070502815377667,-0.01242486861355442,-0.03740000867323876,0.999223129231492,0.39861754453043674,0.0,0.0,0.0,1.0
1544580843957432000,-0.9334948654768284,-0.35791295467842993,-0.022037536199736044,-3.5201006166746014,0.35848864896104143,-0.9329315823642798,-0.033534328580879014,1.063752167908037,-0.008557142892690115,-0.03920433012613676,0.9991945735465508,0.4183290178381914,0.0,0.0,0.0,1.0
1544580843968496000,-0.9335162632466912,-0.35786297434544784,-0.021942603459040887,-3.525767933999196,0.35843571339268665,-0.9329487935237094,-0.03362124369097505,1.065442116936899,-0.008439527155435996,-0.0392509905006396,0.9991937420371018,0.4189106389045446,0.0,0.0,0.0,1.0
1544580844058282000,-0.9332551815635227,-0.35879628091374094,-0.017320360484152232,-3.7190251605474347,0.3592055373194844,-0.9324803002525814,-0.038103432914601346,1.1217757969537046,-0.0024795249249400207,-0.04178179559718693,0.9991236827904851,0.43778846632789487,0.0,0.0,0.0,1.0
1544580844069353000,-0.9333075241700298,-0.35867091245717436,-0.01709508364254076,-3.7269704708421547,0.3590712875553454,-0.9325243674022042,-0.038289876657691006,1.1240620759134665,-0.002208117060761524,-0.04187458367855889,0.9991204349130238,0.43856661287274273,0.0,0.0,0.0,1.0
1544580844159127000,-0.9323707432986493,-0.3611643217315762,-0.015656619970291514,-3.9288277158718863,0.36150245756210864,-0.9313880059164772,-0.04280602307484714,1.1817544348319495,0.0008776202363314989,-0.04557099014833072,0.99896071726551,0.4591853675050563,0.0,0.0,0.0,1.0
1544580844170236000,-0.9323853698043201,-0.3611287984380522,-0.01560490671384691,-3.9391759503178885,0.3614644647285022,-0.9313954668395136,-0.042964230347346394,1.1847341290960867,0.0009812815074223464,-0.0456998390532275,0.998954734608686,0.4602962289434907,0.0,0.0,0.0,1.0
1544580844260009000,-0.9311588192551509,-0.3643901741031745,-0.012769273292159352,-4.148538772643145,0.3645881910570732,-0.9301067431560344,-0.04446231300107278,1.2456956000610826,0.004324842781251145,-0.046057001126133694,0.9989294511536765,0.483744227250082,0.0,0.0,0.0,1.0
1544580844271093000,-0.93116285868653,-0.36438764091257597,-0.012545029011365635,-4.161259618376586,0.36457496818538315,-0.9301079926963107,-0.04454452261573698,1.2494122003452006,0.004563241759446923,-0.04605180857039982,0.9989286299591373,0.4852033039516826,0.0,0.0,0.0,1.0
1544580844360893000,-0.9303344937367205,-0.3666479668180918,-0.006855522722430766,-4.375886556379334,0.36657183487512746,-0.9292993181831133,-0.04503184540615542,1.3135043780191538,0.010140001968489768,-0.044407720641355446,0.9989620286615091,0.5093773129191531,0.0,0.0,0.0,1.0
1544580844371927000,-0.9303844708751662,-0.36652859444524544,-0.006444052166899174,-4.390948804514781,0.3664350190029768,-0.92935633386528,-0.044968673015471264,1.3180208497543453,0.010493483817362394,-0.04419948142769145,0.9989676134084104,0.5110541615390434,0.0,0.0,0.0,1.0
1544580844461724000,-0.9294927867211712,-0.36883775070337516,0.0013686085579514514,-4.611672997280506,0.3684136975343545,-0.9285897743318633,-0.04463606697910971,1.3832859336437784,0.017734342456796788,-0.04098468814537346,0.9990023765913925,0.5346337963440493,0.0,0.0,0.0,1.0
1544580844472784000,-0.9295436045542448,-0.3687067023568576,0.0020136706366086516,-4.629198610008788,0.36825712796693605,-0.9286537504557815,-0.044597079119060024,1.3884055154659265,0.018313244765605717,-0.040713381111613045,0.9990030258535813,0.5364366837481227,0.0,0.0,0.0,1.0
1544580844562579000,-0.9292736884293203,-0.3691854289996613,0.012350344420293619,-4.855502668724665,0.368295659626574,-0.9285717401659775,-0.045965535625705364,1.4525187463340132,0.028437986799176442,-0.038165984586641145,0.9988666770532194,0.5592673832789082,0.0,0.0,0.0,1.0
1544580844573643000,-0.9294002279965946,-0.3688385375694241,0.01316622206736499,-4.87566292570944,0.367913076112688,-0.9287150553070814,-0.04613365876733588,1.4580105577824263,0.02924353988794912,-0.03803260771509201,0.9988485050923434,0.5613161245073964,0.0,0.0,0.0,1.0
1544580844663436000,-0.9285960338096566,-0.3703678928484868,0.02317390644550703,-5.1085066673080455,0.36901613644325404,-0.9281951318117467,-0.04775864660424921,1.519513196862558,0.03919817645589178,-0.03579694439400439,0.9985900468833964,0.5858220786810119,0.0,0.0,0.0,1.0
1544580844674502000,-0.9287428115312845,-0.3699523721542482,0.023917198130398075,-5.131351182587826,0.3685646038070455,-0.9283620721837399,-0.04799995574232382,1.5253713603988563,0.03996151710733695,-0.03576458119639827,0.9985609505094438,0.5883489656266191,0.0,0.0,0.0,1.0
1544580844764298000,-0.928189801987084,-0.3707050587765693,0.03227151816440484,-5.370892129653464,0.36890507055259614,-0.9280883928014348,-0.050606166302493316,1.5841871715427072,0.048710783280087364,-0.03506700079435756,0.9981971574030496,0.6165305066726932,0.0,0.0,0.0,1.0
1544580844775341000,-0.9283826415954114,-0.37015706778408747,0.03300630172878975,-5.396529293072912,0.3683171713246109,-0.9283061435763933,-0.050893664691777106,1.5901499430303534,0.04947860236266627,-0.035092007178388715,0.9981585139347479,0.6195851681107054,0.0,0.0,0.0,1.0
1544580844865154000,-0.9282092342554198,-0.3699094582127882,0.0399325702614768,-5.641127231852744,0.3676598994640136,-0.9283921262575776,-0.05398387008214983,1.645505793449981,0.057042227946300095,-0.03542672194342211,0.9977430188196076,0.6477154044190648,0.0,0.0,0.0,1.0
1544580844876218000,-0.9284066729051991,-0.3693195136351033,0.04079395241245267,-5.669266412430326,0.3669972026336404,-0.9286118267983288,-0.05470949085260636,1.651731715518993,0.05808702922496029,-0.03582138995906578,0.997668644920353,0.6506907906835105,0.0,0.0,0.0,1.0
1544580844966011000,-0.9282866462415189,-0.3688619436551838,0.04716745628706899,-5.888497760860367,0.3660777431340999,-0.9287492090164687,-0.0584122652627792,1.7009520362833224,0.06535279941606495,-0.036956369873208696,0.9971776362987073,0.6741746066185683,0.0,0.0,0.0,1.0
1544580844977054000,-0.928300554788419,-0.3688145700050995,0.04726407654305327,-5.891387501590223,0.3660248438316007,-0.9287682170899386,-0.058441531650238146,1.7016032976069875,0.0654514604693158,-0.03695148001808514,0.997171346583376,0.6744904404469586,0.0,0.0,0.0,1.0
1544580845066868000,-0.9275940061396727,-0.36936243410925995,0.056042412890911726,-6.111660251002001,0.3661240800343728,-0.9286103722322078,-0.060298711443512114,1.7523824782995516,0.07431364472784793,-0.03541424645035595,0.9966058967092334,0.6983428996074247,0.0,0.0,0.0,1.0
1544580845077926000,-0.9276126453776261,-0.36928328223588,0.05625511173767091,-6.1168572429688925,0.36603304470452586,-0.928642578484757,-0.06035537763542829,1.7536014106949698,0.07452912397081563,-0.03539518168163232,0.996590482993823,0.6989034641106106,0.0,0.0,0.0,1.0
1544580845167742000,-0.9269016095464551,-0.3694313907555209,0.06613511733288341,-6.33800411971269,0.36574419597040836,-0.9286755640094664,-0.06158636152315648,1.8055694006976992,0.08417000257901955,-0.03289596230759948,0.9959082620049414,0.7241567993697974,0.0,0.0,0.0,1.0
1544580845178811000,-0.9269024043419715,-0.36936316734834385,0.06650401064200379,-6.345601350824927,0.3656637340379555,-0.9287073094236726,-0.06158544497249288,1.8073429873619176,0.08451015580681553,-0.032765592157618824,0.9958837530234467,0.7250770651101897,0.0,0.0,0.0,1.0
1544580845268562000,-0.9256412881144163,-0.3705144180390188,0.0768587780483964,-6.568501247437008,0.3663729420553381,-0.9283403705443403,-0.06288897953787831,1.8573389111059853,0.09465238014757808,-0.030053659391273597,0.9950566338101522,0.7533345656464784,0.0,0.0,0.0,1.0
1544580845279648000,-0.9256615182723799,-0.37039080729339885,0.07721012538661243,-6.57836119775264,0.3662272045341734,-0.9283899603661403,-0.06300568347727598,1.8594515327395962,0.09501783121476229,-0.030045488245292205,0.9950220502015734,0.7546249214884786,0.0,0.0,0.0,1.0
1544580845369414000,-0.9247918616057025,-0.3703299457542318,0.08726823010424913,-6.802971921716541,0.3657491700280848,-0.9284931435653134,-0.06424972354781938,1.9049233554302445,0.1048215499390635,-0.0274993387169905,0.9941107730220509,0.7843877727641339,0.0,0.0,0.0,1.0
1544580845380514000,-0.9248493725871703,-0.37006927204272944,0.08776315807262987,-6.815241511513141,0.3654635058956038,-0.9285989319426803,-0.0643463243193035,1.9072785098058083,0.10530937224963055,-0.027436426237305096,0.9940609531772733,0.7860075457962349,0.0,0.0,0.0,1.0
1544580845470302000,-0.9248821333408379,-0.36765183381167715,0.09708330712235351,-7.040211621250264,0.3625484415177087,-0.9295924799556038,-0.06645636736289912,1.9483431144593426,0.11468071755959224,-0.02626690512608616,0.9930550753684884,0.8152648081516879,0.0,0.0,0.0,1.0
1544580845481384000,-0.9250020599275229,-0.3672292702660434,0.09753897779712671,-7.05451120752947,0.3620693643340395,-0.9297530630097259,-0.06682078445195493,1.950837226441599,0.11522571128261203,-0.026493487575233725,0.9929859669579997,0.8171241913813428,0.0,0.0,0.0,1.0
1544580845571184000,-0.925022525809199,-0.36491328254791894,0.10569589852815671,-7.278378067878253,0.3593729649621518,-0.930705361379623,-0.06810728561276501,1.9887170834515076,0.12322499259437457,-0.02501652492512585,0.992063392470857,0.8465290308767939,0.0,0.0,0.0,1.0
1544580845582250000,-0.9251886686552707,-0.36436419517353946,0.10613510572579408,-7.294758410524995,0.3588002429208888,-0.9309209461943632,-0.06818047826541375,1.9913820771161206,0.12364591813641931,-0.024998504197808726,0.9920114725728075,0.8487095680938173,0.0,0.0,0.0,1.0
1544580845672005000,-0.9266825495426546,-0.35925430166347966,0.11043459199640307,-7.516347973080322,0.3532689675737122,-0.9328721931699047,-0.07035984479642783,2.025424567542975,0.12829843694499943,-0.026188126062385728,0.991389778609205,0.8783364354219307,0.0,0.0,0.0,1.0
1544580845683110000,-0.9268994089156726,-0.3586071612630155,0.11071761216111053,-7.534598394653996,0.352610489608911,-0.9331215888397898,-0.0703558317331819,2.0280723002717775,0.1285430992684576,-0.02617258741479819,0.9913584958522675,0.8808355524901097,0.0,0.0,0.0,1.0
1544580845772879000,-0.9285459544740904,-0.35347671490561117,0.11338704709683302,-7.753577425674188,0.3473519083174152,-0.9350791562456858,-0.07052392036116535,2.0581549846392884,0.13095442802002588,-0.026099493757451343,0.9910447791132095,0.9114596783334628,0.0,0.0,0.0,1.0
1544580845783914000,-0.9288281028123085,-0.3527342073516739,0.11338842264567194,-7.7734048157863205,0.34654836139190887,-0.935345345180155,-0.0709458840694651,2.0606490086868123,0.13108237350105562,-0.026601958833912538,0.9910145040026025,0.9142367295801137,0.0,0.0,0.0,1.0
1544580845873752000,-0.9309295631026819,-0.346871024935723,0.1142394003901094,-7.990038950259164,0.3403532133460683,-0.9374634137605614,-0.07295229965807769,2.0850591465932697,0.1324002972294867,-0.029031705434528304,0.9907710741503832,0.9449985939952528,0.0,0.0,0.0,1.0
1544580845884818000,-0.9311766153193877,-0.34613417021493814,0.11446068011306355,-8.011544230137144,0.33962072270552496,-0.9377383665220127,-0.0728321403063412,2.087322380603742,0.1325438636501359,-0.028946366995561107,0.9907543752345728,0.9481412631213828,0.0,0.0,0.0,1.0
