1559194794098995359,0.3382109304936059,-0.0434563113451848,-0.9400664420661567,3.211362946239114e-06,-0.9398962009716346,-0.0654824477797615,-0.3351226349142338,-5.4584704877401386e-05,-0.04699465814045154,0.9969070157427097,-0.06299130153617237,-7.59787851388482e-05,0.0,0.0,0.0,1.0
1559194794175226000,0.27128126428090793,-0.13183921850094169,-0.9534279711206372,-0.007930016822233871,-0.9582344095124674,-0.13015128846697385,-0.254651641535398,-0.9071863106078778,-0.0905168054917947,0.9826897081863858,-0.16164048177394427,0.21380177994473026,0.0,0.0,0.0,1.0
1559194794188477000,0.2747039911048347,-0.13011088698429094,-0.9526850866678017,0.0006666222384785546,-0.9570464326303247,-0.13255739206865463,-0.2578578360211899,-0.8793573499392622,-0.09273533879081598,0.9825984403082054,-0.16093620488638927,0.18376088687182374,0.0,0.0,0.0,1.0
1559194794276082000,0.27619763812441206,-0.1266608043736006,-0.9527181667890726,0.0056920516574690385,-0.9568002913247987,-0.1299068943774185,-0.26011036371893165,-1.078090041364967,-0.09081887036996676,0.9834028876450613,-0.15706907192721117,0.18950108794377454,0.0,0.0,0.0,1.0
1559194794289332000,0.2738170091671811,-0.13034772127059455,-0.9529080317902114,0.007197910840233838,-0.9572147104665197,-0.13337300128667784,-0.2568105149604926,-1.1294548486930416,-0.09361753872661355,0.982456672880466,-0.16129055259197342,0.196378525735338,0.0,0.0,0.0,1.0
1559194794376966000,0.25522653958954394,-0.1515748896866897,-0.9549264193149221,0.03291923664817622,-0.9645076578112185,-0.1090743328555147,-0.2404740483620645,-1.4012701940048473,-0.06770813475988856,0.982409203300022,-0.17403380636745422,0.13363420697581174,0.0,0.0,0.0,1.0
1559194794390162000,0.2528544035810017,-0.1654924908557571,-0.9532454490109308,0.030477146765563918,-0.9607826823168738,-0.15888773602662645,-0.22726927795091478,-1.7026823996451588,-0.11384765236794585,0.9733277571356341,-0.1991777829970436,0.26111104644067434,0.0,0.0,0.0,1.0
1559194794477767000,0.23508920306365408,-0.17382286579407022,-0.9563046993139946,0.05369203025911803,-0.9707352248794848,-0.09164234399595006,-0.22197928724343874,-1.6621935227855815,-0.04905292836389728,0.9805035910765774,-0.1902801043326976,0.10839068163179597,0.0,0.0,0.0,1.0
1559194794491043000,0.23442903718383745,-0.19999995319071293,-0.951337503333476,0.06552472256655408,-0.9630713813515984,-0.18108785389960713,-0.19925035405630168,-2.261043431173987,-0.13242560532837588,0.9629159921269067,-0.2350664824250085,0.30061034263654174,0.0,0.0,0.0,1.0
1559194794578635000,0.21195593100144092,-0.19903725665838543,-0.956796140133947,0.09118850218526205,-0.9766115449226233,-0.07932242736990398,-0.19984454668564153,-1.9236440086001048,-0.036118882003130987,0.9767763935405341,-0.21119494166478922,0.029187914605213288,0.0,0.0,0.0,1.0
1559194794591873000,0.21674525399486522,-0.23264166661120975,-0.9481030270108093,0.10706360075189753,-0.9648692911694821,-0.19877270439395303,-0.1718041412365322,-2.75265455793281,-0.14848820097505752,0.9520332278572377,-0.26755184026075574,0.31369406437455755,0.0,0.0,0.0,1.0
1559194794679507000,0.19326045002087067,-0.21812238696166988,-0.9565944923340675,0.10416222654676235,-0.9808043933823983,-0.06873112631077473,-0.18247951720079295,-2.1556023582585353,-0.025944949017354644,0.9734981543804754,-0.22721840382832073,0.002578777693769708,0.0,0.0,0.0,1.0
1559194794692736000,0.20143214513927485,-0.2651621491296274,-0.9429284838064618,0.156960437563724,-0.9662001713089029,-0.21190297663636729,-0.1468140233604775,-3.2353996467408552,-0.1608798305171739,0.9406307262478787,-0.2988837850589446,0.3069607940031425,0.0,0.0,0.0,1.0
1559194794780369000,0.17330957140917397,-0.24084802067389935,-0.954963885911627,0.13709994423556995,-0.9845825517606447,-0.06568934375506681,-0.16211757734903626,-2.4147499642599786,-0.02368525335436008,0.9683373074783893,-0.24851935079394571,-0.04923032960583045,0.0,0.0,0.0,1.0
1559194794793595000,0.18372163785284856,-0.2983341215045495,-0.9366125729087654,0.2130831119891477,-0.967863623672267,-0.22135176559887348,-0.11934572400484825,-3.7103967829593794,-0.17171594496914788,0.9284396306773925,-0.3294138528219211,0.2807374104353898,0.0,0.0,0.0,1.0
1559194794881213000,0.15509727693556988,-0.26207603492016357,-0.9525024864049946,0.16652652387644984,-0.9877275070729635,-0.05911318351949988,-0.14456833438073105,-2.7026671974079894,-0.018417558432123848,0.9632350613711661,-0.26802800243012787,-0.02915129177980388,0.0,0.0,0.0,1.0
1559194794894452000,0.1625756301616132,-0.3339346645392032,-0.9284701418444437,0.2734943150960653,-0.9704204230937314,-0.22432159720153222,-0.08924137757534173,-4.1776958057741815,-0.1784751156888419,0.9155148610743791,-0.3605262434716944,0.23349985211023702,0.0,0.0,0.0,1.0
1559194794982100000,0.1339541153332846,-0.28865132555808226,-0.948017250496444,0.20458673112982165,-0.9908692518106345,-0.053793140246496854,-0.12363018999684737,-3.087339347382301,-0.015310806690465938,0.9559219164325005,-0.29322153550260444,-0.029353985810826873,0.0,0.0,0.0,1.0
1559194794995336000,0.14400884652307394,-0.3690688557614331,-0.9181773422547702,0.3365073052780732,-0.9721869703439597,-0.2259436835988391,-0.061659926493743016,-4.6386378352176845,-0.18469961238865673,0.9015196234962037,-0.39134182198526285,0.16515813915468225,0.0,0.0,0.0,1.0
1559194795082944000,0.12285054317294641,-0.311496507983636,-0.9422726089386831,0.29510463473886117,-0.9922420379864884,-0.05679238423341749,-0.11059097226042637,-3.5748501802775734,-0.01906520638583193,0.9485486548443818,-0.316056905158519,-0.0636592971823708,0.0,0.0,0.0,1.0
1559194795096192000,0.127085008177619,-0.405163204105194,-0.9053685319999285,0.401041336945962,-0.9733976059188826,-0.22638295141150985,-0.035325063362816066,-5.093058588495763,-0.1906475845319533,0.8857728474893686,-0.4231547721138256,0.07489753538288184,0.0,0.0,0.0,1.0
1559194795099977732,0.12349544440110453,-0.40932770886741693,-0.9039909855554528,0.36494413933590053,-0.9818588888688414,-0.18248408913176806,-0.05150417034563641,-5.065586466510348,-0.1438818875377205,0.8939521150302744,-0.42443800309525026,-0.014280450782577551,0.0,0.0,0.0,1.0
1559194795183793000,0.09885407903308964,-0.3520548328384256,-0.9307444685485005,0.3565136770907821,-0.9949738154807568,-0.0499776663881776,-0.08677176597288183,-4.195321072778624,-0.01596801697708029,0.9346441181206365,-0.35522583647071426,-0.00017048183181947468,0.0,0.0,0.0,1.0
1559194795197050000,0.11663053726174635,-0.4316088757191112,-0.8944892934957474,0.4074382776765147,-0.9851111346468102,-0.1648111082721892,-0.048921886563881155,-5.513859790063052,-0.12630665134074717,0.8868771487588226,-0.4444047173877796,-0.044220958519430975,0.0,0.0,0.0,1.0
1559194795284691000,0.09368240424442842,-0.3752826972565011,-0.9221640332797989,0.38754071371115123,-0.9955654647280946,-0.04326080407764542,-0.08353387499264246,-4.637911989904798,-0.00854473965164217,0.9259003185929081,-0.37767126903412473,0.010284657210507014,0.0,0.0,0.0,1.0
1559194795297924000,0.1076335923424355,-0.45525408328063105,-0.8838318445585516,0.44689979666183216,-0.9893672173070421,-0.13651196847727698,-0.05016963006213691,-5.9618934408682716,-0.09781369596112441,0.8798341901283304,-0.46510673910797795,-0.06966477498650014,0.0,0.0,0.0,1.0
1559194795385497000,0.08493172479938714,-0.3981075758431133,-0.9133985768430564,0.41188451308482843,-0.9963721165120337,-0.03890631696088571,-0.07568952330322909,-5.098117870409147,-0.005404401903308908,0.916513314991583,-0.3999676685473569,-0.051068458288959055,0.0,0.0,0.0,1.0
1559194795398774000,0.09765365718905136,-0.4749963988883485,-0.8745525623315572,0.48682574542838064,-0.992521439820211,-0.1111555944897131,-0.050454190220931526,-6.415462770537772,-0.07324585131469621,0.8729392045593648,-0.48229886005302774,-0.08467107428846869,0.0,0.0,0.0,1.0
1559194795486381000,0.0761132004240402,-0.42196480007313203,-0.9034115829567668,0.4441901567998947,-0.9970891617178206,-0.028148077773960223,-0.07085823383692066,-5.58029436246476,0.004470380975567495,0.9061751448902539,-0.4228789690645067,-0.007827033813461474,0.0,0.0,0.0,1.0
1559194795499612000,0.08921672000149562,-0.4966399344003841,-0.8633592256013433,0.5346958615113727,-0.9945482305098299,-0.0914015064734996,-0.050195436088722206,-6.884405691699935,-0.05398327576145538,0.8631306622830384,-0.5020869105691842,-0.07973078445759492,0.0,0.0,0.0,1.0
1559194795587209000,0.06967615541236415,-0.4483422019430375,-0.8911422464027983,0.4908363860631477,-0.9975335168764831,-0.023709127875162248,-0.06606633002854591,-6.078746997704963,0.008492118404369883,0.8935475069699811,-0.44888833434690323,-0.02886757308382536,0.0,0.0,0.0,1.0
1559194795602774000,0.08174615156210413,-0.5184473130942974,-0.8511932508250308,0.5739348330069447,-0.996021164270724,-0.07290689340614641,-0.05124866065230951,-7.361891804296389,-0.035488125191060683,0.8519958734871732,-0.5223443543595134,-0.06733930408002117,0.0,0.0,0.0,1.0
1559194795688076000,0.06965764682284825,-0.46964296814755574,-0.880104138558986,0.5447824359343787,-0.9975199491244678,-0.023870617441546907,-0.06621287428952065,-6.571916160952462,0.010087781610647526,0.8825336685319795,-0.47014100073239895,-0.04680022327639756,0.0,0.0,0.0,1.0
1559194795703632000,0.07295638315508605,-0.5385633652107631,-0.8394205547934771,0.5989439607763171,-0.997110382821579,-0.057254998186154295,-0.04992744387714569,-7.786238898896307,-0.02117193015127408,0.840637476463882,-0.5411842408441941,-0.051725818123732184,0.0,0.0,0.0,1.0
1559194795788934000,0.05933554976733538,-0.49647238549896433,-0.8660222069732268,0.5195711211178226,-0.9982158013347229,-0.02371187420900697,-0.054799279075421495,-7.081989011517869,0.006671319172241774,0.8677285966582317,-0.496993537223611,-0.05548860330261163,0.0,0.0,0.0,1.0
1559194795804494000,0.06713015796085217,-0.5575092918006975,-0.8274520719945248,0.6115989929364744,-0.9976814646281501,-0.046809823030208676,-0.049401777349690104,-8.202836864944775,-0.011190935152121757,0.8288499442141306,-0.5593590376016634,-0.03272358089215205,0.0,0.0,0.0,1.0
1559194795889791000,0.06185199779810947,-0.5121864923824838,-0.8566442245117345,0.5993722901257712,-0.9980223110023336,-0.022093565191552936,-0.05885015818746455,-7.624293665136277,0.011215931077974162,0.8585900485086346,-0.5125400779373248,-0.06721108182359535,0.0,0.0,0.0,1.0
1559194795905364000,0.06104915268285307,-0.5755914564862155,-0.8154553796356843,0.6087793024227762,-0.9981340337809721,-0.03619115424345078,-0.04917978205166483,-8.609302888535689,-0.0012048090422543307,0.8169361514675447,-0.5767268615736306,-0.0100163853174061,0.0,0.0,0.0,1.0
1559194795990650000,0.05942245898625558,-0.535187247495725,-0.8426408377748923,0.5932114603937979,-0.9980544717825874,-0.015892050995184908,-0.060288589881926535,-8.015468243398086,0.018874393309762552,0.8445839525074544,-0.5350903703525904,-0.01739247339562908,0.0,0.0,0.0,1.0
1559194796006215000,0.0523084387030133,-0.5941397564753486,-0.802659191074182,0.5886982716945288,-0.998567076109443,-0.022026633950233188,-0.04877111754985915,-9.004214806783903,0.01129697971552311,0.8040601825561516,-0.5944405782557886,0.015291689679373053,0.0,0.0,0.0,1.0
1559194796091527000,0.05105430198510379,-0.5610642344525762,-0.8261963344550475,0.6039549851131424,-0.9984495587291397,-0.010302438173863235,-0.05470227089671838,-8.529102574182032,0.02217965108828914,0.8277081518179071,-0.56072032109759,-0.0320936997450272,0.0,0.0,0.0,1.0
1559194796100973768,0.04321806497407976,-0.610937921558568,-0.7904979790370039,0.5523254344143372,-0.9986995748418284,-0.005000622099404901,-0.05073611129537138,-9.363025413703745,0.02704363271925075,0.7916627121320751,-0.6103595597260945,0.0416369510486303,0.0,0.0,0.0,1.0
1559194796107090000,0.04654286630457397,-0.6094020300579989,-0.7914941107534166,0.6468035346227913,-0.9988796835232473,-0.02160936808878561,-0.04210003628615885,-9.431775428490337,0.008552159998924261,0.7925668432201778,-0.6097250688526451,0.008404377593148183,0.0,0.0,0.0,1.0
1559194796192378000,0.04072655140572596,-0.5855609849043336,-0.8096046448535631,0.6237718778655442,-0.9989342657614346,-0.0062496653957081864,-0.04573045342117016,-9.022404784451238,0.021718211212275948,0.8106042651259061,-0.5851914598329587,-0.032365357266704066,0.0,0.0,0.0,1.0
1559194796207960000,0.04332375926195626,-0.6248813771090135,-0.7795167197858863,0.6414593688041658,-0.9989399077619047,-0.014942303025947463,-0.043540650671771076,-9.787538681633183,0.01555996671116589,0.7805767048295882,-0.6248663019505268,0.0013464163421817704,0.0,0.0,0.0,1.0
1559194796293231000,0.03987057980785866,-0.6058329817291572,-0.794592181634669,0.6663757777456895,-0.998801452644438,-0.0015699436480296359,-0.04892027669900061,-9.503915559738726,0.028390052151239333,0.7955903050729708,-0.6051694567745082,-0.007770382979755379,0.0,0.0,0.0,1.0
1559194796308788000,0.04192565451411725,-0.6402723582381042,-0.7670029639902147,0.6425631137065732,-0.9989262345827542,-0.011715385559167634,-0.04482329309095736,-10.146194919059113,0.01971338012317563,0.7680586286328738,-0.6400760311296632,-0.004551017225673373,0.0,0.0,0.0,1.0
1559194796394081000,0.038522086067494306,-0.6230416310296167,-0.7812395118585322,0.6936023433700997,-0.9986328046391472,0.003642544234675003,-0.05214646076244163,-9.870107476630281,0.0353351154456741,0.7821801952718119,-0.6220494929995447,-0.022489494630100092,0.0,0.0,0.0,1.0
1559194796409675000,0.03886310701492274,-0.6554702532729458,-0.7542203961624512,0.6472248761179322,-0.9988053767418167,-0.003106157695688859,-0.04876649644989935,-10.50724649287216,0.029622260291464263,0.7552146045056792,-0.6548079282022745,-0.009222049530840187,0.0,0.0,0.0,1.0
1559194796494919000,0.03924223258373505,-0.6416821317227366,-0.7659661147920381,0.7107815880725794,-0.9983920758599405,0.006201696144958994,-0.05634537980177482,-10.29391696817497,0.04090611252520466,0.766945617884796,-0.6404069871303594,-0.025549512235862968,0.0,0.0,0.0,1.0
1559194796510511000,0.03386501333088879,-0.6704031099452256,-0.7412238737708493,0.6528885683943355,-0.9986331864021362,0.006844572859420085,-0.051816125276681,-10.869151521632638,0.039811052339965264,0.7419655126743678,-0.6692550023073784,-0.010470148763113623,0.0,0.0,0.0,1.0
1559194796595776000,0.034190502544600425,-0.6641438279487105,-0.7468225929451884,0.7238776820358387,-0.9983671489828291,0.011518286193884371,-0.05594966411925688,-10.75210977128726,0.045760740462209404,0.7475160900480935,-0.6626655640302744,0.0011014747874609132,0.0,0.0,0.0,1.0
1559194796611378000,0.03003182985759111,-0.6835527411069419,-0.7292830310109968,0.6575163566550083,-0.9984391363348655,0.013857458015163398,-0.05410417629203272,-11.193845803654954,0.047089066993158055,0.729769567043286,-0.6820696436487788,-0.007773447869263744,0.0,0.0,0.0,1.0
1559194796696633000,0.02943137728172753,-0.6832112088324263,-0.7296274653253113,0.7388635970410419,-0.9981394102415723,0.018907720627409755,-0.05796736860753943,-11.19509954267379,0.05339954825564803,0.7299759874313766,-0.681383552795106,0.030982455160332763,0.0,0.0,0.0,1.0
1559194796712240000,0.025387188409732545,-0.6967250662979432,-0.7168888844561422,0.6611881614742903,-0.9981727268772728,0.021667825490941386,-0.056406672095458216,-11.517783985004732,0.05483336560014666,0.7170109394776479,-0.6949018741422018,-0.002548706093700486,0.0,0.0,0.0,1.0
1559194796797542000,0.025697793940830226,-0.7019989149168172,-0.7117142311645739,0.7276388947316741,-0.9975173420956073,0.028687485987485883,-0.06431314302874765,-11.593440639062074,0.06556504865469892,0.711599994100147,-0.699518886658239,0.06284056909623809,0.0,0.0,0.0,1.0
1559194796813094000,0.020110484579983157,-0.7105140019883994,-0.7033956364581643,0.6626984400996317,-0.9977967280200513,0.030226321196559443,-0.05905979223973838,-11.84051337783895,0.0632238717767032,0.7030335856026732,-0.7083406804301267,0.0041328520257521584,0.0,0.0,0.0,1.0
1559194796898375000,0.018842996442258796,-0.7208588486938259,-0.6928257080571453,0.7419249070737332,-0.9969789790016952,0.038677121654602284,-0.06735722447702928,-11.934214956266487,0.07535155548368651,0.6920018789861211,-0.717952326109375,0.05296955068548659,0.0,0.0,0.0,1.0
1559194796913947000,0.014031615452316971,-0.7250911261198322,-0.6885099654980098,0.6599439645796878,-0.9973148414498504,0.03934850310235134,-0.06176408606513955,-12.161378227482952,0.07187642723213258,0.6875278569817191,-0.7225920184187381,0.012254120163893652,0.0,0.0,0.0,1.0
1559194796999207000,0.008635168320958463,-0.7398829430913002,-0.6726802096023237,0.7484796216787166,-0.9961832575912449,0.0520670625688857,-0.07005667912731588,-12.368563647775732,0.08685822449813664,0.6707177137350747,-0.7366093926356264,0.07589024285845522,0.0,0.0,0.0,1.0
1559194797014785000,0.008835422084500274,-0.738844625823427,-0.6738178939508966,0.6483882952844969,-0.9966345755453552,0.048410629385477404,-0.06615084118912759,-12.479621192009146,0.08149514184364727,0.6721346813357728,-0.7359303717075037,0.023252814246122574,0.0,0.0,0.0,1.0
1559194797099596625,0.004508249387165354,-0.7490626710094535,-0.6624838040191176,0.6297857008256385,-0.9961079086259543,0.054953600264267675,-0.06891397674505735,-12.741937246793764,0.0880267576381544,0.6602160379134819,-0.7458995061142905,0.03487760676449867,0.0,0.0,0.0,1.0
1559194797100065000,0.002394487078301075,-0.7568037382794106,-0.6536377958456328,0.7515246615206291,-0.9948601368348557,0.0643654796784,-0.07816900384871873,-12.678376746604256,0.10123030459582381,0.6504653616850616,-0.7527597483124066,0.11049584226844737,0.0,0.0,0.0,1.0
1559194797115663000,0.003620873679393594,-0.7535006433020116,-0.6574371983826702,0.6558054651261861,-0.9951223211187825,0.06209741389413771,-0.07665166142243196,-12.663448496063051,0.09858222600934158,0.6545079768277209,-0.7496004622356717,0.06355882402546673,0.0,0.0,0.0,1.0
1559194797200969000,0.001060633565916126,-0.7573387039297383,-0.653021410511522,0.7593017147947764,-0.9950765546022836,0.0639175471168867,-0.07574429121334698,-13.021147443619387,0.09910361011229919,0.6498866321910158,-0.7535421950774375,0.11982718927904848,0.0,0.0,0.0,1.0
1559194797216519000,0.016156864513128217,-0.7373163789538478,-0.6753543610990405,0.1445713783878194,-0.9959831224149682,0.04762698363588589,-0.07582407463511702,-12.569142304041506,0.08807142325197946,0.6738666246047,-0.7335851665963786,-0.1761165509007454,0.0,0.0,0.0,1.0
1559194797301804000,0.0009115045352921253,-0.7579733520937169,-0.6522848815320642,0.7476385965123423,-0.9950845903850938,0.06390465666633001,-0.07564953955242672,-13.28194022820779,0.09902437648184403,0.6491475890521151,-0.7541893532066143,0.1610467846849858,0.0,0.0,0.0,1.0
1559194797317367000,0.03479559417952495,-0.7192331356415516,-0.6938969399132068,-0.18479664039843485,-0.9963377010209341,0.029298073082655,-0.08032937468920077,-12.52804384997274,0.07810539129924765,0.694150790180971,-0.7155796450019589,-0.3633840868178788,0.0,0.0,0.0,1.0
1559194797402660000,0.0009430448707287561,-0.7597621454801382,-0.6502004252242378,0.7098663528321276,-0.9953709048828554,0.06177338345255077,-0.07362615574311296,-13.597383154599392,0.09610344623923167,0.6472600183791904,-0.7561868791698945,0.21684555644345474,0.0,0.0,0.0,1.0
1559194797418235000,0.05872027881302294,-0.7000775278424355,-0.7116483568913413,-0.37576462571148983,-0.9956452983911859,0.010633265230603811,-0.09261411049109115,-12.585933421592026,0.07240420324567941,0.7139876670367341,-0.6964045108066136,-0.503943369598874,0.0,0.0,0.0,1.0
1559194797503538000,0.0028894752306706595,-0.758560308103072,-0.65159643177619,0.7694693656506317,-0.9955301633145074,0.05932910221482468,-0.07348300185333777,-13.88674500199498,0.09439991982987073,0.6488962294550278,-0.7549982374384454,0.21054629732834032,0.0,0.0,0.0,1.0
1559194797519078000,0.08817989386671435,-0.6716127449938853,-0.735636205661081,-0.411680348484561,-0.9943581853084239,-0.01563820183172684,-0.1049154228585916,-12.797436995180492,0.05895850767939975,0.7407373133609814,-0.6692026053199224,-0.5678185564845021,0.0,0.0,0.0,1.0
1559194797604377000,0.00339926412816143,-0.7602973285433633,-0.6495663301104878,0.7594355426674573,-0.9955926540154487,0.05830591841089022,-0.07345534118587226,-14.150852822571341,0.09372146111674323,0.6469531606600953,-0.756748237948432,0.23940318160614593,0.0,0.0,0.0,1.0
1559194797619956000,0.12032263159450372,-0.6227194351866726,-0.7731383895312445,-0.2852903391869158,-0.9924516516946866,-0.05685333498993501,-0.10866194066464696,-13.202476428137498,0.023710406463377524,0.7803769623337904,-0.6248596748743094,-0.4736230606238678,0.0,0.0,0.0,1.0
1559194797705222000,0.00304859197703897,-0.760740103480462,-0.6490494596280706,0.7358608384959758,-0.9956783474215063,0.05793538420569582,-0.07258181406464072,-14.39082985013921,0.09281882655438538,0.6464657656933369,-0.7572758277032162,0.26549720901553847,0.0,0.0,0.0,1.0
1559194797720802000,0.12906020592635223,-0.5764071754169052,-0.8069065815657682,-0.0267826581665721,-0.9913681317967279,-0.09393723817968426,-0.09146049716149841,-13.736339623967817,-0.02308008891021376,0.811745380899134,-0.5835552639509124,-0.2990370362917095,0.0,0.0,0.0,1.0
1559194797806084000,0.003513902939682037,-0.7596501842977806,-0.6503224200213928,0.7303369977818371,-0.9957026069719762,0.057524803331823124,-0.07257558453673832,-14.57201747921575,0.09254172548285812,0.6477827525474765,-0.7561835323165071,0.2556488898441294,0.0,0.0,0.0,1.0
1559194797821665000,0.1279601167344146,-0.5315540343373459,-0.8373031213992979,0.22795034308429968,-0.9893408489056806,-0.1275780834695468,-0.07020339952464849,-14.16708249549734,-0.0695046272696688,0.8373614161148879,-0.5422130260240678,-0.17020067106200748,0.0,0.0,0.0,1.0
1559194797906961000,0.004161991011664571,-0.76157710988257,-0.6480609412190562,0.7360184594778733,-0.9956917264736813,0.05687606195549568,-0.07323318515734521,-14.751762792432599,0.09263187174333742,0.6455737132809449,-0.7580593097231767,0.2833963704258112,0.0,0.0,0.0,1.0
1559194797922535000,0.12665612047958186,-0.48141028636767824,-0.8672960067499706,0.4266743952126263,-0.9845726812145309,-0.16742420237651498,-0.05085048539208615,-14.546278642785937,-0.12072639541991205,0.8603564799767462,-0.49518871636068107,-0.07028038309270566,0.0,0.0,0.0,1.0
1559194798007818000,0.0038872564501973767,-0.7608677484330687,-0.6488953371936644,0.7594101976244687,-0.9956277212941481,0.05761696323759628,-0.07352364339381215,-14.917771840904146,0.0933291477937804,0.6463439911855517,-0.7573170506666413,0.28937717518020545,0.0,0.0,0.0,1.0
1559194798023392000,0.11945631348113675,-0.42761178328424115,-0.8960347939482985,0.5722168781035739,-0.9772625234179231,-0.20988212878349818,-0.030123949610521495,-14.875514899397176,-0.1751803342054337,0.8792597197721408,-0.44296071574564844,0.003790996738594856,0.0,0.0,0.0,1.0
1559194798099500605,0.1096214235401937,-0.38421344762891524,-0.916713243147562,0.6494885911997811,-0.969111092740574,-0.24629954404171422,-0.01265798293616362,-15.08799007142161,-0.22092268654031544,0.8897845589051023,-0.39934522071243816,0.043349679832119674,0.0,0.0,0.0,1.0
1559194798108667000,0.0037828419803275213,-0.7604416206142505,-0.6493952815844307,0.7625784954222732,-0.9958742053553123,0.05601387446724621,-0.07139336786491424,-15.157892441696685,0.09066563414259753,0.6469860798384625,-0.7570923030125077,0.32686053975980844,0.0,0.0,0.0,1.0
1559194798124238000,0.1055540913580276,-0.3688534111241218,-0.9234746855759933,0.670772204710168,-0.9658106879838075,-0.2591570345228588,-0.006880874476240356,-15.15519829387179,-0.23678692694872716,0.8926280258648707,-0.38359765206106844,0.05425506456015448,0.0,0.0,0.0,1.0
1559194798209552000,-1.1558577719050088e-05,-0.7632767751857906,-0.6460716402446247,0.7384794507602437,-0.9961218586414431,0.05685296960505517,-0.06714895817363677,-15.393446510046651,0.08798433157737486,0.6435653069495512,-0.7603173370953835,0.36932941617439546,0.0,0.0,0.0,1.0
1559194798225089000,0.08896565383302434,-0.3078781247087981,-0.9472571840655818,0.7326394882297134,-0.9499803689761898,-0.31207092379824125,0.01220807435949829,-15.394326059572949,-0.2993700235459765,0.8987896299165375,-0.32024176828855083,0.0863302188912371,0.0,0.0,0.0,1.0
1559194798310382000,-0.0011036115802724531,-0.7644671934659478,-0.6446616881402062,0.7373863571470413,-0.9962264283297979,0.05678770810762179,-0.06563581114861398,-15.532078867603682,0.08678528411391406,0.6421565746157074,-0.7616450932941704,0.36858480070718797,0.0,0.0,0.0,1.0
1559194798325948000,0.06950382796885529,-0.24799003808865977,-0.9662660911500831,0.7656471021828616,-0.9306436094944013,-0.3649498632598033,0.026722077274702532,-15.594265247644346,-0.3592654867989714,0.8973920761380924,-0.25615575667875184,0.10274149117893867,0.0,0.0,0.0,1.0
1559194798411231000,-0.0003675931661585284,-0.7649470100906156,-0.644093111769325,0.761783627228588,-0.9961212685674812,0.056954016920402584,-0.06707203787080838,-15.704008845666559,0.08799024481598372,0.6415701923484772,-0.7620009219857691,0.3775327350951477,0.0,0.0,0.0,1.0
1559194798426795000,0.04805661147844873,-0.1908348213515034,-0.980445119857787,0.7762659163209477,-0.9091832374910963,-0.4148216745645346,0.036177603246750636,-15.761331072064692,-0.4136138328905548,0.8896656952312012,-0.1934387447497839,0.10780549694740178,0.0,0.0,0.0,1.0
1559194798512098000,0.002753824777570891,-0.761998171729569,-0.6475733184203073,0.787725782791727,-0.9960120918286052,0.05565827169088369,-0.06972854310530689,-15.876781609258634,0.08917583406001442,0.6451828756819085,-0.7588061198662813,0.4033585271225829,0.0,0.0,0.0,1.0
1559194798527671000,0.026311702305539055,-0.13815688659262174,-0.9900607905622849,0.7707313203819925,-0.8866042304240997,-0.4607320270727239,0.040730060441262345,-15.901205595436302,-0.46177985330228144,0.8767204080643349,-0.1346131240542097,0.10486468541450554,0.0,0.0,0.0,1.0
1559194798612931000,0.002984447460052845,-0.7637198565045502,-0.6455409157087009,0.7584865607996898,-0.9961336075546512,0.05440883491024127,-0.06897473873717898,-16.018635630363196,0.08780050668139751,0.6432508526728737,-0.7606046355118461,0.3994493035830628,0.0,0.0,0.0,1.0
1559194798628527000,0.00486244686257465,-0.09011692829843411,-0.9959193219556296,0.7540246568968856,-0.8638215229534896,-0.5021091333169018,0.04121643752266583,-16.019092325736395,-0.5037744863456477,0.8600961326932024,-0.0802864212266131,0.09649939740161953,0.0,0.0,0.0,1.0
1559194798713789000,0.0007445517960485962,-0.7647118361592176,-0.6443719836248479,0.7519816522920182,-0.9961422231199337,0.05597670147414171,-0.06758165586715269,-16.11518813091243,0.08775031031451876,0.6419364583275137,-0.7617200709641498,0.4283335184952081,0.0,0.0,0.0,1.0
1559194798729371000,-0.014026976550507659,-0.04766022994215921,-0.9987651107296001,0.7304459472528236,-0.841885990954399,-0.538350005747417,0.03751332491904212,-16.120473570574955,-0.5394730967931403,0.8413725535062425,-0.032573057007387086,0.08527243222268079,0.0,0.0,0.0,1.0
1559194798814671000,0.00206142215497056,-0.7650985657634799,-0.643909881276381,0.7519800183137567,-0.9962467344187048,0.05414928522774031,-0.06752998644595012,-16.156743406637798,0.08653435559801874,0.6416323242917149,-0.7621153231140579,0.396253176656498,0.0,0.0,0.0,1.0
1559194798830230000,-0.030000098747174003,-0.009478333929198408,-0.999504955095816,0.7038214738740031,-0.8220052651382916,-0.5686856960349375,0.03006531573397062,-16.209295178738213,-0.5686891401812484,0.822500298061457,0.009269386642611243,0.0726485423620207,0.0,0.0,0.0,1.0
1559194798915529000,0.00102016517420846,-0.765030971992177,-0.64399267942712,0.7459346608224161,-0.9962028802912312,0.05528611341120834,-0.06725523744166333,-16.33767337237817,0.08705619198235601,0.6416159735827837,-0.7620696568430884,0.4175153609093398,0.0,0.0,0.0,1.0
1559194798931088000,-0.042741864833013676,0.024624425613120077,-0.9987826443495195,0.6770940906349736,-0.8044960690868683,-0.5936281254963423,0.019792004534015806,-16.288832689635473,-0.592418102200106,0.8043626584339448,0.04518302671031412,0.059503172843642586,0.0,0.0,0.0,1.0
1559194799016386000,0.0010043896714750017,-0.7658107249172039,-0.6430652570332006,0.7704488118168644,-0.9962622206982383,0.05477828934566513,-0.06679016863114172,-16.447772724120643,0.08637464217466573,0.6407287043813074,-0.7628932746925,0.42411096401540715,0.0,0.0,0.0,1.0
1559194799031955000,-0.05118295142781171,0.05202576003803835,-0.9973332571290311,0.6553196629136446,-0.7913837457917186,-0.6112573906705034,0.008727499490163406,-16.35476856189745,-0.6091732695874014,0.7897200280119231,0.07245829819314148,0.04789740827927566,0.0,0.0,0.0,1.0
1559194799099076452,-0.055220265220916796,0.06713051818295161,-0.996214944596505,0.6436693384235159,-0.7845123685575808,-0.6201108423577809,0.0016990498804261393,-16.394565812626528,-0.6176496303642606,0.7816367677628848,0.08690740700356565,0.041053175628445335,0.0,0.0,0.0,1.0
1559194799117243000,0.001066234587825025,-0.7654535738742247,-0.643490240319913,0.7526249782324742,-0.9962755627750388,0.05466859431727248,-0.06668094040018104,-16.54130964703367,0.08621987103378621,0.6411646988399682,-0.7625444005435806,0.4388469575936066,0.0,0.0,0.0,1.0
1559194799132827000,-0.05673841739088606,0.07444624733370632,-0.9956096163908347,0.6381705787994897,-0.7815168351330225,-0.6238805754430424,-0.0021128153060340736,-16.415925507391528,-0.6212987915613881,0.7779657986330681,0.09357899209531964,0.037654595758203034,0.0,0.0,0.0,1.0
1559194799218097000,0.0016719220406799119,-0.765903915849042,-0.6429528725838279,0.7644725960814155,-0.9962687128713714,0.054204400158671985,-0.0671605148659366,-16.6392075545268,0.08628937611495968,0.6406661179511076,-0.7629554828947406,0.42895468829241096,0.0,0.0,0.0,1.0
1559194799233661000,-0.059878066186881525,0.09540553085658199,-0.9936359503720125,0.6259817360259982,-0.7749318127610758,-0.6318903632923495,-0.013973344234412256,-16.474576584015264,-0.6292021159854385,0.769163411415441,0.1117691539701929,0.028912130943885887,0.0,0.0,0.0,1.0
1559194799318957000,0.0022833047584522943,-0.7662434570499834,-0.642546302648667,0.7554833725286836,-0.9963785802922258,0.05287163262049701,-0.06659065399058237,-16.686974021061392,0.084997124976262,0.6403714195622215,-0.763347845843319,0.4474131284613486,0.0,0.0,0.0,1.0
1559194799334519000,-0.06020837091155386,0.11298198704056552,-0.9917711543882196,0.6188392248350327,-0.7712110206907946,-0.6360629571916151,-0.02564129586654856,-16.52907397711864,-0.6337258978748131,0.7633210236152459,0.1254292679949199,0.02071774323015626,0.0,0.0,0.0,1.0
1559194799419814000,0.0013471999309912143,-0.765117404590285,-0.6438893866537736,0.798494032909648,-0.996291011207114,0.054371619015369556,-0.06669293840844993,-16.725685095261525,0.0860372363587517,0.641591056856836,-0.7622063432700307,0.41436588664056534,0.0,0.0,0.0,1.0
1559194799435376000,-0.057901592126855035,0.12773584402855329,-0.9901166394821808,0.6163423317350774,-0.7698459612657921,-0.6371459438898123,-0.03717851674694197,-16.579065369747756,-0.6355978300402867,0.7600846007748588,0.13522868820264466,0.013771872083000467,0.0,0.0,0.0,1.0
1559194799520662000,0.0014950517777439722,-0.7670598570332554,-0.641573799767653,0.7773038477562214,-0.9963747614457699,0.05342935771756573,-0.06620149913539675,-16.78348779648092,0.08505938851218801,0.6393469163623209,-0.7641992024098966,0.4073909279139502,0.0,0.0,0.0,1.0
1559194799536257000,-0.05363298421765652,0.14028863961382615,-0.9886569681134145,0.6178689420040958,-0.7702559647932792,-0.6358920136494919,-0.04844683351017945,-16.624201726353988,-0.6354756106289842,0.7589205785667544,0.14216294778747976,0.008725680676561617,0.0,0.0,0.0,1.0
1559194799621509000,0.0031863366131021434,-0.7657550710744669,-0.6431244190533633,0.8194574970204781,-0.9963777128247127,0.0522209938331787,-0.06711498483402122,-16.85606159798241,0.08497823630308994,0.6410086886515766,-0.762814892636479,0.4059680572212682,0.0,0.0,0.0,1.0
1559194799637112000,-0.04768695891529969,0.15075462366557343,-0.9874203752165841,0.6224772414934039,-0.7720896406530017,-0.6327394435443084,-0.059315962266112576,-16.663655918159645,-0.6337219743276468,0.7595484448188208,0.14656950306111616,0.005766792631797817,0.0,0.0,0.0,1.0
1559194799722379000,0.002854085746406109,-0.7658382130689634,-0.6430269711278764,0.7962519370194076,-0.996353698300006,0.05265425407998199,-0.06713298303501984,-16.86982657151507,0.08527110928357681,0.6408739040799017,-0.7628954561346712,0.4024016196124717,0.0,0.0,0.0,1.0
1559194799737951000,-0.04041893170965858,0.15994027253211526,-0.9862988488190584,0.6290392191147869,-0.7748561050404745,-0.6282363368972347,-0.07012218966522013,-16.69649705485015,-0.6308441379936532,0.7614054204064351,0.14932333821192045,0.0054076162173525835,0.0,0.0,0.0,1.0
1559194799823248000,0.0025288032003174055,-0.7667470880805486,-0.6419443185155348,0.8085701979013521,-0.9963962812516828,0.05249395257009186,-0.06662458743878291,-16.86891422289468,0.08478240302204917,0.6397994122094574,-0.763851200348758,0.40117694676619414,0.0,0.0,0.0,1.0
1559194799838818000,-0.03277324171459838,0.16816073980987384,-0.9852146366219444,0.6365212420929129,-0.7777091370125291,-0.6234433166256582,-0.08054147479416426,-16.721911304748662,-0.6277693946304953,0.7635708195978924,0.15121240234804809,0.008134582537936376,0.0,0.0,0.0,1.0
1559194799924104000,0.002943995639303558,-0.7659850380587253,-0.6428516581295007,0.8146511041323399,-0.9963484004095218,0.052608124431508356,-0.0672476783628195,-16.884111196339706,0.08532993549198359,0.6407021981497879,-0.7630330893185179,0.39807746523215315,0.0,0.0,0.0,1.0
1559194799939687000,-0.02485166497786441,0.17629472361741602,-0.9840236608804108,0.643965575282186,-0.7802140444908751,-0.618833722124052,-0.09116396843752957,-16.739191266199605,-0.6250187513403256,0.7654835039285648,0.1529266676751755,0.01444642825033281,0.0,0.0,0.0,1.0
1559194800024980000,0.0033692735980071454,-0.7662520148871631,-0.6425313203858495,0.7947287897487104,-0.9963500995247752,0.052232598464142,-0.06751470087806632,-16.839155483636965,0.0852943560406719,0.6404136205133699,-0.7632792853789232,0.40389583183535704,0.0,0.0,0.0,1.0
1559194800040523000,-0.017723535851484413,0.18472785986402895,-0.9826298866139662,0.6505477419919169,-0.7817148905935446,-0.615308465482252,-0.10157421981089412,-16.74781015724063,-0.6233840759124669,0.7663361599819845,0.1553099604108848,0.02373900617724137,0.0,0.0,0.0,1.0
1559194800099014058,-0.014712191860985154,0.1892965586380149,-0.9818097393581153,0.653028522766753,-0.7820543100385726,-0.6140143021233061,-0.1066653314724015,-16.750091404611,-0.623036602103549,0.7662592574813282,0.15707368577655506,0.028129596756773772,0.0,0.0,0.0,1.0
1559194800125812000,0.002889142825167735,-0.7661441131934742,-0.6426623146511096,0.8263489720997045,-0.9963654840914489,0.05250617788842245,-0.06707401430331453,-16.889726725173038,0.0851321030219957,0.6405203346518616,-0.7632078523787056,0.39406324735946774,0.0,0.0,0.0,1.0
1559194800141410000,-0.012700762954853123,0.1935569822274051,-0.9810068222246898,0.6548803764438462,-0.7820673243444762,-0.6132520367633525,-0.11087217684463346,-16.75173103960774,-0.6230645157710684,0.7658052193845523,0.15916335994928943,0.031273843874420316,0.0,0.0,0.0,1.0
1559194800226677000,0.003312843311208076,-0.7663396936156246,-0.6424270379259461,0.8254497346527677,-0.996408153923403,0.05183033474464647,-0.06696571656612478,-16.869634455054477,0.08461569514074825,0.6403413858164765,-0.763415413615994,0.39889116596630314,0.0,0.0,0.0,1.0
1559194800242269000,-0.009118303028258433,0.20363755871546044,-0.9790038821323901,0.6581327381083176,-0.781392193058203,-0.6123744375983685,-0.12009907911291057,-16.755311273618183,-0.6239736350019749,0.7638908906751609,0.16470461428247268,0.035906450229109106,0.0,0.0,0.0,1.0
1559194800327526000,0.0022589253037317556,-0.767041014875894,-0.6415940918950471,0.8047818190357721,-0.996448572851413,0.052278802884790664,-0.06600885115889432,-16.88900895207919,0.08417326724593752,0.639464626282869,-0.7641988306808978,0.4283395546988906,0.0,0.0,0.0,1.0
1559194800343127000,-0.00553428559995813,0.21450837334449013,-0.9767064704648971,0.6598177209707721,-0.7796708896896992,-0.6125238076299467,-0.13010722061815533,-16.758272042754893,-0.6261650544811411,0.7607895522755389,0.17063581597958544,0.03822594501676977,0.0,0.0,0.0,1.0
1559194800428394000,0.0038898553154535762,-0.7659886666129214,-0.6428423069821899,0.7952156400788835,-0.9964626376763474,0.05099634037326156,-0.06679509700293779,-16.866887801244506,0.08394689238275752,0.6408281640885424,-0.76308071877763,0.44681021316674974,0.0,0.0,0.0,1.0
1559194800443994000,-0.0015300857337399241,0.22588800306803716,-0.9741520768892193,0.6599482423234011,-0.7772509640554108,-0.6131956915680487,-0.14096802019363744,-16.759634091279914,-0.6291888410585348,0.7569449477421183,0.1765099101328422,0.039210318924706535,0.0,0.0,0.0,1.0
1559194800529290000,0.0014189884512607015,-0.7656440719989295,-0.6432628867614493,0.7977082580751097,-0.9964610662310881,0.05297965263163479,-0.06525718268999356,-16.860386886094584,0.08404361937338908,0.6410790211977974,-0.7628593308223288,0.43695643914208,0.0,0.0,0.0,1.0
1559194800546901000,0.002672203518949364,0.23779216394959354,-0.9713123833723741,0.658557447963155,-0.7743713282796572,-0.6140867066538359,-0.15246823488661507,-16.759778714978683,-0.6327257741444964,0.7525638866403414,0.1824984691936805,0.0389886569093655,0.0,0.0,0.0,1.0
1559194800630114000,0.0014138720435505838,-0.766367781269542,-0.6424005174327336,0.7859824514640857,-0.9964483675460432,0.05300676198500503,-0.06542884683906744,-16.891493744873685,0.0841941315096817,0.6402114549239682,-0.7635709798070285,0.4373981123470067,0.0,0.0,0.0,1.0
1559194800647778000,0.006803377197047252,0.2497405582130275,-0.9682888864601095,0.656396827277105,-0.7711486495934826,-0.6151491221608465,-0.16407717005995603,-16.758692254798685,-0.6366187825448303,0.7478109460874379,0.1884020027042053,0.038030362016645045,0.0,0.0,0.0,1.0
1559194800730953000,0.002179937358691729,-0.7671684957794177,-0.6414419279690549,0.8054259737197974,-0.9964948907788143,0.051974463848019986,-0.06554836198890929,-16.89397166141496,0.08362523856366824,0.6393364952755755,-0.7643661853352176,0.416273588693307,0.0,0.0,0.0,1.0
1559194800748616000,0.011464393567097728,0.26137433521924325,-0.965169427908301,0.6544646239726988,-0.7677334576323721,-0.6161324442698303,-0.17597201240515936,-16.756315608254415,-0.6406667665112492,0.7430102744961102,0.19360223728366457,0.03682909552302165,0.0,0.0,0.0,1.0
1559194800831830000,0.0008730813595424622,-0.7671514518089677,-0.6414654220738122,0.7939112377444596,-0.9964779348552046,0.05312002723885669,-0.06488442072524861,-16.871153135203908,0.08385083825250382,0.639262788447392,-0.7644031163141705,0.41813288297228374,0.0,0.0,0.0,1.0
1559194800849498000,0.016579685988617338,0.2722349995470992,-0.9620879476607679,0.6531394126849474,-0.7643746059952058,-0.6168421502434753,-0.18771580485583247,-16.75353679007091,-0.6445592104083139,0.7385078650255531,0.19786247136133914,0.03524378610461811,0.0,0.0,0.0,1.0
1559194800932667000,-0.0005891309228421695,-0.7670724328279368,-0.641560235457425,0.805283095676073,-0.996541117402194,0.05376341600770954,-0.06336636667801207,-16.91553010240038,0.08309906288007157,0.6393038228374766,-0.7644508930296577,0.4241638520769437,0.0,0.0,0.0,1.0
1559194800950355000,0.023106200717437735,0.28223722472727275,-0.9590663441423908,0.6524720709257924,-0.7614792291033649,-0.6166247292604937,-0.1998082253275887,-16.750838354051037,-0.6477773437937976,0.7349259093559499,0.20066992954796886,0.033636107924986815,0.0,0.0,0.0,1.0
1559194801033542000,0.0016799042186017837,-0.7665834520851048,-0.6421424989136767,0.7958104512385747,-0.9964139078629426,0.05303973968712209,-0.06592503493532316,-16.88838366291334,0.0845961118439706,0.6399504644917493,-0.763745311512729,0.42073911303852946,0.0,0.0,0.0,1.0
