defaults:
  - /sensors/base_stereo_camera@stereo_camera

stereo_camera:
  name: "stereo"
  type_name: "StereoCamera"

  distortion_model_left: "plumb_bob"
  distortion_model_right: "plumb_bob"

  camera_matrix_left:
    [ [ 8.1690378992770002e+02, 5.0510166700000003e-01, 6.0850726281690004e+02 ],
      [ 0., 8.1156803828490001e+02, 2.6347599764440002e+02 ],
      [ 0., 0., 1. ] ]

  camera_matrix_right:
    [ [ 8.1378205539589999e+02, 3.4880336220000002e-01, 6.1386419539320002e+02 ],
      [ 0., 8.0852165574269998e+02, 2.4941049348650000e+02 ],
      [ 0., 0., 1. ] ]

  distortion_coefficients_left: [ -5.6143027800000002e-02, 1.3952563200000001e-01,
                                  -1.2155906999999999e-03, -9.7281389999999998e-04,
                                  -8.0878168799999997e-02 ]

  distortion_coefficients_right: [ -5.4921981799999998e-02, 1.4243657430000001e-01,
                                   7.5412299999999996e-05, -6.7560530000000001e-04,
                                   -8.5665408299999996e-02 ]

  rectification_matrix_left:
    [ [ 9.9996942080938533e-01, 3.6208456669806118e-04, -7.8119357978017733e-03 ],
      [ -3.4412461339106772e-04, 9.9999729518344416e-01, 2.3002617343453663e-03 ],
      [ 7.8127475572218850e-03, -2.2975031148170580e-03, 9.9996684067775188e-01 ] ]

  rectification_matrix_right:
    [ [ 9.9998812489422739e-01, 2.4089155522231892e-03, -4.2364131513853301e-03 ],
      [ -2.4186483057924992e-03, 9.9999444433315865e-01, -2.2937835970734117e-03 ],
      [ 4.2308640843048539e-03, 2.3040027516418276e-03,9.9998839561287933e-01 ] ]

  projection_matrix_left:
    [ [ 7.7537235550066748e+02, 0., 6.1947309112548828e+02, 0. ],
      [ 0., 7.7537235550066748e+02, 2.5718049049377441e+02, 0. ],
      [ 0., 0., 1., 0. ] ]

  projection_matrix_right:
    [ [ 7.7537235550066748e+02, 0., 6.1947309112548828e+02, -3.6841758740842312e+02 ],
      [ 0., 7.7537235550066748e+02, 2.5718049049377441e+02, 0. ],
      [ 0., 0., 1., 0. ] ]


  tf_left_right:
    [ [ 1.0, 0.0, 0.0, 0.0 ],
      [ 0.0, 1.0, 0.0, -0.494802 ],
      [ 0.0, 0.0, 1.0, 0.0 ],
      [ 0.0, 0.0, 0.0, 1.0 ] ]

  tf_base_sensor:
    [ [ -0.00680499, -0.0153215, 0.99985, 1.64239 ],
      [ -0.999977, 0.000334627, -0.00680066, 0.247401 ],
      [ -0.000230383, -0.999883, -0.0153234, 1.58411 ],
      [ 0., 0., 0., 1. ] ]
