1559194408091384000,0.4478423734449343,0.8940862957192195,0.006848675367580669,0.014188499798145215,-0.8939343559487558,0.44789290396357584,-0.016532205949652892,0.1443425093630518,-0.017848691876281943,0.0012815561469526027,0.9998398780865598,-0.015172861072283121,0.0,0.0,0.0,1.0
1559194408094824000,0.4300547161633106,0.9027917453407187,0.0044727676392522205,3.380100038013572e-05,-0.9025041253727712,0.43003458629137387,-0.023591487412543702,-9.793116804290749e-05,-0.023221644877677097,0.0061089391768124664,0.9997116764704256,-1.551257228065655e-06,0.0,0.0,0.0,1.0
1559194408106803132,0.4300547161633106,0.9027917453407187,0.0044727676392522205,3.380100038013572e-05,-0.9025041253727712,0.43003458629137387,-0.023591487412543702,-9.793116804290749e-05,-0.023221644877677097,0.0061089391768124664,0.9997116764704256,-1.551257228065655e-06,0.0,0.0,0.0,1.0
1559194408192245000,0.46287774534358567,0.8863140493144516,0.01384192376291998,0.22742098837167055,-0.8860210486542638,0.4630815900863742,-0.022850432483325717,-0.6092874519205569,-0.02666259940887032,-0.001687279139806686,0.9996430657399018,-0.04723488643749881,0.0,0.0,0.0,1.0
1559194408195681000,0.43787666263627073,0.8989958505899838,0.008395769203046003,0.46970414636379443,-0.8988830413458061,0.43795525815446035,-0.01429929493969059,-0.8019516103520384,-0.016531978085869436,-0.0012854870094282668,0.9998625111602663,-0.002864865701738056,0.0,0.0,0.0,1.0
1559194408293115000,0.47278256537335506,0.8810958087864836,0.012116997065147241,0.5741567457301293,-0.8807420335729962,0.47293643052887574,-0.024992058264712964,-1.4270873478949415,-0.027750967130705965,0.001143860784395612,0.999614213287212,0.016856447974491828,0.0,0.0,0.0,1.0
1559194408296536000,0.4256491007940514,0.9048307418499761,0.010206448767313157,0.8780684808315373,-0.9048099906817588,0.42573357920716054,-0.008354657260145844,-1.6656150040198372,-0.011904778691302706,-0.005678744463822603,0.9999130102692054,0.007670132650875118,0.0,0.0,0.0,1.0
1559194408393979000,0.4801315994093796,0.8770758157088671,0.014548565125776904,0.867540081232416,-0.8766458647838353,0.4803517742933024,-0.027462714554130647,-2.2668543591988426,-0.031075311840732457,0.0004317776069473474,0.9995169526136617,0.023616421111005394,0.0,0.0,0.0,1.0
1559194408397377000,0.4229441833170812,0.9060743909925997,0.012141490256064428,1.2828812424611433,-0.9060700766926583,0.4230504681154374,-0.008081927336544966,-2.5413849071697037,-0.01245929052595337,-0.007582836850492632,0.9998936276749082,0.01698404495844641,0.0,0.0,0.0,1.0
1559194408494821000,0.48651794799360015,0.8735576941664982,0.014044260130386527,1.241957593932268,-0.8730852543990784,0.4867175044766848,-0.02877862725858958,-3.0956848835024857,-0.03197537851217377,0.0017394822511366645,0.9994871431741864,0.02487527298202971,0.0,0.0,0.0,1.0
1559194408498215000,0.4141468183354743,0.9100797738009192,0.015401888879963316,1.6856931462905562,-0.9101066001425447,0.41429560415546357,-0.008070238808854128,-3.428277523780997,-0.013725495968340874,-0.01067509699842258,0.9998488151038161,0.024961318692956834,0.0,0.0,0.0,1.0
1559194408595703000,0.48499079056640193,0.8743964302469007,0.014656597055808877,1.5110154336961465,-0.8738734189523769,0.4852085389823989,-0.030297216820251733,-3.9127029385627368,-0.03360328427794722,0.0018858605582486242,0.99943347093025,0.03610952394860439,0.0,0.0,0.0,1.0
1559194408599064000,0.411589685716678,0.9111601000122822,0.019524414389557074,2.0859289678098003,-0.9112141672632218,0.4118204103588376,-0.00962761604294734,-4.326372737759979,-0.016812851942494864,-0.013828295537964974,0.9997630250474742,0.0309338549513902,0.0,0.0,0.0,1.0
1559194408696559000,0.48414164938182364,0.8747619619235479,0.01995929120770678,1.8339410488415602,-0.8741553495730473,0.4845500610622765,-0.03261384885852504,-4.730452745428104,-0.038200630186815465,-0.0016577986038472307,0.9992687143892356,0.016317059073194404,0.0,0.0,0.0,1.0
1559194408699922000,0.4046097144679027,0.9142129973482788,0.02248498249225578,2.4833651441780082,-0.9143207761638064,0.4048850196466914,-0.009254141824734755,-5.235157204677621,-0.017564089313609192,-0.016814170962997817,0.9997043495061009,0.03408085861098284,0.0,0.0,0.0,1.0
1559194408797377000,0.4801064463048248,0.8769702249664207,0.020518887369831314,2.1970235839657226,-0.8763356362362927,0.4805408008684992,-0.03341244323592359,-5.547147473914192,-0.03916188043091503,-0.0019399028337406404,0.9992309962656803,0.013153382463436005,0.0,0.0,0.0,1.0
1559194408800796000,0.39570177908912024,0.9180265309915301,0.025443868050390804,2.877283882101621,-0.9180925198015677,0.3961185003092562,-0.014009239706526695,-6.1548169079583745,-0.022939640583798573,-0.017816343856323705,0.9995780863851921,0.033366396558304076,0.0,0.0,0.0,1.0
1559194408898256000,0.4748711579122899,0.8798468550774954,0.01915450321150167,2.5756657396565905,-0.8792399976309075,0.4752554958966833,-0.03269923830915796,-6.410537070706279,-0.03787360491217915,-0.0013134801995819672,0.9992816744145377,-0.0027777847689425756,0.0,0.0,0.0,1.0
1559194408901638000,0.38583054413259776,0.922138123554518,0.028214753263059132,3.2656416716652084,-0.922168067220324,0.38638447287141736,-0.017694488492317816,-7.0851129216523985,-0.027218504982307063,-0.019191670360554938,0.999445262520812,0.027574282705018452,0.0,0.0,0.0,1.0
1559194408999108000,0.46828284243200835,0.8834307995319924,0.016161742544069223,3.0574055286453863,-0.8828347393395882,0.46856072496767587,-0.032460283932354575,-7.292123476608825,-0.03624917239058555,0.0009324462598264188,0.9993423477692588,-0.020249883265852003,0.0,0.0,0.0,1.0
1559194409002501000,0.3839569155930925,0.922809031057147,0.03163193272007938,3.6515532324614606,-0.9226955286343368,0.3847497414499404,-0.02450709881660308,-8.024426335746881,-0.034785750048583315,-0.0197769728111217,0.9991990907421737,0.0168363777875302,0.0,0.0,0.0,1.0
1559194409099961000,0.4576398427621023,0.8890491478431148,0.012545399001661541,3.409282088725648,-0.8885687972749189,0.4578061602299763,-0.029308909309123405,-8.203104066317437,-0.03180042179099087,0.002265474545515605,0.9994916712004159,-0.0704780624347543,0.0,0.0,0.0,1.0
1559194409103380000,0.378107183928653,0.9252960417977735,0.029363114530275583,4.034533398723194,-0.925174686664744,0.37880671849699027,-0.02360654943718877,-8.974975661606562,-0.032965991814799,-0.018240204355081138,0.9992900171265348,0.0022912317643137324,0.0,0.0,0.0,1.0
1559194409106076305,0.44744461920876294,0.8942553060007828,0.010037949520081585,3.8103205815064594,-0.8939229444533091,0.447552862387983,-0.024458224552257855,-9.093177176106028,-0.026364410121433486,0.0019705475800418336,0.9996504563202006,-0.07750107546960053,0.0,0.0,0.0,1.0
1559194409200809000,0.44744461920876294,0.8942553060007828,0.010037949520081585,3.8103205815064594,-0.8939229444533091,0.447552862387983,-0.024458224552257855,-9.093177176106028,-0.026364410121433486,0.0019705475800418336,0.9996504563202006,-0.07750107546960053,0.0,0.0,0.0,1.0
1559194409204228000,0.3825704523333584,0.9234043626431501,0.03105208613037684,4.416405449826418,-0.9233244591465609,0.3833181596043433,-0.023219208841952717,-9.934947475898872,-0.03334354724915269,-0.0197881674022142,0.9992480354184853,-0.015737813544205705,0.0,0.0,0.0,1.0
1559194409301676000,0.4348536556521676,0.9004110712372614,0.012735814042285376,4.161120855232965,-0.9001703464723395,0.4350337508529075,-0.02095191997694615,-9.949028306005792,-0.024405849663899665,-0.0023533831441448177,0.999699362853632,-0.09518338847230118,0.0,0.0,0.0,1.0
1559194409305084000,0.37899845943829386,0.9247796641834602,0.03380444432510038,4.7997408263680486,-0.9248667241481633,0.3797651769139687,-0.01999882413915134,-10.905459944656332,-0.031332256651068445,-0.023685082145288937,0.9992283555708977,-0.03385145812827113,0.0,0.0,0.0,1.0
1559194409402520000,0.4273468015913197,0.9040265647031613,0.01052052663471701,4.563604208960122,-0.9038919298527068,0.42746749841676496,-0.015840358091519895,-10.909909376273399,-0.01881728771171385,-0.0027400927564491325,0.9998191844402965,-0.10351643106291732,0.0,0.0,0.0,1.0
1559194409405967000,0.36453805272839895,0.9305070027853377,0.03561917854795506,5.145648995364303,-0.930633645886406,0.3653744900388693,-0.020554784674331632,-11.790634927634509,-0.03214071027777272,-0.025655404816130056,0.9991540296403555,-0.05070555434651286,0.0,0.0,0.0,1.0
1559194409503374000,0.41155350057162554,0.9113084978077908,0.011854872017190788,4.899829698463537,-0.911242436666334,0.4116845866582634,-0.012370235503633547,-11.821160830275916,-0.016153568820628482,-0.005711648738897081,0.9998532088677025,-0.12425745272724072,0.0,0.0,0.0,1.0
1559194409506810000,0.36140411617660545,0.931553951216605,0.03992869623887873,5.494571214865377,-0.9317944104843079,0.36238940958789223,-0.020810872368646396,-12.686907187466376,-0.03385618703889838,-0.029684201038058418,0.9989857890920779,-0.06700750780532377,0.0,0.0,0.0,1.0
1559194409604231000,0.39660792753017055,0.9178666781506906,0.014930269951893881,5.478034016014418,-0.9178754506547112,0.39676159325683424,-0.009213859219140474,-12.869492504280542,-0.01438085204828838,-0.010049838651033462,0.9998460840736721,-0.17097716700709134,0.0,0.0,0.0,1.0
1559194409607647000,0.35683472459842264,0.9331530071505872,0.043525217593759775,5.845364851112792,-0.933511709585675,0.35794251897614343,-0.02080964140585602,-13.592468786933244,-0.0349981054800948,-0.03320569762598871,0.9988355791910783,-0.08388454754004115,0.0,0.0,0.0,1.0
1559194409705089000,0.3958054819390411,0.918100683452566,0.02071606890649238,5.825664208164487,-0.9181910567241252,0.39604152834673956,-0.008734482046163162,-13.738653769437585,-0.01622355752724987,-0.015564153324652604,0.9997472447136049,-0.17639416666100885,0.0,0.0,0.0,1.0
1559194409708505000,0.35204332539107225,0.9348618244639408,0.045813384589524594,6.1963627311576,-0.9353125393830344,0.3532225093977541,-0.020598847725342297,-14.508008324040562,-0.03543939503508436,-0.035598146225706326,0.9987376138229898,-0.10333871900593561,0.0,0.0,0.0,1.0
1559194409805956000,0.3961491752059562,0.9179717460256112,0.019841987862305108,6.206649005345751,-0.9180898873101001,0.39632807049078017,-0.005917715773938978,-14.677081533599507,-0.01329623264565466,-0.015872430177563315,0.9997856150984036,-0.19167139248361253,0.0,0.0,0.0,1.0
1559194409809362000,0.34403109957104644,0.9377090440259016,0.04841850142216057,6.546246570749735,-0.9383405522358611,0.3452175138490817,-0.01848989349771866,-15.434324916106073,-0.03405305504114296,-0.03907194497193145,0.9986559830885084,-0.12538059820488012,0.0,0.0,0.0,1.0
1559194409906825000,0.39027384305971885,0.9204797398428635,0.02008422172274277,6.568718879345489,-0.9206149076769548,0.3904399291531104,-0.004985327056903427,-15.629442996170873,-0.01243057465889284,-0.01654419117763964,0.9997858623484983,-0.19258104437841422,0.0,0.0,0.0,1.0
1559194409910233000,0.33884627179441257,0.9393972324881821,0.05211567599652516,6.895948006630351,-0.9400264627295184,0.3403383753027361,-0.022804378187612613,-16.371160175517936,-0.039159334254518,-0.04126293603030932,0.9983806471736598,-0.1498531823971277,0.0,0.0,0.0,1.0
1559194410007671000,0.38189901847551017,0.9238673814516696,0.02494396073352665,6.9894122420674165,-0.9240982264204161,0.3821246166077813,-0.004821338921388298,-16.70272906620155,-0.013985979196372228,-0.02120940527193699,0.9996772246650055,-0.22392870585175761,0.0,0.0,0.0,1.0
1559194410011090000,0.33398672597579676,0.9410921685741271,0.05289987826468516,7.245008830291946,-0.9417502307762468,0.33551878833260346,-0.023100768573969657,-17.318163806821044,-0.039488855451315155,-0.042103122500258466,0.9983325885549729,-0.17697563180284884,0.0,0.0,0.0,1.0
1559194410107855943,0.32755941237231406,0.9431789727967459,0.05584135242252633,7.579298455690186,-0.9439699196257144,0.32921103808563673,-0.02325689670613121,-18.23501952327385,-0.04031900554485434,-0.04509454153941962,0.998168753325421,-0.2059927812825472,0.0,0.0,0.0,1.0
1559194410108542000,0.3772374472029647,0.9256897400788568,0.02811429423847781,7.444646855194162,-0.9259886590593244,0.37751603652761057,-0.005161923866129702,-17.71609610882295,-0.015391936892625304,-0.024086246640373045,0.9995913870184511,-0.23471566618442366,0.0,0.0,0.0,1.0
1559194410111936000,0.3393379637510329,0.9392407938353347,0.05173468423473708,7.559404273701283,-0.9400881773249267,0.34054171740610695,-0.0162959369167839,-18.21254893739741,-0.032923626944770266,-0.043105334955958176,0.9985278989027468,-0.13927344826954552,0.0,0.0,0.0,1.0
1559194410209397000,0.37612410663300894,0.9260696864925819,0.03042354629313805,7.8259632427860115,-0.9264623066458716,0.3763768489833689,-0.0028393509397876457,-18.595824421223462,-0.014080155323362277,-0.0271183205394433,0.9995330639439545,-0.22649258244118378,0.0,0.0,0.0,1.0
1559194410212814000,0.335088491467922,0.9405470915429418,0.05555962091184641,7.891471212805926,-0.9413354700581784,0.3367091975885041,-0.022681469741860336,-19.177203480461117,-0.04004042577317493,-0.044699942387232294,0.9981977156127344,-0.1788994020422624,0.0,0.0,0.0,1.0
1559194410310266000,0.3778612283368809,0.9252885676728556,0.03258770709418957,8.255241145459634,-0.9257352154036553,0.37815831004107825,-0.0032563028770175805,-19.60990108305272,-0.015336332067836746,-0.02893715744140416,0.99946357504309,-0.26966024965404367,0.0,0.0,0.0,1.0
1559194410313699000,0.3250879539210186,0.9441154225501317,0.05444163037996548,8.236719549580936,-0.9448329994061819,0.32669823734053455,-0.0236403246953773,-20.142021447886403,-0.04010517982207768,-0.043753064139217014,0.9982370680003161,-0.2154097737565595,0.0,0.0,0.0,1.0
1559194410411147000,0.3712510715667554,0.9277954748886879,0.036989169179815096,8.595704122672627,-0.9283888224660026,0.37159978709896413,-0.0027915136027178,-20.57195067660407,-0.016335121080878378,-0.03330397880254229,0.9993117675756622,-0.26841095013354155,0.0,0.0,0.0,1.0
1559194410414540000,0.34639958594729653,0.9364801643607537,0.05488377368951052,8.597109031606761,-0.9370007733916371,0.3482205381624315,-0.027785022320232916,-21.106087371096358,-0.04513177947976511,-0.04180141816645832,0.9981060885097657,-0.24839413250790526,0.0,0.0,0.0,1.0
1559194410511970000,0.36976081923956416,0.928352299866173,0.03793341387842904,9.02243874853892,-0.9289986738134318,0.37007996959210593,-0.0015100197335064275,-21.588591017372504,-0.01544022694709751,-0.03468174505254765,0.9992791281478536,-0.3010998890884526,0.0,0.0,0.0,1.0
1559194410515387000,0.3529318356609428,0.9339635171357958,0.05613615623044854,8.972141928002934,-0.9346412175656713,0.3547005355475053,-0.02516593947523234,-22.069387156845746,-0.0434155940228328,-0.04358530419355743,0.9981059099384192,-0.27843343360339634,0.0,0.0,0.0,1.0
1559194410612827000,0.3661237036246856,0.9296168274062432,0.04202365818553449,9.372829297159708,-0.9304439486764986,0.366434090630969,0.00033999226578525893,-22.545857788013596,-0.015082838440740758,-0.03922513768753333,0.999116558044137,-0.3028639512093199,0.0,0.0,0.0,1.0
1559194410616230000,0.34770053222947317,0.9359222681997565,0.056159129045609005,9.323014816795496,-0.9368060297712073,0.3492534366935917,-0.020408320411621318,-22.935365429404612,-0.03871437035068972,-0.04551422684759567,0.9982132300680133,-0.30268787914043105,0.0,0.0,0.0,1.0
1559194410713683000,0.3629399186706543,0.9306870347766746,0.0457849181930082,9.754883328608104,-0.9316799137894234,0.3632789271243419,0.0009794634866154162,-23.517370240595643,-0.015721121991601358,-0.04301237503309092,0.9989508405909354,-0.3187346945643419,0.0,0.0,0.0,1.0
1559194410717118000,0.3445592801456991,0.9372000076143931,0.05417608506578398,9.687915874567363,-0.9384025364996484,0.3454549430532227,-0.007846133514037838,-23.80112612520146,-0.02606879277034648,-0.04813551752782857,0.9985005708540325,-0.3245233538376767,0.0,0.0,0.0,1.0
1559194410814533000,0.3554160339760356,0.9335497833875692,0.04652144376271913,10.154268745126176,-0.9346472850693626,0.35552068009102844,0.006284786399343785,-24.544724529523833,-0.010672174343593696,-0.045714854966774104,0.9988975206346972,-0.3376884667267556,0.0,0.0,0.0,1.0
1559194410817940000,0.34107054872592574,0.9386469561080221,0.051115287155001424,10.067209456508186,-0.9399161079494832,0.3413964572696529,0.002483743308737579,-24.66565318238853,-0.01511921985053794,-0.04889121345265487,0.998689670737731,-0.3416774985014318,0.0,0.0,0.0,1.0
1559194410915402000,0.3472561384356066,0.936602386982831,0.04678827862673978,10.512722256336723,-0.9377549391181653,0.3471037268766007,0.011605039761381813,-25.522320539600976,-0.005371077943940976,-0.04790586066899144,0.9988374142147877,-0.34275132501001326,0.0,0.0,0.0,1.0
1559194410918820000,0.3356958225219487,0.94039807740039,0.05440377526384387,10.461077656827184,-0.9418170566514705,0.3361231263733612,0.001369568309146291,-25.529169908439417,-0.016998427623406996,-0.05169816184976081,0.9985180787144964,-0.3538096217004225,0.0,0.0,0.0,1.0
1559194411016250000,0.34252092727107636,0.9379464417919691,0.05418382333452015,10.853380790778251,-0.9394532170883793,0.34256525988196396,0.008757603798941433,-26.35948304167429,-0.010347332200147035,-0.0539028297196497,0.9984925726636904,-0.36120664094777616,0.0,0.0,0.0,1.0
1559194411019679000,0.29542856776195986,0.9531806888765705,0.06456419830603119,10.96895580507915,-0.953888052512579,0.2980536892052244,-0.0355187503286931,-26.09485039136047,-0.0530993844020287,-0.05109376384587582,0.99728124552314,-0.3525310890340759,0.0,0.0,0.0,1.0
1559194411105600866,0.35431712509155155,0.9337911285033484,0.04993498968958995,11.213898950613691,-0.9351167852499325,0.35358014783770314,0.023187863180873815,-27.426714345890723,0.0039965998905303005,-0.054910904049281735,0.9984832596522613,-0.34803140700249285,0.0,0.0,0.0,1.0
1559194411117136000,0.35431712509155155,0.9337911285033484,0.04993498968958995,11.213898950613691,-0.9351167852499325,0.35358014783770314,0.023187863180873815,-27.426714345890723,0.0039965998905303005,-0.054910904049281735,0.9984832596522613,-0.34803140700249285,0.0,0.0,0.0,1.0
1559194411120534000,0.2709969982905078,0.959674096386292,0.07474125796829709,11.23502144326132,-0.9599900421147067,0.2751441624421102,-0.052103828214692116,-27.146888561336457,-0.07056731508375788,-0.05763088233906616,0.9958408183252428,-0.3920425852428671,0.0,0.0,0.0,1.0
1559194411217976000,0.35298336291109667,0.9343646364852993,0.04863611408888024,11.565602151488811,-0.9356115239815598,0.35217621446018726,0.02455585798533466,-28.335059219508718,0.005815642774176604,-0.05417231815406928,0.9985146660139422,-0.33938460795155617,0.0,0.0,0.0,1.0
1559194411221377000,0.28377136420266735,0.9562310176546448,0.07138664954818827,11.531947472351787,-0.9570725939674848,0.28703083881607366,-0.04031559803458926,-28.058833909377906,-0.05904119523605632,-0.056881793604810924,0.9966336331979768,-0.3504253347859757,0.0,0.0,0.0,1.0
1559194411318832000,0.3450274978082254,0.9370660258244491,0.05350970941581877,11.89830697664878,-0.9385881384854303,0.3446400364019326,0.016599747086135354,-29.202349965297117,-0.002886529169228483,-0.05595094775286863,0.9984293462208086,-0.30370441254531655,0.0,0.0,0.0,1.0
1559194411322251000,0.29934603153957456,0.9519153660814519,0.065185038310334,11.882701176893422,-0.9533679983632528,0.30115942409789115,-0.019810627800933896,-29.082148045869825,-0.03848912961276831,-0.05621509668263825,0.9976765256367489,-0.31984135763596916,0.0,0.0,0.0,1.0
1559194411419671000,0.32802554154942776,0.9428777756404889,0.058144168189476354,12.275707334655046,-0.9444718555118805,0.32859226309388667,-0.00019692836820305132,-30.176964749707572,-0.01929140319286317,-0.05485093288248359,0.9983081773304121,-0.29748778840557294,0.0,0.0,0.0,1.0
1559194411423080000,0.25671341607074166,0.964648160712703,0.05959989968855991,12.287296151607928,-0.9664037115376783,0.25701493353340615,0.002681467324935812,-29.89458714431597,-0.012731391734041973,-0.058285932903364306,0.998218744409311,-0.2671629492724927,0.0,0.0,0.0,1.0
1559194411520562000,0.35261747207148975,0.9335357829682456,0.06458993967928894,12.538206928457615,-0.9353093610625953,0.3537639773488775,-0.006888210143290207,-31.1221899127633,-0.029279984607035348,-0.057982671964683104,0.9978881160998199,-0.30770733685207374,0.0,0.0,0.0,1.0
1559194411523951000,0.2612856477586101,0.9639731938636671,0.04985470677518071,12.671600857142973,-0.9652302417082985,0.26051263813301784,0.021534759453272604,-30.5833402240489,0.007771149663907146,-0.05374799424397856,0.9985242923172419,-0.33238599288228243,0.0,0.0,0.0,1.0
1559194411621403000,0.3656121927655876,0.9287322060362079,0.06151596518186698,12.849946551150637,-0.930273412326022,0.3667719529314375,-0.00834942286382961,-32.051203005715486,-0.030316708601669042,-0.05417401604069249,0.9980711764025563,-0.32358434588659796,0.0,0.0,0.0,1.0
1559194411624802000,0.2580267764143808,0.9646761430843583,0.05312364461411349,13.049363247934698,-0.9661286345279619,0.25739492315310697,0.01852876358903926,-31.390043073394033,0.004200499772134178,-0.05610519137200623,0.9984160271664189,-0.3860939964806033,0.0,0.0,0.0,1.0
1559194411722280000,0.37681144233466274,0.92387549843442,0.06683711781803824,13.268063016641177,-0.925453132453833,0.3785561662277606,-0.015222635853431926,-32.945341002834525,-0.039365423369484585,-0.056118556676822376,0.9976477690244445,-0.3824550998331122,0.0,0.0,0.0,1.0
1559194411725664000,0.25373882902294187,0.9650542990628322,0.0654737085127096,13.384997751638844,-0.9668813893922861,0.2549798030029175,-0.01121066043699073,-32.220449290424995,-0.027513369348492356,-0.060460730403578224,0.9977913181553335,-0.4232652316316472,0.0,0.0,0.0,1.0
1559194411823132000,0.37584113655497325,0.9241044336472131,0.06909729218011022,13.654610113104992,-0.9257994586200622,0.3776944094734564,-0.015565843096171731,-33.91192873104153,-0.04048212558481053,-0.058119951531757,0.997488480505955,-0.3937682961668856,0.0,0.0,0.0,1.0
1559194411826530000,0.2572553729472344,0.9637886258365579,0.07022220302623315,13.715970501931256,-0.9654123464588784,0.25951726216161686,-0.025095655896870493,-33.152666849171915,-0.04241078158363646,-0.06133738947996256,0.9972156488228865,-0.451316613322747,0.0,0.0,0.0,1.0
1559194411923976000,0.3657363940622432,0.9280807539190172,0.07002145573645091,14.047201778845634,-0.9297501415783133,0.3677514171941804,-0.017988034544625255,-34.786812629734804,-0.04244483824277629,-0.05852357949386676,0.9973832895881952,-0.45312624949037517,0.0,0.0,0.0,1.0
1559194411927400000,0.2900949268939063,0.9546471393164955,0.06703560833803235,14.042689796431775,-0.9563958931046528,0.2916844660298132,-0.015068773322672986,-34.19202721567906,-0.03393860696856052,-0.05974120581084468,0.9976367872554113,-0.4732817211608616,0.0,0.0,0.0,1.0
1559194412024836000,0.3471907840346614,0.9350969884056256,0.07107870114265004,14.350484382395306,-0.9368947212597745,0.3491793494949469,-0.017379964380122383,-35.66558671472805,-0.04107116697838546,-0.06055909643492066,0.9973192844230071,-0.4627105358281245,0.0,0.0,0.0,1.0
1559194412028254000,0.3033119545469321,0.9503589915113574,0.06942366658737288,14.3677519318175,-0.9521998681689989,0.305061359575481,-0.015905280660703954,-35.34215824038891,-0.03629420460427001,-0.06128094440748965,0.997460463659922,-0.4899495928786481,0.0,0.0,0.0,1.0
1559194412105511083,0.32091368172395984,0.9444409824819379,0.0710326649572067,14.682469485782965,-0.9464406679853065,0.322600094862966,-0.013388083429931525,-36.55725620926493,-0.03555939912167821,-0.06293178372614844,0.9973841384998814,-0.5007547564820638,0.0,0.0,0.0,1.0
1559194412125695000,0.32091368172395984,0.9444409824819379,0.0710326649572067,14.682469485782965,-0.9464406679853065,0.322600094862966,-0.013388083429931525,-36.55725620926493,-0.03555939912167821,-0.06293178372614844,0.9973841384998814,-0.5007547564820638,0.0,0.0,0.0,1.0
1559194412129132000,0.29587194343661,0.9525720650097711,0.07117762323976702,14.703877020952355,-0.9541595768279735,0.2982421732823557,-0.025121863451469446,-36.123216020795304,-0.045158554388959944,-0.060481956307941696,0.9971472498716839,-0.48064585542609867,0.0,0.0,0.0,1.0
1559194412226544000,0.3334734241816645,0.9405261265480261,0.06485430321203027,15.05153417548826,-0.9425730752664471,0.33398563817912746,0.0030969780154994453,-37.53614161229501,-0.018747617110009843,-0.06216267988627014,0.9978899378599102,-0.5441598383461104,0.0,0.0,0.0,1.0
1559194412229970000,0.29527145894875373,0.9527414225015867,0.07140411318632578,15.05245357674361,-0.9543027813526374,0.29770593296586717,-0.026026505327019955,-36.992096624786605,-0.046053957841745125,-0.06045625961448277,0.9971078545676667,-0.45214246540571046,0.0,0.0,0.0,1.0
1559194412327398000,0.33647420469592115,0.9392765443940612,0.06741426203256176,15.32979991040047,-0.9415995894281687,0.33658431135289085,0.010060543712883414,-38.38894819029789,-0.013240950228229974,-0.06686235489606424,0.9976743470365501,-0.5629661761487169,0.0,0.0,0.0,1.0
1559194412330818000,0.3035324092147569,0.9500376166454788,0.07277776799860927,15.25998874118027,-0.9520360029432378,0.3054963972531241,-0.017303189452233157,-37.95672931972137,-0.03867202679126306,-0.06403497656699063,0.9971980726615556,-0.5407402500797517,0.0,0.0,0.0,1.0
1559194412428251000,0.3354457652964411,0.9394161314779731,0.07052283646904668,15.634758985883858,-0.9419648933326855,0.33553193264061604,0.01097551398300563,-39.254224384430316,-0.013352088728859231,-0.07011172581963528,0.9974497820086821,-0.5378949372156604,0.0,0.0,0.0,1.0
1559194412431661000,0.31474455585808403,0.9463895029020905,0.07268268951015881,15.56266527622734,-0.9486997827959,0.31608923640185277,-0.007504448940599888,-38.99960929944472,-0.030076347529346837,-0.0665920673025408,0.9973268821663566,-0.5732049421669478,0.0,0.0,0.0,1.0
1559194412529125000,0.32691508919087264,0.9421462433392869,0.0740741562286606,15.94783781904972,-0.9448472810010742,0.3274763285539461,0.004782240238869773,-40.08255648995547,-0.019751963046695485,-0.0715521515993212,0.9972412694816173,-0.5517450428263047,0.0,0.0,0.0,1.0
1559194412532533000,0.31857562181958704,0.9448659288555238,0.07574925524551426,15.943032397318678,-0.9473870431282284,0.32000788466975144,-0.007262524488167967,-39.80374029803289,-0.03110247088277428,-0.06945019969141526,0.9971004493368802,-0.593305362806431,0.0,0.0,0.0,1.0
1559194412629983000,0.3295127279954405,0.9413035149758296,0.07327383423261392,16.280453099433938,-0.9440417613359887,0.3296620906489867,0.010395135524807106,-41.02166853525461,-0.014370627774839152,-0.07259888899345977,0.99725768303597,-0.5662651297201784,0.0,0.0,0.0,1.0
1559194412633396000,0.31406132858549296,0.9464222663649886,0.0751689804086287,16.214056577103037,-0.9491173859417676,0.3149222290263509,0.0004211509648826325,-40.75701462684654,-0.023273796213256794,-0.07147645342091183,0.9971707210985444,-0.6109283823924514,0.0,0.0,0.0,1.0
1559194412730832000,0.3256024411204304,0.9429402179491042,0.06961893212702792,16.582338185774574,-0.9454878794388628,0.32517754576567826,0.017670131974804968,-41.910641866218526,-0.005976635392381611,-0.07157729461149857,0.9974171498051773,-0.5551342632649465,0.0,0.0,0.0,1.0
1559194412734242000,0.3089003304367957,0.9483236470307376,0.0725454777250621,16.491995638327392,-0.9509324688773089,0.30935551088511903,0.005158247755482604,-41.71627838681635,-0.017550655000273557,-0.07057923467512077,0.9973517665005339,-0.6230347985925438,0.0,0.0,0.0,1.0
1559194412831726000,0.32470847030116157,0.9436943201588589,0.06328854094215242,16.91268525535907,-0.945813176394948,0.32388428579630457,0.023160413897736837,-42.849755846734496,0.0013581871656839191,-0.06737951850617477,0.9977264934908248,-0.5649025112242113,0.0,0.0,0.0,1.0
1559194412835092000,0.31053606451358373,0.9479333504428245,0.07063792009010258,16.77894153137429,-0.9504832353895664,0.31060609899998676,0.010269883513790079,-42.67896635562435,-0.01220540371277427,-0.07032932803781589,0.9974491534599431,-0.6285230622520092,0.0,0.0,0.0,1.0
1559194412932559000,0.3216399174054717,0.9448087496820563,0.06232327057871611,17.214850944596922,-0.9468490628824532,0.32059312975606546,0.026398811939696322,-43.68662016017794,0.00496141613037217,-0.06750164203511357,0.9977068270151029,-0.5488799935022538,0.0,0.0,0.0,1.0
1559194412935952000,0.3169907048534024,0.9461226568681363,0.06609698326942337,17.04540384365305,-0.9484120532064555,0.3166266638583323,0.01619052397709065,-43.549743640327634,-0.005609845742404497,-0.06781942122075059,0.9976818409372942,-0.6262207473709839,0.0,0.0,0.0,1.0
1559194413033416000,0.3182549226420825,0.9461931151614439,0.058586628467267324,17.50331355239582,-0.947961918619521,0.3170417711850982,0.029201304268968928,-44.553137168101955,0.009055664596007758,-0.06483135155844848,0.9978551451958486,-0.5455114795966967,0.0,0.0,0.0,1.0
1559194413036825000,0.31731049032055203,0.9461253551783301,0.06450476743006846,17.318442016261482,-0.9483145499583306,0.31683739390409454,0.017708194752301714,-44.42352046438765,-0.0036833503573433656,-0.0667898054551569,0.997760269211701,-0.6173525795316672,0.0,0.0,0.0,1.0
1559194413106561946,0.3184740746963512,0.9461253064094175,0.058490754123931094,17.82817169416355,-0.9478845130921588,0.3172366277096806,0.029595132698194783,-45.51209564255861,0.009445294401835686,-0.06486776249472916,0.9978491668596949,-0.5319122821781916,0.0,0.0,0.0,1.0
1559194413134276000,0.3184740746963512,0.9461253064094175,0.058490754123931094,17.82817169416355,-0.9478845130921588,0.3172366277096806,0.029595132698194783,-45.51209564255861,0.009445294401835686,-0.06486776249472916,0.9978491668596949,-0.5319122821781916,0.0,0.0,0.0,1.0
1559194413137737000,0.31722755853847756,0.946180011684597,0.0641097620667105,17.60318851170035,-0.9483469485629947,0.3163458219245892,0.02373575577287086,-45.299990341183694,0.002177442300135065,-0.068327933082958,0.9976605396153744,-0.6017201158011959,0.0,0.0,0.0,1.0
1559194413235147000,0.3129348003258505,0.9476345243539914,0.06372298641308473,18.060918441268335,-0.9497395898366061,0.31164201130060604,0.029562954681545888,-46.28677016129391,0.008156116846291207,-0.06977152029943844,0.9975296550544721,-0.5369118695077331,0.0,0.0,0.0,1.0
1559194413238526000,0.3126572004608436,0.9476175731847376,0.0653177616843461,17.894797266374272,-0.9498656813241118,0.31185806312016495,0.02235477375450798,-46.17521173154946,0.0008139058081167407,-0.0690324811838874,0.9976140807441181,-0.5796235357794455,0.0,0.0,0.0,1.0
1559194413335982000,0.3128593865626151,0.9479714509304128,0.058899341766686,18.332849586110655,-0.9497245138750599,0.31145362951112393,0.03193719475977974,-47.16493322808235,0.011931135086025918,-0.0659299998880024,0.9977529168738759,-0.5084139365531793,0.0,0.0,0.0,1.0
1559194413339397000,0.31799883454028244,0.9460896740316667,0.0615716649252998,18.18967193240336,-0.9480700052199074,0.3168872169768325,0.02730855029104979,-47.051135602679494,0.00632506390032915,-0.067058335852666,0.9977290078770518,-0.551978250499254,0.0,0.0,0.0,1.0
1559194413436838000,0.3150578789651518,0.9469069022012437,0.06407691835304094,18.498780278867056,-0.9490013760576234,0.3134891390380531,0.03348056071684006,-47.98171026423803,0.01161555606563803,-0.0713573981365796,0.9973831764113841,-0.49594109330685526,0.0,0.0,0.0,1.0
1559194413440268000,0.3162895095843037,0.9468186169759236,0.05912235342674505,18.494184974560362,-0.948584980251593,0.3148510055363637,0.03248660576026027,-47.927439119138704,0.012144190710085502,-0.06635774906170798,0.9977219892191711,-0.5195790291797977,0.0,0.0,0.0,1.0
1559194413537683000,0.3156841478031797,0.9468425653176844,0.06190860463945161,18.80124274816805,-0.9487575421176923,0.313997222087161,0.03556502209105022,-48.77288840208131,0.014235346872190748,-0.0699635692640767,0.9974479705103717,-0.47966597575448344,0.0,0.0,0.0,1.0
1559194413541103000,0.30928910128272147,0.948828458395655,0.06375584966297845,18.754219694279154,-0.950885979485439,0.3076857484974123,0.033842786374645786,-48.88003855349658,0.012494232499027393,-0.0710917485374251,0.997391526655481,-0.5501990725315091,0.0,0.0,0.0,1.0
1559194413638553000,0.32035895310238993,0.9452697384070017,0.06192949877962665,19.16959656497562,-0.9472058477459522,0.31874009067322445,0.034725157933284984,-49.60698743705971,0.013085226899373392,-0.06978449863386067,0.9974762656762372,-0.4733052991503204,0.0,0.0,0.0,1.0
1559194413641984000,0.3066259505791098,0.9493741709158345,0.06833161807922085,19.02296728292498,-0.9517969315820582,0.30522488024344024,0.030337658303711518,-49.60591004665051,0.00794527925454408,-0.0743401377335593,0.997201291845995,-0.5261508446547601,0.0,0.0,0.0,1.0
1559194413739409000,0.31874784852194915,0.9457445686052364,0.06298428388353251,19.42283136014062,-0.9477784866319215,0.31726858011362796,0.032505204973690596,-50.41965763846128,0.010758686738066566,-0.07005611341185879,0.9974850332878669,-0.4243320922006519,0.0,0.0,0.0,1.0
1559194413742841000,0.30539422803306804,0.9496558487987181,0.06991519381700609,19.30362686073953,-0.9521981992588132,0.3039999384479839,0.030043747301085867,-50.403291112391955,0.007277005727358943,-0.07574830866761989,0.9971004156661649,-0.4878522088490062,0.0,0.0,0.0,1.0
1559194413840281000,0.3129375675191901,0.9473730675291308,0.06748592264772321,19.659851335820427,-0.9497268335244482,0.31142533059966243,0.03214350859054535,-51.26111673670864,0.009435068563184225,-0.07415210301355567,0.9972023090125066,-0.3917171283499228,0.0,0.0,0.0,1.0
1559194413843699000,0.3043666871980541,0.9499307872182734,0.07065705356827762,19.59841378972253,-0.9525197385765591,0.30287926020595046,0.031149660658439462,-51.27123102855224,0.0081894655577621,-0.07678315721539862,0.9970141821568599,-0.43917677133431643,0.0,0.0,0.0,1.0
1559194413941138000,0.3042737815980082,0.949873692962801,0.07181527169937008,19.898889036737962,-0.9525033352701107,0.30239708934458825,0.03596382425757666,-52.174506716909136,0.012444361428230022,-0.07934713462455847,0.9967693665515188,-0.3799316508410402,0.0,0.0,0.0,1.0
1559194413944557000,0.3013501845149815,0.950650556080902,0.0738348597605224,19.87903583519794,-0.953433236234036,0.2994151243049971,0.036271853849944996,-51.958786340789246,0.012374584319297336,-0.08132713913874265,0.9966106391677902,-0.4248218391142265,0.0,0.0,0.0,1.0
1559194414041987000,0.3046291787570325,0.9501698261925086,0.06616921371084077,20.240731647051525,-0.9523092332366272,0.30256111863100327,0.039546096963120676,-52.95419724855232,0.017555276758755352,-0.07506044821376301,0.9970244437183435,-0.37373910863349036,0.0,0.0,0.0,1.0
1559194414045413000,0.2981076637370217,0.9515946764191223,0.07482908947753798,20.14924338552716,-0.9543527701149921,0.295614193237529,0.042697059973281416,-52.726495094036295,0.018509754052722108,-0.08414166962514552,0.9962818719808161,-0.3842668122251034,0.0,0.0,0.0,1.0
1559194414142868000,0.30135927474536217,0.9509727587837308,0.06952265512914872,20.426670159151946,-0.9533775275184665,0.2992968044054778,0.038635642811256234,-53.8146586083974,0.015933535317665632,-0.07792454635046812,0.9968319254158918,-0.3319755841298835,0.0,0.0,0.0,1.0
1559194414146270000,0.29520835875422824,0.9523533509102231,0.07664933092794173,20.429169645051896,-0.9552307545537513,0.29254440727553327,0.04418116483835224,-53.61379393971095,0.019652747296541557,-0.08626044737811812,0.9960787643263076,-0.37948652707513186,0.0,0.0,0.0,1.0
