1559194408091384000,0.4416373379375568,0.8971754636424669,0.005713945865678181,-0.03777663685188627,-0.896218999673484,0.44144539887856715,-0.04378886197657898,0.07301426744494999,-0.04180868765805814,0.01421784958672529,0.9990244673627553,-0.0024503595003935513,0.0,0.0,0.0,1.0
1559194408094824000,0.44154453417344086,0.8972240080255087,0.005244403130573636,2.3688444001733438e-05,-0.8962788474592058,0.4413347119659838,-0.043679510197589526,-6.0137750438328534e-05,-0.04150484235313789,0.014586001389636618,0.9990318296354234,1.764796080315704e-06,0.0,0.0,0.0,1.0
1559194408106803132,0.44154453417344086,0.8972240080255087,0.005244403130573636,2.3688444001733438e-05,-0.8962788474592058,0.4413347119659838,-0.043679510197589526,-6.0137750438328534e-05,-0.04150484235313789,0.014586001389636618,0.9990318296354234,1.764796080315704e-06,0.0,0.0,0.0,1.0
1559194408192245000,0.44154453417344086,0.8972240080255087,0.005244403130573636,2.3688444001733438e-05,-0.8962788474592058,0.4413347119659838,-0.043679510197589526,-6.0137750438328534e-05,-0.04150484235313789,0.014586001389636618,0.9990318296354234,1.764796080315704e-06,0.0,0.0,0.0,1.0
1559194408195681000,0.4413195352923869,0.897341668251387,0.0038727495565019504,0.26571717195044087,-0.8965824678784837,0.441116407167853,-0.03944862000440722,-0.5369396696099894,-0.03710722385519544,0.013937207293427328,0.9992140952721895,0.01220244465942049,0.0,0.0,0.0,1.0
1559194408293115000,0.43772079733893576,0.8991055231450378,0.0031243922694173805,0.5870900392170431,-0.8985171278713228,0.43755533568320615,-0.03481808634935232,-1.2348271951416212,-0.032672228250294366,0.012433280550394589,0.9993887827246808,0.017583825372617077,0.0,0.0,0.0,1.0
1559194408296536000,0.43772079733893576,0.8991055231450378,0.0031243922694173805,0.5870900392170431,-0.8985171278713228,0.43755533568320615,-0.03481808634935232,-1.2348271951416212,-0.032672228250294366,0.012433280550394589,0.9993887827246808,0.017583825372617077,0.0,0.0,0.0,1.0
1559194408393979000,0.45974258181699545,0.8880348688705144,0.005552489024654495,0.8890583406468449,-0.887337589975012,0.4596144208501195,-0.037236884455445506,-2.0789713567355923,-0.035619655831881314,0.012192449168867985,0.9992910408392964,0.012328471382645086,0.0,0.0,0.0,1.0
1559194408397377000,0.438269160001187,0.8988421208820533,0.0017277500114187458,0.9311215573470218,-0.8983187484286819,0.4380780388809529,-0.033332537733366016,-2.0363476052234124,-0.03071757824731907,0.013056553085254287,0.9994428231810696,0.014043419076950057,0.0,0.0,0.0,1.0
1559194408494821000,0.448268411743196,0.8938972950474059,0.0017484107528449727,1.2860190954425552,-0.8933710552493839,0.4480700146862203,-0.033487603403208506,-2.908842827399993,-0.030717888531452908,0.013449455231363944,0.9994376035942175,0.0024189820291691494,0.0,0.0,0.0,1.0
1559194408498215000,0.40363339946541105,0.9149162834516658,0.002876301615838838,1.2802780244312624,-0.9145449623211176,0.4035556977845043,-0.02739179947958628,-2.9364621988748616,-0.02622195128253513,0.00842573798853853,0.9996206361466744,0.01276711814713467,0.0,0.0,0.0,1.0
1559194408595703000,0.46380609062241424,0.8859282339198669,0.0038826080375969838,1.5409562680721054,-0.8853264283625656,0.46364477138560384,-0.03508049614216957,-3.752843879526708,-0.032878952908236246,0.012833172266136951,0.9993769479757098,0.011060530603119515,0.0,0.0,0.0,1.0
1559194408599064000,0.37725534436584335,0.926106487913938,0.0022755639126576187,1.6795021677147979,-0.9257810079909681,0.3771858983278018,-0.02569675749736548,-3.7789779558712775,-0.0246562444552597,0.007587565245945726,0.9996671938515337,0.008025781516760888,0.0,0.0,0.0,1.0
1559194408696559000,0.46851982598214126,0.8833941400688275,0.010196369634300696,1.8657763067297772,-0.8826770885985468,0.46856077467157264,-0.03649599570313059,-4.594095049927122,-0.03701796759480803,0.008098995692796561,0.9992817802521547,-0.011115176613657173,0.0,0.0,0.0,1.0
1559194408699922000,0.39262743097309943,0.9196828688035438,0.005207809208182964,1.9972279095295944,-0.9193333767189888,0.39262499244769233,-0.02591828998827065,-4.714439495020187,-0.025881323341927002,0.005388518788643021,0.9996504994083363,0.018288421425674183,0.0,0.0,0.0,1.0
1559194408797377000,0.45934798036188257,0.8881905260630433,0.010817686874331253,2.2358803596606953,-0.8875243529708927,0.45942971129884946,-0.034998046509179016,-5.433024120811685,-0.036054900097761654,0.006475321436820117,0.9993288319623479,-0.0158048820551093,0.0,0.0,0.0,1.0
1559194408800796000,0.410921713271388,0.911640435574751,0.007420363008777378,2.3144100554480915,-0.9111790270618872,0.41095378433252117,-0.02949182573755033,-5.570915249177153,-0.02993536712085336,0.005357552412791189,0.9995374782505576,0.005262410757516445,0.0,0.0,0.0,1.0
1559194408898256000,0.4372206940109594,0.8993113417827306,0.00878494561822357,2.6161796225072522,-0.8988053550019467,0.43727422408005273,-0.030662465246810686,-6.320665436982961,-0.031416533042269434,0.005510308170237469,0.999491189533691,-0.031414126229089144,0.0,0.0,0.0,1.0
1559194408901638000,0.39924717670455584,0.9167754153062797,0.011159291350224898,2.683997754685229,-0.9161710716259871,0.3993908960625513,-0.033428725043633485,-6.47938898848187,-0.03510355265682619,0.0031225041795809793,0.9993788023359881,-0.00924522327258728,0.0,0.0,0.0,1.0
1559194408999108000,0.44214139580571554,0.8969244569916793,0.006124097088798267,3.075742826094084,-0.8965081526989288,0.44212873296544447,-0.028201340938437406,-7.238798720214589,-0.028002111694072584,0.006978677278086146,0.999583503167256,-0.039458426898219684,0.0,0.0,0.0,1.0
1559194409002501000,0.3889744756323371,0.9212077247085612,0.00867094249918621,3.0815261983228988,-0.9205488146141181,0.38902859152317787,-0.03530771714562052,-7.282949607465487,-0.035898986324007634,0.00575177492327904,0.9993388713875477,-0.05601658716803939,0.0,0.0,0.0,1.0
1559194409099961000,0.43500405592424124,0.9004184971291246,0.004242800629922326,3.4165033601319554,-0.900067606878726,0.4349582754340239,-0.026260268069108136,-8.176794546623835,-0.025490672353995346,0.007604515710282112,0.9996461358719662,-0.07943795086642888,0.0,0.0,0.0,1.0
1559194409103380000,0.4031004357440611,0.9151364574406811,0.005941629900152811,3.397473804179241,-0.9145901447875111,0.4030710402609674,-0.032536188475369376,-8.156644528025101,-0.032169951204672226,0.007681195601217457,0.9994528970760073,-0.02287904749412142,0.0,0.0,0.0,1.0
1559194409106076305,0.42155276132506736,0.906793396422223,0.004359544043094272,3.8104520411953886,-0.9064649764947446,0.4215217705817039,-0.025310932698122183,-9.093508522760038,-0.02478942935191869,0.006718119582054757,0.9996701211208068,-0.07752961642029092,0.0,0.0,0.0,1.0
1559194409200809000,0.42155276132506736,0.906793396422223,0.004359544043094272,3.8104520411953886,-0.9064649764947446,0.4215217705817039,-0.025310932698122183,-9.093508522760038,-0.02478942935191869,0.006718119582054757,0.9996701211208068,-0.07752961642029092,0.0,0.0,0.0,1.0
1559194409204228000,0.40144917705398064,0.9158620970318644,0.0059310591867596995,3.845378096539194,-0.9153262175060818,0.4014228850178975,-0.03221153411303985,-9.061239728290559,-0.03188218607134333,0.007502439890104223,0.9994634758744346,-0.07365816923838799,0.0,0.0,0.0,1.0
1559194409301676000,0.40196452579621533,0.9156394353752355,0.005379998805155254,4.215852152576842,-0.9153173844345204,0.40196887113992863,-0.024801459361153112,-10.109748285945827,-0.024871786292370763,0.005044900416564105,0.99967791974536,-0.0932553340266299,0.0,0.0,0.0,1.0
1559194409305084000,0.4019547665643949,0.9156438596228843,0.005356115296811498,4.216974831851013,-0.9153222650070106,0.40195858979401033,-0.02478796629915707,-10.112814819528541,-0.024849885685842846,0.005061069622267257,0.9996783826589833,-0.09331296279692744,0.0,0.0,0.0,1.0
1559194409402520000,0.39400904969691325,0.9191007677862902,0.0032630371726436367,4.577991322674838,-0.9188800478225171,0.39398827908911804,-0.0208012897217114,-11.061681091762871,-0.020404079754423876,0.005197556642475896,0.9997783048928005,-0.11097028810705788,0.0,0.0,0.0,1.0
1559194409405967000,0.3937555004529078,0.9192093716478044,0.00327672670989197,4.582805578342914,-0.9189895216885686,0.3937353101673226,-0.020754868201434747,-11.073942459868533,-0.020368232365526914,0.005161066003661895,0.9997792248831784,-0.11119759066153398,0.0,0.0,0.0,1.0
1559194409503374000,0.38883230690074094,0.9213014742410749,0.003609802137307403,4.97367170197455,-0.9211536508881715,0.3888357944138823,-0.016812984206220443,-12.03140516023548,-0.016893447417319928,0.0032122490170256156,0.9998521355133501,-0.12759578260676593,0.0,0.0,0.0,1.0
1559194409506810000,0.3890535662125333,0.9212070341779599,0.0038630037996446203,4.982763208082097,-0.9210595874912828,0.3890615114551707,-0.016744449665729532,-12.053008761520445,-0.01692805091255586,0.0029564311705399422,0.9998523394016929,-0.12796314370255019,0.0,0.0,0.0,1.0
1559194409604231000,0.3912760649709051,0.9202596132211336,0.0050284445879419356,5.4030859004871905,-0.9201450937637004,0.39130691503893433,-0.014556945603523514,-13.017997995098478,-0.01536383426993162,0.0010688857768845345,0.9998813980066434,-0.14405903542622264,0.0,0.0,0.0,1.0
1559194409607647000,0.3911385001107085,0.9203183798827543,0.004975276990295215,5.416827846925978,-0.9202040656463552,0.39116856133894923,-0.014547652316993568,-13.04866156127515,-0.015334643754029917,0.0011118767932141933,0.9998817992297556,-0.14456006936857407,0.0,0.0,0.0,1.0
1559194409705089000,0.390984257617519,0.9203807914146682,0.005523503433836948,5.865904059522034,-0.920303216156994,0.3910230580589024,-0.011956521122856254,-14.021464538200753,-0.013164369577518655,-0.0004084864397064838,0.9999132624945294,-0.1624563954637975,0.0,0.0,0.0,1.0
1559194409708505000,0.3775921070486125,0.92594636003589,0.00689485539209869,5.856026788182898,-0.9257849584155324,0.3776550242637688,-0.017288534347605217,-14.098731228623866,-0.018612132229918903,0.00014486069963885953,0.9998267687700862,-0.14166180665700018,0.0,0.0,0.0,1.0
1559194409805956000,0.3960522952318381,0.9182191984727937,0.004010361277128405,6.270701836305006,-0.9181628489595334,0.39607244505073486,-0.010178460691493167,-15.01148156955703,-0.010934451614398986,0.00034903798322756784,0.9999401561795493,-0.17665197064317417,0.0,0.0,0.0,1.0
1559194409809362000,0.37232049318577,0.9280735904079893,0.007540632674389445,6.2307102001862225,-0.9279851794945284,0.3723905768735606,-0.012990954325429375,-15.07749908380259,-0.01486462217523511,-0.002160796844448426,0.999887180618183,-0.1422351705344849,0.0,0.0,0.0,1.0
1559194409906825000,0.38700612774203413,0.9220725555368726,0.002908507489314104,6.661413419347299,-0.9220312216356525,0.38701640897802003,-0.00875930995146351,-16.013391605209367,-0.009202359435685769,0.0007081719124992354,0.999957406629581,-0.17765597710492417,0.0,0.0,0.0,1.0
1559194409910233000,0.36980959803088664,0.9290674236457788,0.008636175335960056,6.653878964326355,-0.9289855966420671,0.3698956842943064,-0.01276495092167015,-16.103050625598055,-0.015053984051341606,-0.003302281127955983,0.9998812291985156,-0.164638972642542,0.0,0.0,0.0,1.0
1559194410007671000,0.3666090628748647,0.9303527339471884,0.006448678546987944,7.108362763301135,-0.9303256403613405,0.3666522310504236,-0.007768162717965297,-17.13718860409101,-0.00959155379898605,-0.0031514921444184426,0.9999490337977149,-0.20765124871206325,0.0,0.0,0.0,1.0
1559194410011090000,0.370664077780392,0.9286214552601977,0.01644184520199908,7.040734890517767,-0.9281043688832749,0.3710101780794534,-0.031204618588193983,-17.05037028470855,-0.035077370240556724,-0.0036933171929964545,0.9993777751706902,-0.14305867979046386,0.0,0.0,0.0,1.0
1559194410107855943,0.3549038874046025,0.9348816440492759,0.006288268825552683,7.579194424800922,-0.9348926808161898,0.3549233032449432,-0.002263662965131261,-18.23476200460735,-0.00434811009767297,-0.005075473713915188,0.9999776665031862,-0.20599066933090635,0.0,0.0,0.0,1.0
1559194410108542000,0.3549038874046025,0.9348816440492759,0.006288268825552683,7.579194424800922,-0.9348926808161898,0.3549233032449432,-0.002263662965131261,-18.23476200460735,-0.00434811009767297,-0.005075473713915188,0.9999776665031862,-0.20599066933090635,0.0,0.0,0.0,1.0
1559194410111936000,0.3699938771143752,0.9288137527483715,0.020237183681524877,7.410498868186717,-0.9280638393983014,0.3705150621911345,-0.0376310867606467,-17.98678377695643,-0.04245045228448949,-0.004858126695485811,0.9990867618509696,-0.11067597479332471,0.0,0.0,0.0,1.0
1559194410209397000,0.34945574131394486,0.9369164975501231,0.00825599667715235,7.922336874939429,-0.9369451250290755,0.34947511802608155,-0.000987200541337916,-19.091747125088727,-0.0038101898867408932,-0.007390432941915824,0.9999654313794829,-0.17900675967103272,0.0,0.0,0.0,1.0
1559194410212814000,0.36471127982845447,0.9308414817137707,0.02279952382856976,7.7899368529720086,-0.9301876180483317,0.36533248088198494,-0.03582141317963452,-19.088950026430226,-0.04167346392443147,-0.008143361316725758,0.9990980973212823,-0.21945470194022135,0.0,0.0,0.0,1.0
1559194410310266000,0.3502488502600022,0.9365743896983324,0.012415935435840963,8.306851383327974,-0.936571323534726,0.3503651152872411,-0.008856744445231282,-20.086055087032708,-0.012645110673884146,-0.008526344525078838,0.9998836945490629,-0.20259784402137937,0.0,0.0,0.0,1.0
1559194410313699000,0.35362089091390575,0.9351534383843697,0.0209836171131014,8.190984996811975,-0.9347483979417918,0.3541198323744129,-0.02906160464214154,-20.113974706503736,-0.03460777448076628,-0.009337611954554256,0.9993573489740661,-0.24572439907870636,0.0,0.0,0.0,1.0
1559194410411147000,0.3475735239897426,0.9374094184362309,0.02135948614552726,8.602042896458801,-0.9371905809123037,0.3480271872836312,-0.0234710877614397,-21.02605827358375,-0.029435700613568618,-0.011859980543599324,0.9994963133453227,-0.19088645937360188,0.0,0.0,0.0,1.0
1559194410414540000,0.3407180671631775,0.9399800622221105,0.018673010831389607,8.689652817855878,-0.9396510605811297,0.3411214128122837,-0.0263071486427839,-20.849758975132932,-0.031097959054393096,-0.008582793593814869,0.9994794908334907,-0.27013625049583573,0.0,0.0,0.0,1.0
1559194410511970000,0.3455896893071959,0.938166105060859,0.020300885682537493,8.999068607693191,-0.9378725896829734,0.34603521692698336,-0.025585819659545404,-22.010236997946897,-0.031028570155752267,-0.01019744876112747,0.9994664776133585,-0.24324934656534983,0.0,0.0,0.0,1.0
1559194410515387000,0.3384835312159943,0.9407580684108341,0.020078740385567586,9.014935478833157,-0.9405154228322323,0.3389070242629325,-0.023932578631513355,-21.97787360746482,-0.029319592600493726,-0.010783581277372065,0.9995119188206671,-0.2652347420892209,0.0,0.0,0.0,1.0
1559194410612827000,0.33294311527394643,0.9427242201671143,0.020492113165463028,9.320430136625234,-0.9425487211823881,0.33335541855111167,-0.021819099891124696,-22.93370121518553,-0.0274005508908788,-0.012050295968207813,0.9995518996920347,-0.2671325121671203,0.0,0.0,0.0,1.0
1559194410616230000,0.33279464373519274,0.9427767557813497,0.02048691923060686,9.325745491691423,-0.9426004449167487,0.3332071901004639,-0.02184879191403078,-22.949526033954264,-0.027424921949097663,-0.01203981826066973,0.9995513575761558,-0.26720486385039033,0.0,0.0,0.0,1.0
1559194410713683000,0.33376706874451645,0.9424401709609569,0.020151128523691924,9.654409225761036,-0.9424105276976347,0.3340914532358192,-0.015661997300787295,-23.885326394802068,-0.02149281522656613,-0.01376317673594753,0.9996742638778754,-0.2750091941923054,0.0,0.0,0.0,1.0
1559194410717118000,0.3336348607146125,0.9424868206287015,0.02015868689042662,9.663412077527031,-0.9424605661663356,0.3339573253754065,-0.015510836519647419,-23.909797087361763,-0.021350900153701332,-0.013823811678122125,0.9996764683102793,-0.2753058423535695,0.0,0.0,0.0,1.0
1559194410814533000,0.3338649607893119,0.9424215978882508,0.019383492742748757,10.016482114176442,-0.9424541226472597,0.33412212259155294,-0.011942943527429344,-24.824465984425757,-0.01773174166105451,-0.014280722274213146,0.9997407895594718,-0.28707206179785144,0.0,0.0,0.0,1.0
1559194410817940000,0.33353253221665125,0.9425402663993263,0.019336394933876084,10.029410690806637,-0.9425759058566336,0.33378585170351005,-0.0117331539285837,-24.85659765918751,-0.017513185081431015,-0.014312631430112051,0.9997441857444573,-0.2875556526871174,0.0,0.0,0.0,1.0
1559194410915402000,0.3252999057969512,0.9453087167156022,0.023904003639582894,10.422163968368706,-0.9452872465124128,0.32574597914187886,-0.017932614251182488,-25.782757056018028,-0.024738489636128413,-0.016762672054481682,0.9995534102568582,-0.30392226354712215,0.0,0.0,0.0,1.0
1559194410918820000,0.3252999057969512,0.9453087167156022,0.023904003639582894,10.422163968368706,-0.9452872465124128,0.32574597914187886,-0.017932614251182488,-25.782757056018028,-0.024738489636128413,-0.016762672054481682,0.9995534102568582,-0.30392226354712215,0.0,0.0,0.0,1.0
1559194411016250000,0.3785851331467936,0.9251635256788744,0.0273083817473875,10.78504725155072,-0.9251952647799161,0.3791040812733461,-0.017141108211432332,-26.48866244978224,-0.026211047080337287,-0.01877621674697697,0.9994800821905475,-0.3325978653609736,0.0,0.0,0.0,1.0
1559194411019679000,0.32913243769016176,0.9438829959793281,0.027508696101752366,10.840356313562506,-0.9438285287142117,0.3297386203113584,-0.021451122589129484,-26.68481833561384,-0.02931802935570377,-0.018903231899613026,0.9993913752771975,-0.32514780673458477,0.0,0.0,0.0,1.0
1559194411105600866,0.34334505515985136,0.9387963207178432,0.02785033759079271,11.213880905244881,-0.938894297862584,0.34384692652908977,-0.015709505327196886,-27.42660321091302,-0.02432427878486159,-0.020754742184443363,0.999488654332032,-0.3480015627310943,0.0,0.0,0.0,1.0
1559194411117136000,0.34376202124682975,0.938643792198071,0.027847874538657207,11.225193104608545,-0.9387458097553047,0.34426018029627453,-0.015531675029946446,-27.448194600023434,-0.024165624658843414,-0.020802875532113043,0.9994915021922113,-0.34874202760887707,0.0,0.0,0.0,1.0
1559194411120534000,0.2900439364859713,0.9560068888007728,0.04387873600264195,11.130217219842876,-0.9549313259295328,0.2921312895566667,-0.052587759226165064,-27.721925415711247,-0.06309261181937856,-0.026648418854181857,0.9976518351140237,-0.34296916815617273,0.0,0.0,0.0,1.0
1559194411217976000,0.3691661772632161,0.9290571317234035,0.023857484333992447,11.574584021813408,-0.9293514631599782,0.36916989882552764,0.004409503777104698,-28.346374537556365,-0.004710784146331487,-0.023799827626133994,0.9997056450364235,-0.36387507615120135,0.0,0.0,0.0,1.0
1559194411221377000,0.3005846773882796,0.952560437805194,0.04772278331953242,11.421274084150577,-0.9517234738441641,0.3028328843248428,-0.05014652037279571,-28.703105981100094,-0.062219619521380935,-0.030345617473976492,0.9976010537518183,-0.27858224962724154,0.0,0.0,0.0,1.0
1559194411318832000,0.37840269585846154,0.925254573505456,0.02674647592278277,11.928600938060821,-0.9256402711212599,0.37820628337765555,0.012251354709785242,-29.195115559074996,0.0012199367246604061,-0.02939356087480436,0.9995671714964872,-0.33517067410884693,0.0,0.0,0.0,1.0
1559194411322251000,0.30864782491216347,0.9499212440610373,0.04884823700526606,11.776011684244454,-0.9496881157910597,0.31062997875244036,-0.040018733431843354,-29.596543469539686,-0.053188371870363786,-0.03403889513176859,0.9980041837166759,-0.25010343710210425,0.0,0.0,0.0,1.0
1559194411419671000,0.3686694367629327,0.9290495845780935,0.030817459210233197,12.346859909156798,-0.9295554375243507,0.36857487412158757,0.00890228819872285,-30.142783788466485,-0.003087873996341163,-0.03192853835568206,0.9994853843216782,-0.3221642173472707,0.0,0.0,0.0,1.0
1559194411423080000,0.31740018077681253,0.947169909894747,0.04611168000438255,12.196280314194249,-0.9475444707826843,0.3187048815901421,-0.024221361228878,-30.39912327204101,-0.0376377620484039,-0.03600500299394733,0.9986425980436618,-0.25802394577702664,0.0,0.0,0.0,1.0
1559194411520562000,0.3380884897110982,0.9400035379049984,0.04571128800369196,12.665403018836702,-0.9407079187439932,0.3389708982747673,-0.01293606335572285,-31.084571482959237,-0.027654741676851058,-0.03862743647831743,0.9988709308083303,-0.30106912923838963,0.0,0.0,0.0,1.0
1559194411523951000,0.3042904585533988,0.9518721330435962,0.03669821750979044,12.63943023205104,-0.9525566150999205,0.3043231777851043,0.0048268511643246425,-31.147410012843014,-0.006573573057958953,-0.03642589460548844,0.9993147363766044,-0.16750892907707288,0.0,0.0,0.0,1.0
1559194411621403000,0.30599827384341727,0.9510178605229254,0.04393273689683661,12.993542009361194,-0.9518244638344087,0.3065692853972618,-0.006742647651893193,-31.9856234095252,-0.019880806100172742,-0.03975301519899643,0.9990117373341514,-0.33322710009413964,0.0,0.0,0.0,1.0
1559194411624802000,0.3059957725394066,0.9510186951596129,0.04393209128782719,12.993660585345333,-0.9518252802651217,0.3065667571663383,-0.006742347420685276,-31.985910011669155,-0.01988021720797764,-0.03975254529494777,0.9990117677516803,-0.3332721194843393,0.0,0.0,0.0,1.0
1559194411722280000,0.30665742171976546,0.9503199676773079,0.05341521073614665,13.331696709735986,-0.9509352566006218,0.3083086199073916,-0.02584439290664741,-32.81511577553334,-0.04102881253580884,-0.0428690322330894,0.9982378887906919,-0.4336780607372326,0.0,0.0,0.0,1.0
1559194411725664000,0.30665742171976546,0.9503199676773079,0.05341521073614665,13.331696709735986,-0.9509352566006218,0.3083086199073916,-0.02584439290664741,-32.81511577553334,-0.04102881253580884,-0.0428690322330894,0.9982378887906919,-0.4336780607372326,0.0,0.0,0.0,1.0
1559194411823132000,0.3063450779635835,0.9503512487161324,0.054636958838986824,13.665572060040068,-0.9510527810473617,0.3080114404899858,-0.02505115145789672,-33.660363942637865,-0.04063620146577779,-0.04428833470534224,0.9981919868138898,-0.48135367906749066,0.0,0.0,0.0,1.0
1559194411826530000,0.3061614840509566,0.9504027124378053,0.054770702702980845,13.672496573702631,-0.9511017213127033,0.30784272003726354,-0.025266092615838495,-33.67813595719205,-0.04087372505323575,-0.04435700520687786,0.998179239760752,-0.481834009224914,0.0,0.0,0.0,1.0
1559194411923976000,0.3232476471654276,0.9448346290020622,0.052900684688863955,14.027222722744028,-0.9457057769277619,0.3245392127863743,-0.017744938699802933,-34.60555404390361,-0.03393437913787703,-0.044292473429887035,0.9984421038347631,-0.47825146627026577,0.0,0.0,0.0,1.0
1559194411927400000,0.3232476471654276,0.9448346290020622,0.052900684688863955,14.027222722744028,-0.9457057769277619,0.3245392127863743,-0.017744938699802933,-34.60555404390361,-0.03393437913787703,-0.044292473429887035,0.9984421038347631,-0.47825146627026577,0.0,0.0,0.0,1.0
1559194412024836000,0.32526919057364373,0.9438859313229201,0.05726519286816281,14.378231102020946,-0.9447475060983547,0.32697514839939035,-0.023225030681182732,-35.54682448924912,-0.04064607465069911,-0.04654676121772221,0.9980888215162163,-0.4242430179521738,0.0,0.0,0.0,1.0
1559194412028254000,0.33958944825411225,0.9391450536029535,0.0518225330100059,14.312821413488889,-0.9403559570753015,0.3401807480506074,-0.0027807640545298895,-35.763607662974884,-0.02024056885227014,-0.047787309495688365,0.9986524382505161,-0.530275041945194,0.0,0.0,0.0,1.0
1559194412105511083,0.3436682455024583,0.9375761844259898,0.05332012219099817,14.68248477562562,-0.9389444083873879,0.34406384418818053,0.0018625467809597136,-36.55734989495539,-0.016599246709411597,-0.05070472877014913,0.9985757334769493,-0.5007907101052922,0.0,0.0,0.0,1.0
1559194412125695000,0.3436682455024583,0.9375761844259898,0.05332012219099817,14.68248477562562,-0.9389444083873879,0.34406384418818053,0.0018625467809597136,-36.55734989495539,-0.016599246709411597,-0.05070472877014913,0.9985757334769493,-0.5007907101052922,0.0,0.0,0.0,1.0
1559194412129132000,0.3436682455024583,0.9375761844259898,0.05332012219099817,14.68248477562562,-0.9389444083873879,0.34406384418818053,0.0018625467809597136,-36.55734989495539,-0.016599246709411597,-0.05070472877014913,0.9985757334769493,-0.5007907101052922,0.0,0.0,0.0,1.0
1559194412226544000,0.35133317775234346,0.934708956229558,0.05370442583895704,15.044662975046013,-0.9361985573322482,0.35133946098649377,0.009635580041619482,-37.41488246787615,-0.009862021063480206,-0.05366330494829821,0.9985103856458226,-0.4834918785640246,0.0,0.0,0.0,1.0
1559194412229970000,0.35133317775234346,0.934708956229558,0.05370442583895704,15.044662975046013,-0.9361985573322482,0.35133946098649377,0.009635580041619482,-37.41488246787615,-0.009862021063480206,-0.05366330494829821,0.9985103856458226,-0.4834918785640246,0.0,0.0,0.0,1.0
1559194412327398000,0.34287596278896737,0.9374900692041114,0.05956881973993354,15.385709301738617,-0.9392621246554477,0.3431501609679992,0.00588457435767022,-38.30948811521675,-0.014924320060623353,-0.05796841529063713,0.998206856067128,-0.4801281405238089,0.0,0.0,0.0,1.0
1559194412330818000,0.34287596278896737,0.9374900692041114,0.05956881973993354,15.385709301738617,-0.9392621246554477,0.3431501609679992,0.00588457435767022,-38.30948811521675,-0.014924320060623353,-0.05796841529063713,0.998206856067128,-0.4801281405238089,0.0,0.0,0.0,1.0
1559194412428251000,0.33038110765451767,0.9415443695832725,0.06589782857585648,15.688412132104045,-0.9436223327930936,0.3310215825022501,0.001266874827147402,-39.25139640909232,-0.02062078463817496,-0.06260121423540226,0.9978255715390144,-0.4764481739575944,0.0,0.0,0.0,1.0
1559194412431661000,0.340445102679074,0.9381858356545771,0.06248575708877459,15.703596087831508,-0.9401209372778564,0.34080150674032594,0.005191945235430352,-39.23466504225929,-0.016424230686289728,-0.060511740849596075,0.9980323511117839,-0.490903363707602,0.0,0.0,0.0,1.0
1559194412529125000,0.3396189273945845,0.9382217895075996,0.0663238859575546,15.98826363754886,-0.9404129819240475,0.3399793301670807,0.006121967646708008,-40.159686552042125,-0.01680498688112566,-0.06445097945185416,0.9977793662246282,-0.5167441793278632,0.0,0.0,0.0,1.0
1559194412532533000,0.33695357769619105,0.9390438650389918,0.06825617928339432,16.10112924119058,-0.9412441778470594,0.3377267341005699,0.00022526157550358038,-40.03766459747421,-0.02284040601105851,-0.06432163404636392,0.9976678020497888,-0.502399612031959,0.0,0.0,0.0,1.0
1559194412629983000,0.34101604414897096,0.9377870522988573,0.0652954988770915,16.34134364497222,-0.93993639374179,0.3412633939590968,0.007672787185770622,-41.0995710647626,-0.01508752307918878,-0.06399015927579352,0.997836472656313,-0.5259964500618561,0.0,0.0,0.0,1.0
1559194412633396000,0.32944118621207746,0.9418691291637472,0.06596247687514449,16.405262083901707,-0.9439913115526726,0.32995404533043665,0.0032759247774248827,-41.0154342486639,-0.018679093667650623,-0.06334722960324732,0.9978167266393911,-0.5114198277547828,0.0,0.0,0.0,1.0
1559194412730832000,0.3309077637994508,0.941618881976465,0.062080052856297786,16.661778524488362,-0.9435804473866357,0.3310327087923719,0.008560666984561257,-41.9901154940994,-0.012489642384018864,-0.06141031521642509,0.9980344593340155,-0.5132942470683239,0.0,0.0,0.0,1.0
1559194412734242000,0.32067295742256724,0.945201547444179,0.061342392250341146,16.709594950324142,-0.9470503410544872,0.3210645938800415,0.0036301604954554873,-41.99192069940716,-0.016263636937711184,-0.05925842780378063,0.9981101807154276,-0.5200442240319162,0.0,0.0,0.0,1.0
1559194412831726000,0.3184641150433283,0.9462105394655873,0.05715087430576904,17.005392053367803,-0.9478408230102144,0.31870270262816236,0.005134352230335317,-42.932453780715164,-0.013355959905139481,-0.05580503867708852,0.9983523506223952,-0.5271172298968266,0.0,0.0,0.0,1.0
1559194412835092000,0.31845785847376434,0.9462139418432185,0.05712940256837942,17.006715834335683,-0.9478430493930224,0.3186960542253319,0.00513602361173338,-42.93663807445851,-0.013347138031735414,-0.05578531422087822,0.998353570947508,-0.5271423269347467,0.0,0.0,0.0,1.0
1559194412932559000,0.3120382365888738,0.9485874909004746,0.05304631008514511,17.286504224548082,-0.9500091378230489,0.31216127646296626,0.006162428881573455,-43.77757088411236,-0.01071340091720525,-0.0523173927499939,0.9985730386189239,-0.5227870799587565,0.0,0.0,0.0,1.0
1559194412935952000,0.3218762910110858,0.9454360815564945,0.05046056852679862,17.283867549394678,-0.9467366287360842,0.3219237388533326,0.0074069003048078345,-43.8117621633958,-0.009241704084155101,-0.050156974129168454,0.9986985875887814,-0.5310048086561002,0.0,0.0,0.0,1.0
1559194413033416000,0.3195419094783344,0.9464439200880973,0.04622633681373277,17.550695953465898,-0.9475320531111984,0.3195966942837512,0.006400103888031051,-44.65288693410676,-0.008716445021757472,-0.04584603724616761,0.9989104887100769,-0.53257243571582,0.0,0.0,0.0,1.0
1559194413036825000,0.31959998201341666,0.9464235521131962,0.04624188039498046,17.557092020851385,-0.9475120970634732,0.3196565338866581,0.006366024029849494,-44.672946430615575,-0.008756564132293173,-0.0458493222306436,0.9989099870536823,-0.5325900908360118,0.0,0.0,0.0,1.0
1559194413106561946,0.3209551508019192,0.9461097970617873,0.04317456516770704,17.82816154665237,-0.9470812541952728,0.3208571682991215,0.009368858147020685,-45.512029708363464,-0.004988900242078389,-0.043896804607786846,0.9990236140450343,-0.5318835160877547,0.0,0.0,0.0,1.0
1559194413134276000,0.3209551508019192,0.9461097970617873,0.04317456516770704,17.82816154665237,-0.9470812541952728,0.3208571682991215,0.009368858147020685,-45.512029708363464,-0.004988900242078389,-0.043896804607786846,0.9990236140450343,-0.5318835160877547,0.0,0.0,0.0,1.0
1559194413137737000,0.3207036313460535,0.9462012947468439,0.04303824648904035,17.837528143844278,-0.9471668214087915,0.3206040309862355,0.009384441259020652,-45.54075759570721,-0.004918664841204944,-0.04377402351595462,0.9990293497197199,-0.5318186668958322,0.0,0.0,0.0,1.0
1559194413235147000,0.3368492405336212,0.940629151670451,0.04182568803558338,18.10530863806675,-0.9415534222825813,0.3366621332307057,0.011651653810078162,-46.337796646919756,-0.003121240118970299,-0.04330597044611321,0.9990569807492665,-0.5466643548123652,0.0,0.0,0.0,1.0
1559194413238526000,0.3125958342508239,0.9489484951634789,0.04219713184565697,18.118227263858877,-0.9498466937769487,0.3126795327772229,0.0047715933624552075,-46.405951735465685,-0.008666183129205375,-0.041572386378310185,0.9990979100972952,-0.5291219530799455,0.0,0.0,0.0,1.0
1559194413335982000,0.3364883422876228,0.9411874954744311,0.03068703092665913,18.441879796726706,-0.9416842430362791,0.3362209998521607,0.013646452857933677,-47.26062708723896,0.0025262465668125346,-0.03348936578947467,0.9994358811135933,-0.526416718980824,0.0,0.0,0.0,1.0
1559194413339397000,0.3157144348080253,0.9481725734346765,0.035960626247472975,18.394157446636644,-0.9488441425777014,0.3156592207470571,0.0073518333325474075,-47.26713947341219,-0.004380496528469587,-0.03644210948372925,0.9993261649264168,-0.5256664619151161,0.0,0.0,0.0,1.0
1559194413436838000,0.31409972493068555,0.9489030346907971,0.030403841090607387,18.67139851650761,-0.9493882195876393,0.3138760947116707,0.011991900465010011,-48.1241261254927,0.0018361118372035206,-0.03263170119909358,0.999465757677657,-0.5222482624145852,0.0,0.0,0.0,1.0
1559194413440268000,0.31409972493068555,0.9489030346907971,0.030403841090607387,18.67139851650761,-0.9493882195876393,0.3138760947116707,0.011991900465010011,-48.1241261254927,0.0018361118372035206,-0.03263170119909358,0.999465757677657,-0.5222482624145852,0.0,0.0,0.0,1.0
1559194413537683000,0.28884074185007624,0.956905743089225,0.030040384324355855,18.936897430664672,-0.9573769813190307,0.2887176142328371,0.008453098376336775,-48.95748969580413,-0.0005843697095510393,-0.031201571668068626,0.9995129416058027,-0.5057816607202067,0.0,0.0,0.0,1.0
1559194413541103000,0.31191839779418123,0.949575714299026,0.03182571179101627,18.953775573637945,-0.9501002847009193,0.31188314089470204,0.006193176639468334,-48.976916688401246,-0.004045012823388926,-0.032169383568093776,0.9994742461074757,-0.5145040310668175,0.0,0.0,0.0,1.0
1559194413638553000,0.31340145727070684,0.9490313510856475,0.03345177479815381,19.235262077015392,-0.9495236564195972,0.31367859682691773,-0.003250198802355345,-49.8259776922945,-0.013577646340751572,-0.03074463447899079,0.9994350478998613,-0.5023146172942001,0.0,0.0,0.0,1.0
1559194413641984000,0.31340145727070684,0.9490313510856475,0.03345177479815381,19.235262077015392,-0.9495236564195972,0.31367859682691773,-0.003250198802355345,-49.8259776922945,-0.013577646340751572,-0.03074463447899079,0.9994350478998613,-0.5023146172942001,0.0,0.0,0.0,1.0
1559194413739409000,0.318479969900902,0.9473798247310882,0.03227966022765845,19.51214573137719,-0.9477835884907755,0.3188438823760082,-0.006696869338906972,-50.6697378099936,-0.016636651089306113,-0.02846131346034824,0.9994564400095898,-0.49032131223497855,0.0,0.0,0.0,1.0
1559194413742841000,0.318479969900902,0.9473798247310882,0.03227966022765845,19.51214573137719,-0.9477835884907755,0.3188438823760082,-0.006696869338906972,-50.6697378099936,-0.016636651089306113,-0.02846131346034824,0.9994564400095898,-0.49032131223497855,0.0,0.0,0.0,1.0
1559194413840281000,0.33649518117986205,0.9412173166296594,0.029680901590005467,19.768609181571524,-0.9416071608689702,0.33670586674470954,-0.0022613933695140405,-51.4532589961075,-0.01212219629472572,-0.027186801506603332,0.9995568669069469,-0.4742534248173412,0.0,0.0,0.0,1.0
1559194413843699000,0.3187729387540965,0.9473345438385381,0.030676955003829585,19.786120160610153,-0.9476927389096419,0.3191124383536785,-0.006761975000844345,-51.50545199917115,-0.016195250415411023,-0.026916792866186735,0.9995064782810464,-0.4824095851144966,0.0,0.0,0.0,1.0
1559194413941138000,0.31997474432514916,0.9469728011819255,0.02930318780803951,20.04960608128374,-0.9473559454691642,0.3201742988763696,-0.0022651541341258317,-52.30125161383494,-0.011527166966783995,-0.02703575707622235,0.9995680028197353,-0.47654115172747197,0.0,0.0,0.0,1.0
1559194413944557000,0.3156060358000666,0.9482885457823349,0.03378852030782629,20.07675180771847,-0.9488120701617586,0.315837152949512,-0.0015963496188802922,-52.18898682880637,-0.01218547011504919,-0.03155513832600604,0.9994277300351943,-0.4832247713582491,0.0,0.0,0.0,1.0
1559194414041987000,0.3201116588889391,0.9470860776257622,0.023589985392565814,20.404372718787496,-0.9473581903723776,0.32017336293618226,0.0012152368122432349,-53.075113994232716,-0.006401951088859737,-0.022737177344322623,0.999720978967966,-0.4860125243361453,0.0,0.0,0.0,1.0
1559194414045413000,0.3121574634045384,0.9493964359509655,0.03470051072317238,20.357210578690218,-0.9500098262027975,0.31218266588531235,0.004828378492865527,-52.9539124946727,-0.006248852612593396,-0.03447304054395974,0.999386092216957,-0.4613505302231691,0.0,0.0,0.0,1.0
1559194414142868000,0.3169315973791687,0.9480650373156977,0.026963820246286345,20.6033058616182,-0.9484129351994265,0.31703749062411984,0.00036590322519353553,-53.933526495273384,-0.008201641853675813,-0.02568880219761747,0.9996363431331191,-0.4697428371425687,0.0,0.0,0.0,1.0
1559194414146270000,0.3092422501391537,0.9502822596503804,0.03650832401850986,20.650677832303764,-0.9509686746609236,0.3092224222852024,0.006330353048569691,-53.83650051195395,-0.005273570187197567,-0.036675885126889324,0.9993132986744644,-0.47949714805772703,0.0,0.0,0.0,1.0
