1559194408091384000,0.42400671621724073,0.9053146568165014,0.024973521095266182,0.19708294929833567,-0.9048844786288341,0.42462319606006543,-0.0296516728761981,-0.04612508288331826,-0.03744843039829588,-0.010025643169231716,0.9992482682195388,0.027103864334557908,0.0,0.0,0.0,1.0
1559194408094824000,0.40438825087818164,0.9141953980588872,0.02677530055168828,-0.06309462887752598,-0.9133770307403222,0.4051856408479611,-0.039585302406541796,0.12265555159069162,-0.04703766860376286,-0.008448113314415808,0.9988573907789595,0.003044125118134845,0.0,0.0,0.0,1.0
1559194408106803132,0.40605802945791125,0.9134609595402294,0.02656975928770307,6.54588618272333e-05,-0.912658110826601,0.4068409637287369,-0.03918677040405179,-0.0002187213152044322,-0.046605251369216755,-0.008337003545543864,0.9988785936822847,-2.0973607265017383e-05,0.0,0.0,0.0,1.0
1559194408192245000,0.41745364268182517,0.908276385657423,0.027685076643523047,0.3882794361341771,-0.9076649786927247,0.4182378796391283,-0.03494799693407692,-0.7857757770425225,-0.04332138809428348,-0.010539605877186125,0.9990055925977318,-0.015789216399222733,0.0,0.0,0.0,1.0
1559194408195681000,0.41745982718915003,0.9082742855963384,0.027660708733953605,0.3921224778485219,-0.9076649522084915,0.4182424362274389,-0.03489411226689421,-0.7938487234265927,-0.043262307099398004,-0.010539765794200844,0.9990081511786777,-0.015912522009375773,0.0,0.0,0.0,1.0
1559194408293115000,0.4505971462835496,0.8922627373085532,0.02879964186877983,0.7409597454681327,-0.8914922834293114,0.45143591734040434,-0.03804104521474673,-1.659921257814285,-0.04694379987949578,-0.008533472076136289,0.9988610811855636,0.025074762894433337,0.0,0.0,0.0,1.0
1559194408296536000,0.41308538983539234,0.9103051972916676,0.026550112774225247,0.8029238175827195,-0.910017789897566,0.41372583534628155,-0.02643019555304558,-1.6990106934400837,-0.035044011963426776,-0.013243147314876351,0.9992980217506165,-0.024702247011226797,0.0,0.0,0.0,1.0
1559194408393979000,0.4555564442815053,0.8896691340268589,0.0309379707396408,1.0606408255868953,-0.8890519457340066,0.4564603145489175,-0.03508017999496884,-2.545263967564588,-0.045331709212951724,-0.011524461019876048,0.998905512517589,0.006961864059217168,0.0,0.0,0.0,1.0
1559194408397377000,0.4228850524654237,0.9058056796785514,0.026159186978755456,1.1622064284429767,-0.9055652439395835,0.4234865165209801,-0.024713544739147355,-2.585789621829607,-0.033463732158363194,-0.013237861874056933,0.9993522590373386,-0.023727914066920985,0.0,0.0,0.0,1.0
1559194408494821000,0.4373929163446804,0.8988749320711045,0.026670081095904546,1.460025888546268,-0.8986463636670918,0.43800183999824605,-0.02427140758299085,-3.4217359952875244,-0.03349850443533956,-0.013350829649026263,0.9993495912583779,-0.013664226883220375,0.0,0.0,0.0,1.0
1559194408498215000,0.40991467785949476,0.91162689021364,0.030105978056718167,1.532289134624818,-0.9115863050920165,0.4105829006001829,-0.020786777129326743,-3.539587185586575,-0.031310784787904354,-0.01892339224719962,0.9993305459065173,-0.028305098533050167,0.0,0.0,0.0,1.0
1559194408595703000,0.44332706542754474,0.8959420623895403,0.027366656730032378,1.7015359274585728,-0.8957369447183756,0.44395050802844044,-0.02373335812460681,-4.294903489584932,-0.03341315498392735,-0.013991685476392955,0.9993436815288088,-0.0014067445784678252,0.0,0.0,0.0,1.0
1559194408599064000,0.3968264936299405,0.9173639306370794,0.031179363679443173,1.9735445262916966,-0.9173924027609639,0.3975033384889606,-0.01955186043840652,-4.426797617604158,-0.030330072697583525,-0.020845015140727334,0.9993225565521594,-0.04130071458412349,0.0,0.0,0.0,1.0
1559194408696559000,0.4475698897873169,0.8936421993361272,0.03293650439030955,2.0032959183098153,-0.8934828607853452,0.44840727960890525,-0.024885519415402343,-5.169631720748147,-0.03700771863548765,-0.018290192984871098,0.9991475854957442,-0.019384441878848944,0.0,0.0,0.0,1.0
1559194408699922000,0.389966719199183,0.9202298093844349,0.033212284433661934,2.3416635610665826,-0.9204132060533332,0.39062073603059416,-0.015967802151232845,-5.403753520362416,-0.027667454520651058,-0.024342113778203955,0.9993207560424044,-0.03288963887820676,0.0,0.0,0.0,1.0
1559194408797377000,0.4481327891007111,0.8933279454686345,0.03379623022774916,2.3502000604921034,-0.8932095503920925,0.4489889282526631,-0.024200028819804355,-6.04320283252945,-0.036792695214814874,-0.01934228919533897,0.9991357132179394,-0.020406903584152338,0.0,0.0,0.0,1.0
1559194408800796000,0.379169602569658,0.9245788518730218,0.037206977253339775,2.703883714387979,-0.9247512758508372,0.38004558718766135,-0.02001073390503647,-6.308160776178728,-0.032641848896777834,-0.026819737663679396,0.9991072071465826,-0.05873478484441614,0.0,0.0,0.0,1.0
1559194408898256000,0.447121831531906,0.8938667018808151,0.03293003243641066,2.7151296152961,-0.8938003907587897,0.44791020779899166,-0.022300386294749504,-6.962404816756462,-0.03468327041937618,-0.019461886295386102,0.9992088399002703,-0.032917715863428516,0.0,0.0,0.0,1.0
1559194408901638000,0.3752868605239835,0.9260306158287088,0.04033696649419083,3.0710657330744144,-0.9263162578267999,0.37624737623135524,-0.019393358779868145,-7.278326714192197,-0.03313552178247899,-0.030086715123472087,0.9989979112937518,-0.07233161576827148,0.0,0.0,0.0,1.0
1559194408999108000,0.44823205090370083,0.8933910045233792,0.030668250347392186,3.186517145660499,-0.8933202984880971,0.44892261662290994,-0.021150144055622423,-7.901415519580327,-0.03266301963686448,-0.017916398107479744,0.9993058239733505,-0.04753468450765112,0.0,0.0,0.0,1.0
1559194409002501000,0.3689854600153227,0.9286000486242283,0.03939136951631587,3.4758160039645625,-0.9288162074250969,0.3699548994128976,-0.02082847149576864,-8.141796656948078,-0.033914349790882904,-0.028901939303142818,0.9990067541227041,-0.11628909610117057,0.0,0.0,0.0,1.0
1559194409099961000,0.4438885748059341,0.8956290912366045,0.02848620872360309,3.534666373570863,-0.8955938571698714,0.44447169267457964,-0.01888272783725051,-8.863392755527293,-0.029573233782206124,-0.017130246398792372,0.9994158186170449,-0.09229044343351647,0.0,0.0,0.0,1.0
1559194409103380000,0.36757611295797527,0.9290147791918443,0.04265373636428136,3.803598717471176,-0.9292786265061828,0.36870497057753915,-0.022313202150237195,-9.070962966226983,-0.03645593917987905,-0.03143540542992668,0.9988407179245176,-0.07728465838983332,0.0,0.0,0.0,1.0
1559194409106076305,0.3686524378615824,0.9285958415405213,0.04248697603215375,3.810251928378007,-0.9288578365919493,0.3697714913957211,-0.022184759469305208,-9.092960229182003,-0.036311147881076644,-0.03128589497882749,0.9988506861963573,-0.07750294594634428,0.0,0.0,0.0,1.0
1559194409200809000,0.44132555900605136,0.8969285170338924,0.027404129239489768,3.9393138033828796,-0.8969843507301787,0.4418096259741229,-0.014944194249460448,-9.802395450194865,-0.025511282075880555,-0.017985820192171296,0.9995127236603131,-0.09633441304683274,0.0,0.0,0.0,1.0
1559194409204228000,0.3645485242588395,0.9303183912793708,0.040150520644987704,4.2289652338459796,-0.9305674020472793,0.3655375243900968,-0.020654987526975595,-10.003745861501422,-0.03389223668753309,-0.029833020465908352,0.9989801335272865,-0.13218599997779637,0.0,0.0,0.0,1.0
1559194409301676000,0.4338575008582798,0.9004351771336863,0.03137133610851632,4.2847354411233605,-0.9006457870450955,0.43438329073970766,-0.01217879321048073,-10.653437100306872,-0.024593398035472527,-0.022970600914341957,0.9994335977275866,-0.11204551880329221,0.0,0.0,0.0,1.0
1559194409305084000,0.3707378838723132,0.9278592801646418,0.04038041201166854,4.542106811037752,-0.9283179727042988,0.3715267372848025,-0.013914921368458143,-11.019389726618565,-0.02791349164939572,-0.032327073713244135,0.9990874823002638,-0.15153627380932186,0.0,0.0,0.0,1.0
1559194409402520000,0.42905765466770796,0.9027685615486973,0.03030599363717527,4.686520385759888,-0.903056166355107,0.4294532388789924,-0.0077120700441504035,-11.607581228404474,-0.019977221505251462,-0.024059091745793165,0.9995109157609506,-0.11954016642691605,0.0,0.0,0.0,1.0
1559194409405967000,0.36932457296898497,0.9284493310021764,0.03976430010568038,4.854035002391652,-0.928959799349832,0.3700095586173866,-0.011252454118463297,-11.911963504214226,-0.025160504629251096,-0.032783628435304475,0.9991457264650707,-0.1686438023455941,0.0,0.0,0.0,1.0
1559194409503374000,0.4140116915477884,0.9096829284754954,0.032730549979825746,5.024334696991884,-0.9100955759037029,0.41437099623824847,-0.0047665707837662155,-12.511223167376569,-0.017898658671928403,-0.02781451270046513,0.9994528457616126,-0.13961235278727646,0.0,0.0,0.0,1.0
1559194409506810000,0.37914923228739167,0.9243875674449267,0.04187463204776124,5.195608473674005,-0.9250363810330178,0.37978897699982295,-0.008247830913430782,-12.781402875990405,-0.023527716022425725,-0.03560839932768607,0.9990888291218555,-0.18100686641522706,0.0,0.0,0.0,1.0
1559194409604231000,0.39636070498880005,0.9173542471649875,0.03686972672996528,5.6047441813952386,-0.9179487343680163,0.39669442177499586,-0.0019122773755802759,-13.55110776401553,-0.016380250698391805,-0.03308656737954715,0.9993182508320828,-0.19049947269053444,0.0,0.0,0.0,1.0
1559194409607647000,0.3841378962228129,0.9222472747189486,0.0435665118982718,5.56701168426814,-0.9230214679617539,0.3847116705717964,-0.005319793942580147,-13.625030808946224,-0.021666711038980428,-0.03816929131287401,0.9990363651206217,-0.18993753109863376,0.0,0.0,0.0,1.0
1559194409705089000,0.3905900055229977,0.9195255819180649,0.04372815779098659,5.9526025437584895,-0.9203727984316262,0.39103772190503483,-0.001847147652561533,-14.413134385826728,-0.018797858725801482,-0.039524729544534475,0.9990417590179913,-0.19713212730672452,0.0,0.0,0.0,1.0
1559194409708505000,0.3796872280733376,0.9239197930732895,0.04700877370661294,5.981926111624143,-0.9247276509522067,0.38050812899990755,-0.009609127400562134,-14.620063398082381,-0.02676528352922482,-0.03982184993693705,0.9988482566762573,-0.1950405118703355,0.0,0.0,0.0,1.0
1559194409805956000,0.39508594272712694,0.9177092555242912,0.04143452889162119,6.312958763233905,-0.9185415783853044,0.3953138272905843,0.002889070838286316,-15.31270429398753,-0.01372831514996836,-0.039200768843510744,0.999137044196255,-0.21333011382916467,0.0,0.0,0.0,1.0
1559194409809362000,0.3763878840442741,0.9250463781975622,0.05119920827755946,6.344646277758976,-0.9259696232201683,0.37741468979720216,-0.011764726889525146,-15.5668049104973,-0.030206251309575213,-0.04298081093763514,0.9986191627807711,-0.19465407812447175,0.0,0.0,0.0,1.0
1559194409906825000,0.3933564407886176,0.9184891175559928,0.04060112586272285,6.658538708555159,-0.919313076167289,0.3934978947629279,0.004782761229596619,-16.224555243147545,-0.011583543410732899,-0.03920647584713114,0.999163987428346,-0.21258964677668862,0.0,0.0,0.0,1.0
1559194409910233000,0.3706565893594311,0.9271599288499477,0.0546640567409919,6.749318382806881,-0.9281845152249635,0.3718702815727226,-0.013638158953128754,-16.478398741002454,-0.032972692656806434,-0.04568325752365868,0.9984116593474762,-0.2528047651911046,0.0,0.0,0.0,1.0
1559194410007671000,0.38884424768230463,0.9202372016119408,0.044313020815582034,7.066485029969719,-0.9212305903705672,0.3889685905047078,0.006134734409234611,-17.255917691845575,-0.011590962422256096,-0.04320796651313183,0.9989988594687848,-0.24130664637812207,0.0,0.0,0.0,1.0
1559194410011090000,0.366812027505479,0.9285588931682435,0.05680949212488363,7.123993851059819,-0.9295828032470845,0.3682362960172906,-0.01666859930415834,-17.394667159533213,-0.03639709307922393,-0.046694884234057515,0.9982458812345528,-0.24115218972303246,0.0,0.0,0.0,1.0
1559194410107855943,0.37752702878054273,0.9249505809345542,0.04404276749902255,7.579300893858643,-0.9249360139051842,0.3789449060946178,-0.029901978632349946,-18.23504309803215,-0.04434763490114811,-0.029447936664168166,0.998582047858309,-0.20599995979774882,0.0,0.0,0.0,1.0
1559194410108542000,0.38574201538373276,0.9214289648219709,0.04660214968007906,7.513226521803762,-0.9225274979924966,0.3858783289037185,0.006397712886608027,-18.225195925120936,-0.012087721679534388,-0.04545963120816194,0.9988930417792597,-0.24932568228309335,0.0,0.0,0.0,1.0
1559194410111936000,0.3641092843328289,0.9295155838647493,0.0585252801378328,7.478030012779845,-0.930642549517489,0.3655707724304845,-0.01620047444254492,-18.301148881669434,-0.036453725327045265,-0.048567372763570545,0.9981544651067883,-0.20189437487915587,0.0,0.0,0.0,1.0
1559194410209397000,0.3847726313327686,0.9217365477001316,0.048494935932451466,7.886797758937197,-0.9229437894830637,0.3848489118010355,0.008128747763312374,-19.060569639063242,-0.011170659420984193,-0.04788581960656501,0.9987903506986369,-0.2375465824609414,0.0,0.0,0.0,1.0
1559194410212814000,0.35726136893062466,0.9318421474646288,0.06351792249690422,7.845263343682454,-0.9333101767034769,0.35879096608722727,-0.01418297274613225,-19.366589030028276,-0.03600594855770538,-0.054214895210634516,0.9978799110142246,-0.30879781471623174,0.0,0.0,0.0,1.0
1559194410310266000,0.38535994155621206,0.9214117893407731,0.04998029519346365,8.308841298874027,-0.922688103938206,0.38546692695440954,0.007868359119643844,-20.030312015867292,-0.012015751940891939,-0.04914837421681829,0.9987192092961548,-0.27702080654063616,0.0,0.0,0.0,1.0
1559194410313699000,0.34811697104021305,0.9351763773826417,0.06526651254098655,8.201578927736639,-0.9367246816578407,0.3497434350108244,-0.015046608915040975,-20.3844369462747,-0.03689776750432228,-0.0558987732629418,0.9977544196348567,-0.2897620160259229,0.0,0.0,0.0,1.0
1559194410411147000,0.3788956471112329,0.9238601754028298,0.05404132589795786,8.641212903449837,-0.9253415008790967,0.37905844396891547,0.0076028157079873265,-20.9488265215579,-0.01346088225136051,-0.05288735539345818,0.9985097557302616,-0.270577607397584,0.0,0.0,0.0,1.0
1559194410414540000,0.3443228491895436,0.936634584771047,0.06447813688969364,8.69278229802901,-0.9379280048151648,0.34621711783621406,-0.020609830194163344,-21.08200821148944,-0.04162731446350961,-0.05337941483338256,0.9977062717867403,-0.33298068225513966,0.0,0.0,0.0,1.0
1559194410511970000,0.37641075214183645,0.9248468708078091,0.05452716047088644,9.059907594377762,-0.9263654330331167,0.3765314289921232,0.008436080992673917,-21.921479438053744,-0.012729106543030015,-0.05368750821326118,0.9984766503571648,-0.2996166214643218,0.0,0.0,0.0,1.0
1559194410515387000,0.34663597988052325,0.9357276314865401,0.06524796644237374,9.001610136277382,-0.9372812016675477,0.3482536241150589,-0.01494531001243733,-22.16917253065564,-0.03670758031946346,-0.055975110212692226,0.9977571551152956,-0.33595092088755035,0.0,0.0,0.0,1.0
1559194410612827000,0.37256768184918404,0.926161362686596,0.0584675355049795,9.401254278310583,-0.9279080628725849,0.37269938436295624,0.009044100370915784,-22.83548383708767,-0.0134145181641236,-0.057622037120963046,0.9982483416166833,-0.2971810643994543,0.0,0.0,0.0,1.0
1559194410616230000,0.3440594663226873,0.9366806153034029,0.06521126090322163,9.321099706293003,-0.9383946058982192,0.3454102593588412,-0.010359360539276538,-23.109924501839515,-0.032228050745777385,-0.05762965941681652,0.9978177063475193,-0.33973235393676576,0.0,0.0,0.0,1.0
1559194410713683000,0.36896823363810183,0.9273572632121633,0.06221695053295433,9.773910005669475,-0.9293135319985613,0.36920271781162994,0.008106318822879523,-23.763710486182305,-0.015453213592407651,-0.06081002818734503,0.9980297283455676,-0.31031898973413913,0.0,0.0,0.0,1.0
1559194410717118000,0.34602926303580245,0.9360036678768376,0.06450490558097707,9.681365045843112,-0.937955980292146,0.34675434631682256,-4.8420879587677136e-05,-24.01501750136969,-0.022412678489855304,-0.060486006906578474,0.9979173887709355,-0.3414272253792789,0.0,0.0,0.0,1.0
1559194410814533000,0.36109127589887635,0.9303980684726002,0.06302796722232405,10.163807550966252,-0.9324526225851899,0.3611088401157954,0.011511395407403289,-24.747825978838666,-0.01204977608603748,-0.06292725778770553,0.9979453708112492,-0.3278661441044478,0.0,0.0,0.0,1.0
1559194410817940000,0.3450280245027953,0.9363977065379354,0.06414824625971169,10.083649664989842,-0.9384397892612988,0.3453976495325388,0.00558798967515186,-24.882552610702092,-0.01692407276376851,-0.06212727974000521,0.99792473507434,-0.3390568512280008,0.0,0.0,0.0,1.0
1559194410915402000,0.3533381289663317,0.9333264746336983,0.06366991727962588,10.512167860452399,-0.9354492110976942,0.35317966718755234,0.014103054349577067,-25.682545298157713,-0.00932416619701916,-0.06454312072647163,0.9978713571856946,-0.3328866139007485,0.0,0.0,0.0,1.0
1559194410918820000,0.2873684639291744,0.9546147246012349,0.07829491371411472,10.514363145065808,-0.9567719979248233,0.2899163986546152,-0.023147910879240792,-25.835302468345404,-0.044796315986049835,-0.06825840142906821,0.9966614674544332,-0.42433001456516883,0.0,0.0,0.0,1.0
1559194411016250000,0.37636770413184156,0.9240170504077259,0.06737834846841978,10.83641556415013,-0.9264211655367219,0.37610067595462765,0.0170910968647052,-26.43609574573927,-0.009548577490521648,-0.06885326500811768,0.9975811007460169,-0.35050621711168434,0.0,0.0,0.0,1.0
1559194411019679000,0.26076782842876745,0.9619108651245102,0.08202211416421464,11.00672872144263,-0.9635304896651288,0.26460846880541095,-0.039891775118771934,-26.442546212276348,-0.06007607795302484,-0.06862831625412373,0.9958318226818724,-0.43585099553615986,0.0,0.0,0.0,1.0
1559194411105600866,0.38512770076536706,0.9202874084937284,0.06890384511092103,11.213898446409017,-0.922826770326823,0.38470176925592053,0.019882170392792543,-27.426715376820663,-0.00821012005669279,-0.07124348741641207,0.9974251648266169,-0.34803098230985363,0.0,0.0,0.0,1.0
1559194411117136000,0.3887116971347064,0.9188182066504945,0.06838362112536615,11.216616692231781,-0.921335269537105,0.38816700705751717,0.021626274274596746,-27.455831096119446,-0.006673650998471794,-0.07141062777744156,0.9974246761649621,-0.34669917378252785,0.0,0.0,0.0,1.0
1559194411120534000,0.24173923719404874,0.966201543812741,0.08953612642231265,11.24806058801606,-0.9678988883977528,0.2466447713851647,-0.048353889055118844,-27.520510009775034,-0.06880321968654958,-0.07497288498004721,0.9948091191170935,-0.47119261060673606,0.0,0.0,0.0,1.0
1559194411217976000,0.39270167294462033,0.9170902296067642,0.06878158784374619,11.581788545927397,-0.9196467144949284,0.39207694985501007,0.0229256605374026,-28.316958619615306,-0.005942775881827158,-0.0722577065246441,0.9973682906843473,-0.35889153536274615,0.0,0.0,0.0,1.0
1559194411221377000,0.22140591583870567,0.9709470063594507,0.09078177831064582,11.525664702342434,-0.9725521512465717,0.2266818437206178,-0.052513377658355107,-28.435179279679282,-0.07156628771489622,-0.07666324131577561,0.994485300994269,-0.4312459888014494,0.0,0.0,0.0,1.0
1559194411318832000,0.39466947686496584,0.9159678497339553,0.07238026170777591,11.931553956072424,-0.9187964592023602,0.39403215154478655,0.023488935825078515,-29.13605917082301,-0.0070050402098535604,-0.07577309418744367,0.9971004801969116,-0.3447042030967619,0.0,0.0,0.0,1.0
1559194411322251000,0.2078933814501008,0.9742462092026724,0.08731933235809487,11.840258958660499,-0.9762167048131924,0.21226579643953836,-0.04409282147427689,-29.541999704093044,-0.06149217180192389,-0.07607598514714363,0.9952040782125876,-0.37727620469649337,0.0,0.0,0.0,1.0
1559194411419671000,0.39299342176698354,0.9167389874450222,0.07173422715936678,12.3397383658061,-0.9195299188640036,0.39217876794874357,0.025701017181339842,-30.05635539234811,-0.004571516359987269,-0.07606209876461179,0.9970926027053326,-0.35419637353250666,0.0,0.0,0.0,1.0
1559194411423080000,0.2000296763140473,0.9760898767751641,0.08506868431298607,12.176890110815222,-0.9785457532095834,0.2033952174082569,-0.03284196113114421,-30.383579721436536,-0.04935926933402659,-0.07667423291101755,0.9958336831711972,-0.34976045741358225,0.0,0.0,0.0,1.0
1559194411520562000,0.38751258299505786,0.9185158712394651,0.07850218023541253,12.656395520634398,-0.9218154338533214,0.3869622944323894,0.022726385489845548,-30.970161227659787,-0.009502838013510779,-0.08117128167545018,0.996654864584956,-0.34545005930460965,0.0,0.0,0.0,1.0
1559194411523951000,0.20108092902788768,0.976452246727035,0.07815030289777214,12.576689659688792,-0.9791581722314238,0.2026808772573552,-0.013028267213990695,-31.165718089708555,-0.028561052741309136,-0.07390177166970205,0.996856456271608,-0.2992716345966587,0.0,0.0,0.0,1.0
1559194411621403000,0.37654811808559324,0.9232367007801153,0.07645592912807098,12.992248487077298,-0.9263593800712402,0.3759926452009842,0.02208686733750559,-31.875544248023342,-0.008355460502915512,-0.079142435440195,0.9968283007581532,-0.3379600084709962,0.0,0.0,0.0,1.0
1559194411624802000,0.22091841215708438,0.9719083350537712,0.08117415489550225,12.813799770130364,-0.9749540484191651,0.22226737817414677,-0.007862319674789267,-31.984591938817246,-0.025683820608909638,-0.07740413976394844,0.9966689222135543,-0.5795081065040745,0.0,0.0,0.0,1.0
1559194411722280000,0.36780145155557337,0.9261403874290641,0.08358274347232793,13.40999238665049,-0.929736143070255,0.36795595599402925,0.014110943177728595,-32.7543195779673,-0.017686053897353088,-0.08289992292677975,0.9964009264730099,-0.3735822860839835,0.0,0.0,0.0,1.0
1559194411725664000,0.23920162878419143,0.9668396295857855,0.08946346432712585,13.100007265663002,-0.970198722774095,0.24166647693870297,-0.017656507342902618,-32.7804627074081,-0.038691331257857904,-0.0825738735100604,0.9958335886577844,-0.710135721811361,0.0,0.0,0.0,1.0
1559194411823132000,0.3519393737290851,0.9318026329257728,0.08878361612243385,13.777467379336963,-0.935760486975358,0.35249984205939305,0.009806750926538125,-33.71244558231277,-0.02215825432682444,-0.08653158163756608,0.9960026592055274,-0.3589716027054682,0.0,0.0,0.0,1.0
1559194411826530000,0.25613215741371403,0.9621486570761935,0.09309285485511448,13.459938533430368,-0.9658162761031606,0.2587031162798039,-0.016480850746767448,-33.63189140564154,-0.039940440067876344,-0.08568931855019589,0.9955210203373818,-0.7222862691777032,0.0,0.0,0.0,1.0
1559194411923976000,0.33075399437437725,0.9391028687856956,0.0932072799939386,14.137053959563142,-0.9432519366509948,0.3320749685833901,0.0014139464225252814,-34.586093735836705,-0.029623963434027702,-0.08838561579133601,0.9956457219873155,-0.3984489921457797,0.0,0.0,0.0,1.0
1559194411927400000,0.28139895596600184,0.9548597932969961,0.09517038786339047,13.898212480994058,-0.9588398848731032,0.2837154228967338,-0.011473185567601747,-34.53833059256326,-0.037956590439445756,-0.08802462130193375,0.9953948780694317,-0.6133186838930949,0.0,0.0,0.0,1.0
1559194412024836000,0.3059977488093329,0.9469114720570558,0.0986105562825483,14.398191015727567,-0.951327851266082,0.3081103638730868,-0.006582027001226285,-35.4631272147342,-0.03661553125479406,-0.09179688317545254,0.9951043337812413,-0.3915112392821968,0.0,0.0,0.0,1.0
1559194412028254000,0.2996012326897789,0.9488970838017933,0.09916363105104013,14.127595378535117,-0.9535829374490437,0.3011301344635497,-0.0004727832687630535,-35.80315384897169,-0.030309780217292304,-0.09441910013564754,0.9950710279938593,-0.701877419015899,0.0,0.0,0.0,1.0
1559194412105511083,0.30933405175080725,0.9456965825484942,0.09985198137008999,14.682538808656783,-0.9505648757682824,0.3104997317859061,0.004041474547739112,-36.5574749949477,-0.02718200476544975,-0.09616595196317582,0.9949940946055625,-0.5007442620248044,0.0,0.0,0.0,1.0
1559194412125695000,0.3107012097287068,0.9453175062527526,0.09919460996038937,14.681114272029724,-0.9501325678314917,0.3118141642588169,0.004475546167610716,-36.387323791408996,-0.02669947226149317,-0.09563858708518226,0.9950579876777611,-0.4266979234196742,0.0,0.0,0.0,1.0
1559194412129132000,0.3182001601056528,0.9431175630499276,0.09632196206216806,14.47485624785588,-0.947727707898454,0.3189928087661164,0.007468576641279577,-36.59054316686191,-0.023682267422698335,-0.0936634946084763,0.9953222091300093,-0.6841476685232472,0.0,0.0,0.0,1.0
1559194412226544000,0.3157163330637232,0.9439944593362565,0.09590442001931244,15.049921818238289,-0.9486877658241432,0.3159343595275509,0.013304264185090413,-37.428340144640224,-0.01774034983839164,-0.09518372346341035,0.9953016320569656,-0.46825081735434915,0.0,0.0,0.0,1.0
1559194412229970000,0.3356485562911551,0.9373811717757838,0.09304077310469692,14.857635482160928,-0.9418818915170151,0.3354474019604016,0.018263158279741017,-37.45512643620819,-0.014090744905766946,-0.0937634220699686,0.9954947873242372,-0.6324707935108671,0.0,0.0,0.0,1.0
1559194412327398000,0.3161312663150111,0.9434428400721104,0.09988308152403824,15.322577246972163,-0.9485880874381856,0.31605725776615295,0.016983821233608462,-38.34401486629735,-0.015545508303807902,-0.10011701818376921,0.9948542203969268,-0.49168935634447797,0.0,0.0,0.0,1.0
1559194412330818000,0.346753792402842,0.9329156589668668,0.09710911753623198,15.114275211530227,-0.9379223690072791,0.34575707868295363,0.027453091927953314,-38.432433233960424,-0.007964745446161882,-0.10060027731099042,0.9948950432256292,-0.6861633168463255,0.0,0.0,0.0,1.0
1559194412428251000,0.31890072662715746,0.9422543640255379,0.1022694481822407,15.620574131749073,-0.9477102753476835,0.31839570778891507,0.021665808593637537,-39.27305471664194,-0.012147450641669343,-0.10383104899992286,0.9945207653470541,-0.4749104566193634,0.0,0.0,0.0,1.0
1559194412431661000,0.35412610358269986,0.9300959306893465,0.09755133252014729,15.481908771283099,-0.9351844937160154,0.3527432364529228,0.03165709793783701,-39.438333406697055,-0.004966434784034561,-0.10243909825763821,0.9947268799392621,-0.6687433724376564,0.0,0.0,0.0,1.0
1559194412529125000,0.3214893603749402,0.9412668975065788,0.10325317827580562,15.929622174260722,-0.9468555610731659,0.32075593390176615,0.024086870524020813,-40.164603742440306,-0.010446895737394098,-0.10550951864712713,0.9943634163847292,-0.49448838391572064,0.0,0.0,0.0,1.0
1559194412532533000,0.35851956368563803,0.9282923614238472,0.09867631010936254,15.904743297975713,-0.9335150575788441,0.3569221729436577,0.034002937148935486,-40.24617689537199,-0.003655096200963259,-0.1043065395040753,0.9945384789380685,-0.6698715120731998,0.0,0.0,0.0,1.0
1559194412629983000,0.32798199021523977,0.938919368146071,0.10420285127883044,16.27111692962547,-0.9446567304656636,0.32680892864201416,0.028628408020360912,-41.14927114745755,-0.00717465541837221,-0.10782552703347219,0.9941439433198735,-0.5008800240520039,0.0,0.0,0.0,1.0
1559194412633396000,0.36689393626369915,0.9249018237388197,0.09972690698868913,16.178858303704853,-0.9302604504935956,0.3645387692575659,0.041556948343716274,-41.203945914004315,0.002081773376603611,-0.10801898977856383,0.9941466511872513,-0.6343914618886957,0.0,0.0,0.0,1.0
1559194412730832000,0.3285069548402441,0.9390021169622467,0.10177526694639116,16.58643491229267,-0.9445011303378306,0.32649230202810425,0.036337191786767295,-42.0819823441998,0.0008918588173857816,-0.10806387489261814,0.9941435527784975,-0.48363438600869146,0.0,0.0,0.0,1.0
1559194412734242000,0.3657590361471511,0.925251955487325,0.10064366022549118,16.53109084992547,-0.9306973860916303,0.3630558766315996,0.04464085533980273,-42.1848587851299,0.0047647664072017195,-0.10999658772042972,0.9939205439525584,-0.6328689606045356,0.0,0.0,0.0,1.0
1559194412831726000,0.3331301687621705,0.9379409965800508,0.0963897172675104,16.933603224901155,-0.9428435380997611,0.3304623437857556,0.04290340316512451,-43.06380920238022,0.008387688836304849,-0.1051728400018047,0.9944185840992446,-0.4877007259805718,0.0,0.0,0.0,1.0
1559194412835092000,0.3652832319148148,0.9255102769165081,0.09999443886438694,16.9183662083373,-0.9308414520994635,0.3619808595954864,0.05004046702299967,-43.11698700680858,0.010116893556589337,-0.11135791219508513,0.9937288683822769,-0.6226542102437383,0.0,0.0,0.0,1.0
1559194412932559000,0.33704050590549656,0.9366115104911388,0.09572134450831744,17.25771062707097,-0.9413876004096899,0.3337569545470019,0.04894569527952188,-43.94130099046454,0.013895437159551651,-0.10660756871358029,0.994204075187352,-0.4668959945612888,0.0,0.0,0.0,1.0
1559194412935952000,0.3680004077889289,0.9249456129873581,0.09513838805984398,17.268784424393555,-0.9296118476293986,0.3637909041207475,0.05897449301240352,-43.986510393459135,0.01993771838109602,-0.110144410182504,0.9937156013122189,-0.6101837081489011,0.0,0.0,0.0,1.0
1559194413033416000,0.34157324986452187,0.9353604441792528,0.09180715898980757,17.574187219903223,-0.9396176606125696,0.3376579879828045,0.0557291217979135,-44.84662513963753,0.021127395531700496,-0.10529920520209868,0.9942161286872504,-0.45610083219345005,0.0,0.0,0.0,1.0
1559194413036825000,0.3615820950040921,0.927552984270996,0.09436021376845945,17.606109948108134,-0.9320535231047555,0.35710490777130294,0.06125614184442196,-44.890880204651936,0.0231218217376554,-0.11009789378378414,0.9936517675443002,-0.5732667320137009,0.0,0.0,0.0,1.0
1559194413106561946,0.35876246931790934,0.9286083016514264,0.09474234909994293,17.828108592701327,-0.9330663069463487,0.3539422694385062,0.06412594440806314,-45.51180419823241,0.026014562276196897,-0.11140687594928515,0.9934343212013556,-0.5319199263153787,0.0,0.0,0.0,1.0
1559194413134276000,0.3511934645218065,0.9318888907672249,0.09080884176004889,17.936667391112525,-0.9359292962018546,0.34665873088701954,0.06216169890615703,-45.84068167367568,0.026448118804006476,-0.1068214377568033,0.9939263943810484,-0.43139665680381734,0.0,0.0,0.0,1.0
1559194413137737000,0.35765385156807566,0.9290127083498294,0.0949689959041527,17.909921902507985,-0.9334640110629626,0.3527113481289411,0.0651125560188921,-45.74592254358788,0.02699374943888608,-0.11193789628891151,0.9933485012147777,-0.5130423169465361,0.0,0.0,0.0,1.0
1559194413235147000,0.3535878817490557,0.930564265335759,0.09500398918117475,18.221220254713167,-0.9348917295438428,0.3482157961636306,0.06872563810291517,-46.67645830701158,0.030871733199527095,-0.11311899655781556,0.9931017212285039,-0.4215132324199423,0.0,0.0,0.0,1.0
1559194413238526000,0.35537586675525557,0.9294753674316586,0.09891175190915559,18.181490151179155,-0.9343644056694431,0.35031195107279806,0.06515131889349625,-46.55384381897345,0.02590657727186546,-0.11557282670834573,0.9929611125218851,-0.5136863634736083,0.0,0.0,0.0,1.0
1559194413335982000,0.3519661138931839,0.931748367617652,0.08924591930601761,18.54093131749305,-0.9354101972786864,0.3467164250627988,0.06924942901368815,-47.5619197561397,0.03358001634873329,-0.10785499540362982,0.9935993571196132,-0.3710629882374177,0.0,0.0,0.0,1.0
1559194413339397000,0.3490771889423554,0.9320428390109374,0.09716615876188013,18.585629745260615,-0.9364926147657984,0.3432586921137135,0.07179869621036299,-47.38071651015487,0.03356633207887492,-0.11605867712850114,0.9926750147021717,-0.4359528967299473,0.0,0.0,0.0,1.0
1559194413436838000,0.34922723102147035,0.9323630637330915,0.09348507099705435,18.750110407247877,-0.9364710541183949,0.3438044387307454,0.06942962413423732,-48.391544810145234,0.03259303470778851,-0.11179277836820617,0.993196893266014,-0.3361876137765166,0.0,0.0,0.0,1.0
1559194413440268000,0.3506964926676274,0.9312996711910982,0.09845248838897559,18.84283534748303,-0.9355512176643136,0.3436998030640895,0.08132874338467862,-48.19944944085054,0.04190333110207686,-0.12062905045246052,0.9918128568583325,-0.37589005282296745,0.0,0.0,0.0,1.0
1559194413537683000,0.34474033046229735,0.934351528628338,0.09022929403822705,19.090510334944824,-0.9380435752640954,0.3393159097734341,0.07027776519195784,-49.19181240598465,0.03504790234089387,-0.10886658956960168,0.9934383273344128,-0.3033467524775942,0.0,0.0,0.0,1.0
1559194413541103000,0.34904874337396063,0.9312635411065936,0.10446622303246424,19.13701974160461,-0.9360989384503379,0.34133774973391795,0.08489592474754534,-49.137653867148146,0.043402214012815805,-0.12742353633530726,0.9908983248581016,-0.3745480230735856,0.0,0.0,0.0,1.0
1559194413638553000,0.34715430468690767,0.9335890443089931,0.08885597944747736,19.482837717492064,-0.9372269303218717,0.342043472677667,0.06791129418618506,-50.01930422527822,0.03300863245867716,-0.10685391497189575,0.9937266581099636,-0.2811078909124257,0.0,0.0,0.0,1.0
1559194413641984000,0.3476125801556796,0.9312106900082106,0.10959993125887366,19.434771305304167,-0.9367297548091303,0.3397508411215358,0.08430143778394798,-49.856473736691704,0.04126573121541026,-0.13196975703413427,0.990394427819345,-0.3371794921678663,0.0,0.0,0.0,1.0
1559194413739409000,0.3456930403153479,0.9341591714353622,0.08856051208485526,19.75882354587513,-0.9378662045411432,0.3409504590460681,0.06449625458789408,-50.82809722162103,0.030055020497825314,-0.10535381767868544,0.9939805173359332,-0.21411302971225574,0.0,0.0,0.0,1.0
1559194413742841000,0.3437974896272737,0.9319512627975061,0.11519604982863028,19.757437624322712,-0.9381609409407916,0.3355617345972516,0.08516085466445032,-50.61570191113606,0.04071037974620343,-0.13735052254804145,0.9896855555865689,-0.25573709234980196,0.0,0.0,0.0,1.0
1559194413840281000,0.34243985065700444,0.9350594282459327,0.09164504531288528,20.019108775141255,-0.9391168036898013,0.33772697000406593,0.06324652369359912,-51.666613276885315,0.0281882548140738,-0.10772353215645472,0.9937811946853706,-0.1627947723687043,0.0,0.0,0.0,1.0
1559194413843699000,0.33990025359938886,0.9330641088479106,0.11772504569090655,20.08962734810731,-0.939425628671948,0.33098167272055606,0.08905403144959995,-51.463705742077366,0.044128287949955276,-0.14086341293238075,0.9890450915401402,-0.18695370822388885,0.0,0.0,0.0,1.0
1559194413941138000,0.3389222197688005,0.9360693624716893,0.09437095733771424,20.285353308923913,-0.9403176343520284,0.3337755740444766,0.06630695814079404,-52.57689440345002,0.030569191575767915,-0.11121157679453074,0.9933264869685523,-0.1310360081560695,0.0,0.0,0.0,1.0
1559194413944557000,0.3371278681953474,0.9336915111909614,0.12068538609127652,20.39619354111415,-0.9402079347036941,0.32729616737550754,0.09426695254183833,-52.1392208884905,0.04851638904824812,-0.14524937435749916,0.9882048265630315,-0.14975648480221904,0.0,0.0,0.0,1.0
1559194414041987000,0.33939292513381875,0.9364621716536369,0.08860611395872997,20.65537406572167,-0.9399684174800643,0.33406962517226274,0.06969117359672129,-53.343410251072484,0.035662536493312774,-0.10693963997984571,0.9936257328047877,-0.11232357636362851,0.0,0.0,0.0,1.0
1559194414045413000,0.3341916669086912,0.9346488466845729,0.1214391335607609,20.696649392720023,-0.9409098707744101,0.3233516400756649,0.10065948509538437,-52.893463623734455,0.05481372864602481,-0.1479028405798091,0.9874817491479732,-0.08150369601829202,0.0,0.0,0.0,1.0
1559194414142868000,0.33612603823822934,0.9373142867436496,0.09198485899602152,20.873430158377957,-0.9411975840407384,0.33075739112883124,0.06889597963254014,-54.19518590443166,0.03415251402390215,-0.10973365973981102,0.9933741136681395,-0.05198402553909986,0.0,0.0,0.0,1.0
1559194414146270000,0.33136451442312764,0.9354242844351143,0.12320294911315843,21.00950653595484,-0.941831992189188,0.3201777754358934,0.10216991047209519,-53.76903020509633,0.05612536921996735,-0.1498919617790695,0.9871080704380552,-0.04315379831456818,0.0,0.0,0.0,1.0
