1544581126870152013,0.9798981792272229,-0.17389853839213876,-0.09776940570676367,0.0007384452600613857,0.15462039432010363,0.3523298084096722,0.9230147559851336,0.00019502101343263066,-0.12606384099919993,-0.9195776228525142,0.37213559832599585,0.00042279981948834515,0.0,0.0,0.0,1.0
1544581126874306000,0.9798937774998967,-0.17390505972308556,-0.09780191725978628,0.006123851061650014,0.15465610814773356,0.3523488025015721,0.9230015219859096,0.0026687055429029595,-0.12605424637661541,-0.9195691119097172,0.37215987880480134,0.0004928956099850931,0.0,0.0,0.0,1.0
1544581126901587000,0.980163768954279,-0.1724591736029345,-0.09765664068324838,0.09325852016813112,0.15412828808877058,0.3535280564204428,0.9226388156447828,0.04262938676966897,-0.12459316530279083,-0.9193887897749125,0.37309622940476495,0.001581642477951942,0.0,0.0,0.0,1.0
1544581126975123000,0.9800467174815856,-0.172998611704355,-0.0978770243823001,0.4386612773913766,0.15460085533398768,0.3539620777517082,0.9223933125536471,0.19983541523823817,-0.12492800760264888,-0.9191204098822184,0.37364510575460785,0.00547034403559679,0.0,0.0,0.0,1.0
1544581127002446000,0.9802620480719476,-0.1720936110896294,-0.09731447031104873,0.532263020709582,0.15381382815392527,0.35461698389682006,0.9222733331288268,0.24213844708644122,-0.12420798435858736,-0.91903785762832,0.37408794803832524,0.006377490158343701,0.0,0.0,0.0,1.0
1544581127076008000,0.9803096326171199,-0.1708645312193728,-0.09898654539517668,0.8901805588733952,0.15506089864595596,0.35570379055727946,0.9216457731114992,0.4032606443286292,-0.12226668356177887,-0.9188471719248933,0.3751942599993198,0.008989742217864452,0.0,0.0,0.0,1.0
1544581127103314000,0.9808331754439121,-0.1682800150351733,-0.09822483641303029,0.990371697911735,0.15353574907743167,0.3570970430288243,0.9213622933544166,0.448286370405645,-0.1199710619434391,-0.91878372776178,0.3760896248187798,0.009441222067704978,0.0,0.0,0.0,1.0
1544581127176865000,0.9814601303774252,-0.16484619248913443,-0.09778417715232117,1.30918250448476,0.15195826671400534,0.35831602941417146,0.92115053506044,0.5914896132362274,-0.11681052031729205,-0.918931638309782,0.3767226386302062,0.010112855947377907,0.0,0.0,0.0,1.0
1544581127204162000,0.9821041654586762,-0.16170683299678246,-0.09655210174237122,1.4148891642492656,0.1497797739577351,0.3597968033518122,0.920930116572907,0.6389205265410605,-0.11418155499855821,-0.9189108555567066,0.37757835218420954,0.010101125203761923,0.0,0.0,0.0,1.0
1544581127277721000,0.9827909075881559,-0.15817248803121017,-0.09541224235950468,1.7416713774929564,0.14746798498307276,0.3607619545461462,0.9209256243351461,0.7849448373594633,-0.11124399025154162,-0.919147581285,0.3778789468214025,0.009491709901945,0.0,0.0,0.0,1.0
1544581127305017000,0.9833526365093305,-0.1551964220476901,-0.09450747512096948,1.8528922551775706,0.1456251002811395,0.36203021656880474,0.9207211589071115,0.834407643076881,-0.10867806788057005,-0.9191562396430409,0.378603862482944,0.009125400576198452,0.0,0.0,0.0,1.0
1544581127378558000,0.9837640552820774,-0.1518038867981957,-0.09572807053273628,2.1864266899162783,0.14546712107220522,0.3620869810574998,0.9207238102903753,0.981765543295357,-0.10510756500806652,-0.9197002762322193,0.37829063123007534,0.007424509331186717,0.0,0.0,0.0,1.0
1544581127405899000,0.9846452470710634,-0.14739379629266117,-0.09353505350831381,2.3027225298106453,0.14195722331318786,0.36423122764170596,0.920425857720122,1.0324855380718234,-0.10159667400843184,-0.9195709225639165,0.3795621611875632,0.006809848561641884,0.0,0.0,0.0,1.0
1544581127479416000,0.9858140587683192,-0.1403390152978549,-0.09206303449247119,2.641645753453616,0.13808451942057887,0.36633499275337034,0.920180057695654,1.1787504215266718,-0.09541125212007986,-0.919838917348912,0.38051683155842353,0.005241231742918691,0.0,0.0,0.0,1.0
1544581127506752000,0.9866356853672941,-0.13550609335980626,-0.09048824797822669,2.7626559025595,0.1349622527404725,0.36845377725776995,0.9197972626398142,1.2305032466383246,-0.09129739697834738,-0.9197173004172774,0.38181785267079116,0.004715918342657491,0.0,0.0,0.0,1.0
1544581127580273000,0.9878345145362318,-0.12610194901135205,-0.09100148540822944,3.107050842106829,0.13207938483487253,0.3714578764947005,0.9190071175413654,1.3773385685871307,-0.0820853701496677,-0.9198463700235934,0.3835943789497009,0.0025465448012132147,0.0,0.0,0.0,1.0
1544581127607626000,0.9884505846573577,-0.12177556435481018,-0.09020062980150047,3.2325310974543235,0.12981007544332496,0.37324333935504056,0.9186069637992614,1.4306742148271583,-0.07819709715787185,-0.9197065409972727,0.38474029220101097,0.0015790299858703183,0.0,0.0,0.0,1.0
1544581127681176000,0.9888734048928126,-0.11447058071650162,-0.09500460644680496,3.5817811161066153,0.13161044017176454,0.37552979408441567,0.9174181520946225,1.5784326990238045,-0.06934032833409208,-0.9197140098450963,0.3864169496297708,-0.0008591773313622565,0.0,0.0,0.0,1.0
1544581127708477000,0.9894547795461638,-0.11034090973137045,-0.09383028760960498,3.7119064225877265,0.12903063076257743,0.37716774132256004,0.9171126382460612,1.6332940455363025,-0.06580528518484492,-0.9195484644896608,0.3874277815237959,-0.001880917934490277,0.0,0.0,0.0,1.0
1544581127782031000,0.9898509894833263,-0.10270631990774151,-0.098216243411572,4.064601263999499,0.1301706977125242,0.3780118564904949,0.9166038543502011,1.781414588636119,-0.057014104184031245,-0.920086109124366,0.38754476350542366,-0.004942721741835565,0.0,0.0,0.0,1.0
1544581127809357000,0.9903202909082408,-0.09973444489303708,-0.0965337346075902,4.198407334933255,0.12749933790715387,0.37876229869478106,0.9166695369219365,1.8374647417475942,-0.05486018819370274,-0.9201044297194318,0.3878120655188927,-0.006294270492276123,0.0,0.0,0.0,1.0
1544581127869724797,0.9904398268869524,-0.09802477432282779,-0.09705716323434287,4.4867810008734414,0.12725454430808034,0.3776799324032922,0.9171500147809976,1.9582101371216143,-0.05324688036948233,-0.9207328669482789,0.38654334485554975,-0.009912842075349943,0.0,0.0,0.0,1.0
1544581127882897000,0.990467512880607,-0.09788904556005083,-0.09691150957158924,4.5364776186484095,0.1270383667040182,0.3771860815904348,0.9173831877899382,1.979036686097647,-0.05324809210927287,-0.9209497242595767,0.3860262245922209,-0.010707794248318917,0.0,0.0,0.0,1.0
1544581127910188000,0.9908426491999104,-0.09538534048698007,-0.09556401700788981,4.674069828515326,0.12482160808289089,0.37723335968258365,0.9176680001493925,2.0367194475044372,-0.0514821394476054,-0.9211930466317947,0.38568505306159684,-0.013031706174450382,0.0,0.0,0.0,1.0
1544581127983702000,0.9908918979029147,-0.09495800111329815,-0.09547892277839609,5.031533345247181,0.12435326169562234,0.3732174798123882,0.9193720569324244,2.1860660110009973,-0.051667329871170495,-0.92287143784335,0.3816265140643748,-0.020034483156752176,0.0,0.0,0.0,1.0
1544581128011042000,0.9910082851184936,-0.09493960432314325,-0.09428176047073529,5.1218479475910845,0.12316422169760367,0.3719582059952194,0.9200422096221664,2.2238368525061354,-0.05227956885935217,-0.9233815920429559,0.38030682633381485,-0.02214036728561206,0.0,0.0,0.0,1.0
1544581128084597000,0.9905691780175598,-0.09902362532713647,-0.0946943778092662,5.481876175912031,0.12473228480240348,0.3657471353821379,0.9223182151989288,2.3737935852771836,-0.056697095953720716,-0.9254314424023148,0.3746492822942339,-0.030782676118770752,0.0,0.0,0.0,1.0
1544581128111879000,0.9907497114434378,-0.09904199044781292,-0.09276687664717524,5.576138395070753,0.12289992658963132,0.36503045835629266,0.9228479682572078,2.412823844007088,-0.057537964154113296,-0.9257124005868809,0.3738260746398921,-0.0330933653290473,0.0,0.0,0.0,1.0
1544581128185428000,0.9905697765839919,-0.102594480356703,-0.0908068847537279,5.939090594780507,0.12202925460233408,0.35931358100434824,0.925204091823545,2.562439210047195,-0.062292686083821665,-0.9275603069914995,0.36844470162331366,-0.04182565026869242,0.0,0.0,0.0,1.0
1544581128212762000,0.9906335244622211,-0.10307839565119437,-0.08955481316787194,6.03755469466545,0.12096263129455362,0.35818946483070746,0.9257798599637981,2.602928074773458,-0.0633503120896409,-0.927941351397955,0.36730312593807324,-0.04412757396322527,0.0,0.0,0.0,1.0
1544581128286274000,0.9900780751019307,-0.10797405795074172,-0.08992779332384508,6.403823742739554,0.12276313770231909,0.3532593010244411,0.9274357542499667,2.753493490745786,-0.06837117246272448,-0.9292736244235993,0.3630095229146219,-0.05175278565404325,0.0,0.0,0.0,1.0
1544581128313615000,0.9902306220140749,-0.10792542466429995,-0.08829166402694101,6.506316438030093,0.1211665446896442,0.35263754671086717,0.9278822280320488,2.7956945499800234,-0.06900712770133424,-0.9295153916750224,0.362269448015753,-0.05377806731919585,0.0,0.0,0.0,1.0
1544581128387158000,0.9899949889987321,-0.11033357729343975,-0.08795694105088499,6.827694507632293,0.12152149965902365,0.3498902766003714,0.9288752981219478,2.928356528592624,-0.07171085606808908,-0.9302705499273574,0.35979752230919254,-0.060201275140507736,0.0,0.0,0.0,1.0
1544581128414479000,0.9901008332390835,-0.1097430400682226,-0.08750317237595122,6.935069717512643,0.12083408659514017,0.34927226443408954,0.929197507967926,2.9728309661015757,-0.07141052818730126,-0.9305725927909501,0.35907546005031127,-0.06240875664044288,0.0,0.0,0.0,1.0
1544581128488009000,0.989860256786782,-0.1097483995682664,-0.0901773853369524,7.262762319774471,0.12328188070410936,0.3484310231172715,0.9291917993716436,3.1089975667847978,-0.07055671423800072,-0.9308872707915056,0.35842801111838624,-0.0688473853013714,0.0,0.0,0.0,1.0
1544581128515319000,0.9900496454442752,-0.10849379211706962,-0.08961471211648846,7.37532518681028,0.12232247120818104,0.34872615147640135,0.9292078800322264,3.1556822159552174,-0.06956229289770925,-0.9309238252126302,0.35852743138886556,-0.07096222870523843,0.0,0.0,0.0,1.0
1544581128588874000,0.9898678383108456,-0.10692763514822831,-0.09342453381962398,7.709143716050725,0.12536425513336039,0.3491807519987448,0.9286315770898868,3.2945539993125372,-0.06667432948792419,-0.9309346288946379,0.3590476994942794,-0.07778949132451712,0.0,0.0,0.0,1.0
1544581128616198000,0.9900004002953121,-0.10504478649853852,-0.0941530681634894,7.826124763453589,0.1253878577893945,0.3494852408761948,0.9285138402461733,3.3433710208550336,-0.06463043040324623,-0.9310347250447641,0.3591618691157306,-0.08034083078406047,0.0,0.0,0.0,1.0
1544581128689717000,0.9895083625586855,-0.10302129620931144,-0.10129073478741872,8.163982595641084,0.1314444339626316,0.3509670926498491,0.9271162066629818,3.483962324545301,-0.059962998646374215,-0.9307033428565027,0.36082644912626316,-0.08747353904877923,0.0,0.0,0.0,1.0
1544581128717035000,0.989445443335761,-0.10179508638030434,-0.10312843958347338,8.285671037233758,0.1327801627126223,0.3519176177700445,0.926565388244707,3.5344317036307342,-0.058027088950810976,-0.9304793123395476,0.36171965146507246,-0.08981553008601503,0.0,0.0,0.0,1.0
1544581128790588000,0.9882889922957978,-0.10199030234423481,-0.11350262523258622,8.628752711855888,0.14260601255562355,0.35263285361775626,0.9248316580504735,3.677543604383314,-0.054299105793215306,-0.930187104176966,0.36304759788893276,-0.09751326582656158,0.0,0.0,0.0,1.0
1544581128817878000,0.9882415205565024,-0.10175956246070247,-0.11412137615703466,8.755174018932799,0.14309457419132382,0.3525261668917313,0.9247968666110565,3.730487242017148,-0.053876153214319204,-0.9302528113929215,0.36294223646525087,-0.10043197095792737,0.0,0.0,0.0,1.0
1544581128869406977,0.9874745155954421,-0.1041394338013903,-0.11852872806652599,8.991885739534409,0.1481690417284999,0.3539039735191192,0.9234705802572368,3.829247756958516,-0.054221915521317054,-0.9294659519610746,0.3649013949305974,-0.10445606549953146,0.0,0.0,0.0,1.0
1544581128891448000,0.9871712152300474,-0.10508730347654245,-0.1202066989367013,9.08586029502459,0.15014033531278834,0.35482587572304297,0.9227981781676564,3.8683165422231887,-0.054321924978714756,-0.9290076730390338,0.36605173391366636,-0.10554641372565489,0.0,0.0,0.0,1.0
1544581128918737000,0.9870082007309248,-0.10514254683494068,-0.12149014995033083,9.217110909930634,0.15145397580439504,0.35644202473886144,0.9219602899328719,3.922574996241479,-0.05363305793009808,-0.9283825331430628,0.3677354582467474,-0.10652375611221716,0.0,0.0,0.0,1.0
1544581128992299000,0.9852981407774304,-0.10546260565781239,-0.13440689189323696,9.571228447756257,0.1640602654953518,0.3645919362212022,0.9166007578701177,4.0668562375099135,-0.04766343531608109,-0.925175852933019,0.3765339799852457,-0.10596930694035965,0.0,0.0,0.0,1.0
1544581129019599000,0.9848882327081073,-0.10446985748244123,-0.13813478182810282,9.70633949567462,0.16727495246995586,0.3671108245677723,0.9150129686301424,4.12166411463603,-0.04488050076897004,-0.9242919946438841,0.37903832166148604,-0.10538871060592306,0.0,0.0,0.0,1.0
1544581129093181000,0.9822170188117234,-0.10430021147759735,-0.1561127600240944,10.059583478459867,0.1841652796534461,0.373547155849698,0.9091455725717259,4.2642286185182385,-0.03650859798430696,-0.9217288040645815,0.38611285141897306,-0.10680543930262794,0.0,0.0,0.0,1.0
1544581129120456000,0.9815619473023737,-0.10387665095230776,-0.16045493135113956,10.145873756666509,0.18803510108610103,0.37395775378649404,0.9081841218291036,4.299386950667131,-0.034335759311630236,-0.9216101343680473,0.3865951575777979,-0.10841709381803585,0.0,0.0,0.0,1.0
1544581129193996000,0.9774343036761803,-0.10956355206685986,-0.18060456820232218,10.492063468780628,0.2087258074841292,0.3694242952169207,0.9055160006281396,4.444220231933034,-0.032491834161099076,-0.9227792358749597,0.38395671963239997,-0.12101597162336797,0.0,0.0,0.0,1.0
1544581129221329000,0.9772024016980163,-0.10748895711416621,-0.18308902264783178,10.579839376957494,0.2101533730806907,0.367117103189754,0.906123938723823,4.481817258127366,-0.030183205569286612,-0.9239432648404723,0.3813368818479132,-0.1255783829990347,0.0,0.0,0.0,1.0
1544581129294878000,0.9752817930087885,-0.10825317372296865,-0.19263092847324328,10.923848478591234,0.21885881931758946,0.35317589641494546,0.9095974952683268,4.631075573711796,-0.030434214832479385,-0.9292728536712993,0.36813818329144643,-0.14571716117222747,0.0,0.0,0.0,1.0
1544581129322188000,0.9758969804626433,-0.10632810977163322,-0.19057653737090438,11.0157387968989,0.21613462797234848,0.3501398127282796,0.9114208326200688,4.671120257556861,-0.030181221233525946,-0.9306430274895929,0.36468157242978233,-0.15080286523699973,0.0,0.0,0.0,1.0
1544581129395760000,0.9777985870427612,-0.10515219362868178,-0.1812537981733282,11.369201774093172,0.20657555050388776,0.33855935254386754,0.9179891648266307,4.822275344453493,-0.03516340585320394,-0.9350511114266148,0.3527647288330417,-0.16471913396611643,0.0,0.0,0.0,1.0
1544581129423041000,0.9786388512149423,-0.10689626480777512,-0.17561089790455228,11.467379702721132,0.20184757302308715,0.337417077508096,0.9194603162021657,4.862869072326862,-0.039032757491458424,-0.935266221124254,0.35178621272950944,-0.1662832468182765,0.0,0.0,0.0,1.0
1544581129496586000,0.9809010400585417,-0.11363390973711086,-0.1578622316132774,11.833423319547894,0.18752535188519792,0.3369842463890326,0.9226461185557281,5.0106695939260435,-0.051646800601766865,-0.9346277078299533,0.3518574366758882,-0.16383286830361607,0.0,0.0,0.0,1.0
1544581129523916000,0.9821234862185294,-0.1140274129045864,-0.14977051420171508,11.93851502913844,0.18020554761826585,0.3396067859579207,0.9231431045828885,5.052086750256153,-0.054400536996983266,-0.9336300016803323,0.35408417295443073,-0.16092294557555262,0.0,0.0,0.0,1.0
1544581129597455000,0.9848605713215336,-0.1124267333552918,-0.13194652205828905,12.266468535904783,0.16350774187613498,0.34967209637251906,0.9224937091194806,5.182666293450325,-0.05757493727992668,-0.93010195927409,0.36276090190607185,-0.14932715827514292,0.0,0.0,0.0,1.0
1544581129624786000,0.9861921647310149,-0.1103940831536308,-0.12344294482805289,12.377860167243107,0.15506812248457075,0.3539364416552399,0.9223247110738928,5.228426230387798,-0.058128234209053414,-0.9287314690873216,0.3661679487812157,-0.14528715710456347,0.0,0.0,0.0,1.0
1544581129698289000,0.9889706435696077,-0.10145726957559983,-0.10790499806671053,12.714231300508017,0.13788308470937805,0.36462367095732817,0.9208896967219419,5.3744131891361855,-0.054086237699984524,-0.9256111500127147,0.37459134782265563,-0.13655377395333657,0.0,0.0,0.0,1.0
1544581129725648000,0.9900886301210935,-0.09758525370801037,-0.10100308294144729,12.831115754496608,0.13015137018219355,0.3672896293544192,0.9209554544104689,5.429165418759143,-0.052774286775202024,-0.9249732138972653,0.37635014046487625,-0.13470375464015927,0.0,0.0,0.0,1.0
1544581129799149000,0.9923269003953684,-0.09168352152762642,-0.08295453352297359,13.174992842073596,0.1112827066706005,0.3698871354643009,0.9223880236722953,5.6008567113356245,-0.05388396744659549,-0.9245418535135667,0.377251745064098,-0.13351581954031363,0.0,0.0,0.0,1.0
1544581129826507000,0.9930425172426325,-0.08809207198568439,-0.07814311103145241,13.29713746506786,0.1054514008395266,0.36991910593648264,0.9230600506598344,5.663944117955175,-0.05240764266198518,-0.9248781767975857,0.3766348325290582,-0.1345884250416744,0.0,0.0,0.0,1.0
1544581129870631812,0.993715706542029,-0.08652944698284312,-0.07100527710331637,13.492246473644865,0.09811747392363743,0.3680705282477819,0.9246064284582084,5.764381505412805,-0.05387073307947142,-0.9257627887532749,0.37424751579300947,-0.1373450884279309,0.0,0.0,0.0,1.0
1544581129900017000,0.9941077003402469,-0.0855430288727608,-0.06657529823814384,13.631421549159066,0.09352040087905548,0.36630866691202246,0.925781775130923,5.834842815275511,-0.054807068373016604,-0.9265529400721843,0.3721502848311997,-0.13974865377779408,0.0,0.0,0.0,1.0
1544581129927323000,0.9944174806200552,-0.08378521252400384,-0.06413978796008216,13.756597455555301,0.09050938169993654,0.36484173275054377,0.9266598954675203,5.896841223225681,-0.054239524901607244,-0.9272920511930888,0.3703883444880005,-0.14199760462006553,0.0,0.0,0.0,1.0
1544581130000855000,0.9943638805982751,-0.08841891730425831,-0.0585027180930859,14.104001904407424,0.08653284640582963,0.3580151691307392,0.9296973728935626,6.060172545061198,-0.06125797461915845,-0.9295198942115337,0.3636484934803476,-0.14649611841895355,0.0,0.0,0.0,1.0
1544581130028196000,0.9942937919821093,-0.09030925073752975,-0.056781110037241775,14.232037106310269,0.0854660941047811,0.35584758942327466,0.9306277665426257,6.1167093078176,-0.06383887518047397,-0.9301702706133277,0.36153542797742816,-0.14719025952942152,0.0,0.0,0.0,1.0
1544581130101724000,0.9936112253129631,-0.09851738358958444,-0.05505504575179304,14.581092729430205,0.086362256671691,0.34969524346174885,0.9328744810116762,6.26172340222128,-0.0726518654587914,-0.9316692341334921,0.3559693029103285,-0.1461662212397867,0.0,0.0,0.0,1.0
1544581130129029000,0.9934727252181442,-0.10071863096573785,-0.05355092551970919,14.713190229520832,0.08559336414954362,0.34788322192134546,0.9336225361028885,6.313614273103572,-0.07540371516837588,-0.9321121291357667,0.35423333899676396,-0.14449089622881042,0.0,0.0,0.0,1.0
1544581130202579000,0.9929708836812712,-0.10330683300590601,-0.057762638578264976,15.068044821471963,0.09031497447281257,0.3459114462616303,0.9339103151433572,6.448340523519491,-0.07649855911851323,-0.9325625821356304,0.3528101484556727,-0.1374922782664865,0.0,0.0,0.0,1.0
1544581130229891000,0.9931145579932831,-0.10305396104253453,-0.05570777158749359,15.205635737012678,0.08826006911349303,0.34552095868507565,0.9342512656183193,6.500176341255494,-0.07703009088584663,-0.9327353044796723,0.35223744388598066,-0.134375514460759,0.0,0.0,0.0,1.0
1544581130303472000,0.9931295825843331,-0.10000760512960602,-0.060762744441829275,15.568627199647196,0.09194892175799349,0.3457328000229526,0.9338170199647434,6.639065508917226,-0.07238113002298772,-0.9329883760822139,0.3525530628317751,-0.12806019207759586,0.0,0.0,0.0,1.0
1544581130330760000,0.9932494032456872,-0.09862125089017794,-0.061069401707691935,15.6604187368201,0.09168773359419576,0.34498280205413123,0.9341200275099769,6.674987789174882,-0.07105619227371109,-0.9334134749186609,0.35169632124863753,-0.12714498983557418,0.0,0.0,0.0,1.0
1544581130404312000,0.992999165382548,-0.09722903784557443,-0.06707586562377847,16.030858669355055,0.09655622235296052,0.34104235867193367,0.9350759356952837,6.823419997128573,-0.06804082211790956,-0.9350062159104084,0.34804284611871034,-0.12723885858123335,0.0,0.0,0.0,1.0
1544581130431607000,0.9931678846031935,-0.09570689130688326,-0.06676633844374795,16.12795478001542,0.09561346090607778,0.3393909872631392,0.9357733827471875,6.863216540494896,-0.06690006791008947,-0.9357638317016335,0.3462230959839347,-0.12813691241273817,0.0,0.0,0.0,1.0
1544581130505146000,0.9929349248993128,-0.09631544239719633,-0.06930779516785436,16.505320955780075,0.09768374936599147,0.33188529905754965,0.9382483857589551,7.020557939019101,-0.06736557002652799,-0.9383898357427517,0.3389489580300964,-0.13452878839734506,0.0,0.0,0.0,1.0
1544581130532485000,0.9931047995740195,-0.09474978538956212,-0.0690314075741658,16.607461860719653,0.09673508293412039,0.32970739020226636,0.9391141360749188,7.06367921926214,-0.06622069761613422,-0.9393165148205578,0.336599620012545,-0.13677073911380982,0.0,0.0,0.0,1.0
1544581130606028000,0.9927325608269842,-0.09747713904964865,-0.07057102830900934,16.991788035867113,0.0985127332264432,0.3214473452405164,0.941789172601853,7.226521014051916,-0.06911804443234187,-0.9418969219614843,0.3287139856065287,-0.14538706823813152,0.0,0.0,0.0,1.0
1544581130633354000,0.9928089835336946,-0.09709027225790993,-0.0700271465052958,17.099192259212685,0.09772327967867432,0.31946261239767665,0.9425464444200597,7.272109968219396,-0.06914103574313096,-0.9426118598410136,0.32665333132149443,-0.14754287334958785,0.0,0.0,0.0,1.0
1544581130706905000,0.9922574396635977,-0.10121506526805611,-0.07197696850397677,17.438094962907414,0.10059972153328052,0.31513175718387193,0.943701049931404,7.415212726066488,-0.07283453480091519,-0.9436352506010904,0.3228740379208982,-0.15271848493236032,0.0,0.0,0.0,1.0
1544581130734216000,0.992284889971958,-0.10203398205021859,-0.07042558938561727,17.551015635652934,0.09928491718196086,0.3137861383314219,0.9442884964941729,7.462552832345439,-0.07425094176848573,-0.9439954056551476,0.3214956792065225,-0.15390230835742302,0.0,0.0,0.0,1.0
1544581130807765000,0.9917850651735636,-0.10543489006341779,-0.07242836775727347,17.89639993106998,0.10238865065451921,0.3149454494043797,0.9435708389499027,7.607297853119391,-0.07667430283879097,-0.9432353088475786,0.3231535291891399,-0.15576566180001916,0.0,0.0,0.0,1.0
1544581130835062000,0.9917502676650142,-0.10657044847687516,-0.07123304077324806,18.014819741767692,0.10164619368837158,0.31524290008230715,0.943551781968728,7.656968403746247,-0.07809902621052069,-0.9430082997827388,0.32347471098346187,-0.15611077562625908,0.0,0.0,0.0,1.0
1544581130869229495,0.9914444225600086,-0.10778757102781385,-0.07361926722383695,18.15618231888931,0.10440629573244264,0.3163540175316187,0.9428782853597981,7.71637711386902,-0.07834080919980614,-0.9424977321582927,0.32490112725318887,-0.15667302288384696,0.0,0.0,0.0,1.0
1544581130908572000,0.9910476213338294,-0.1094835752025094,-0.07640653774009339,18.348779026440553,0.10778418931756949,0.3183920702774619,0.9418115831298681,7.7977746594014885,-0.07878566355439444,-0.941615545934382,0.3273423022968259,-0.15800539894878313,0.0,0.0,0.0,1.0
1544581130935919000,0.9912103103615479,-0.10868064033077397,-0.07543632447470128,18.473590699245705,0.10673757233060543,0.3200830739683902,0.9413574859807055,7.850965922533913,-0.07816144372980995,-0.9411351359800768,0.3288699507979307,-0.15935077194019903,0.0,0.0,0.0,1.0
1544581131009431000,0.9906903203314539,-0.11027052286618277,-0.07983170415555063,18.839439025487213,0.11186384638072575,0.3252005056728097,0.939005383894608,8.008836277186605,-0.07758330409611257,-0.9391938260534739,0.33450827796717075,-0.1659914916572997,0.0,0.0,0.0,1.0
1544581131036773000,0.9907632950548737,-0.11049217875422958,-0.0786102512790061,18.971977009999428,0.11091639371554374,0.32682916670252626,0.9385522092018477,8.066533962854278,-0.07801055554951226,-0.9386022449507948,0.3360657361234261,-0.16929178922818514,0.0,0.0,0.0,1.0
1544581131110287000,0.9905423652290817,-0.11042004601673727,-0.08144468137351618,19.35134220826885,0.11414104757929137,0.33373726649912877,0.9357303341279439,8.232294451274212,-0.07614226122117618,-0.9361767196354271,0.3431843610492414,-0.1804331776923274,0.0,0.0,0.0,1.0
1544581131137661000,0.9905483559229877,-0.11143085523760174,-0.07998199221873692,19.49215658358063,0.11321682490874137,0.3350355229973157,0.9353786125882377,8.293953117429075,-0.07743323017829555,-0.9355930540736873,0.34448473410765673,-0.18511313659009004,0.0,0.0,0.0,1.0
1544581131211146000,0.9898740235418348,-0.11585163064937049,-0.08202327226451475,19.883483622331482,0.11722613687204424,0.34133194120911153,0.9326041704520096,8.465410775537169,-0.08004655115089995,-0.9327759139183958,0.3514564611193603,-0.1975468939881141,0.0,0.0,0.0,1.0
1544581131238516000,0.9897637231412885,-0.11633113918452412,-0.08267308152911051,20.02980869794062,0.11819734704643933,0.3435282031870129,0.9316747075918118,8.529776891911771,-0.07998224493393327,-0.9319095662515388,0.3537617854209165,-0.2018198357398768,0.0,0.0,0.0,1.0
1544581131312020000,0.9881422677173836,-0.12159190069589686,-0.09375643143539787,20.422184643174003,0.1311491518215643,0.35087693437214884,0.9271921466999669,8.702741156612374,-0.07984208618783402,-0.9284938269104211,0.3626630042648565,-0.2106470579805241,0.0,0.0,0.0,1.0
1544581131339333000,0.9876454009359202,-0.12182012686317951,-0.09857189610207868,20.5699515528764,0.1360614806474745,0.35457170018936,0.9250763119380175,8.767792936148343,-0.07774210888660729,-0.9270592031342254,0.36676613582771994,-0.21334977635349453,0.0,0.0,0.0,1.0
1544581131412885000,0.9847595147131696,-0.12561896090113497,-0.1202853891542845,20.958567248903705,0.15839429397256227,0.3621197120105923,0.9185752891354658,8.937760412428467,-0.07183276285102684,-0.9236282752468555,0.3764981584891259,-0.22103996735496803,0.0,0.0,0.0,1.0
1544581131440215000,0.9840808638314571,-0.12410562683504442,-0.12721103265286046,21.10931126522049,0.16448577452206603,0.3649643920340807,0.9163762450691677,9.003014826020477,-0.06729995111887367,-0.9227127320759554,0.37956808433313116,-0.2247484567009929,0.0,0.0,0.0,1.0
1544581131513745000,0.9802662510691288,-0.12788741090788328,-0.15074112626004835,21.50063540447821,0.18808850732264884,0.36873026060618574,0.9103080293650259,9.16881048502754,-0.06083412223421434,-0.9206969126941674,0.38550798244319107,-0.23925764775159142,0.0,0.0,0.0,1.0
1544581131541036000,0.9799651673129216,-0.12819583278601188,-0.1524273574843241,21.600718689457366,0.18983106315086087,0.3695961309500682,0.9095948919435258,9.210037385553296,-0.06026971309345275,-0.9203067577949425,0.38652688553397274,-0.24392723373273598,0.0,0.0,0.0,1.0
1544581131614603000,0.9767981342027738,-0.1357835088442731,-0.16561474494714934,22.001600923760158,0.20489517230263243,0.3674950644890013,0.9071743746068353,9.368674103704606,-0.06231671834304464,-0.9200598982143289,0.3867898787620893,-0.2654420454967716,0.0,0.0,0.0,1.0
1544581131641893000,0.9763571905810973,-0.13701413861497105,-0.16719378642813956,22.10830790409054,0.20680536548535078,0.3669533611726826,0.9069601818881254,9.408940634480965,-0.0629140461824845,-0.9200936672663658,0.3866128118017826,-0.27178894778936263,0.0,0.0,0.0,1.0
1544581131715461000,0.9726234123312826,-0.150821797475887,-0.176795031579476,22.520633578124528,0.22073451336823047,0.36170921153348784,0.9057829325505729,9.563096671649786,-0.07266341853460874,-0.92001045195039,0.3850984236645202,-0.2943274931232746,0.0,0.0,0.0,1.0
1544581131742773000,0.9725501635266911,-0.15203553675243173,-0.17615724506417071,22.63506843313581,0.22071632298734375,0.3629849865209231,0.9052768661174072,9.607782188171933,-0.07369181902453724,-0.9193079435775608,0.38657783263406276,-0.2988988540867192,0.0,0.0,0.0,1.0
1544581131816329000,0.9704454906934716,-0.15665115282950356,-0.1835646096334673,23.06509664228068,0.22910381822562761,0.35910800901618584,0.9047391217002131,9.787512067775314,-0.07580890493298477,-0.9200553538660687,0.3843841252643543,-0.30835985573884467,0.0,0.0,0.0,1.0
1544581131843640000,0.9699755051293667,-0.15850464640043163,-0.18445540522982035,23.18851606609487,0.2305475542635867,0.3578065083016559,0.9048880195029969,9.84209724369042,-0.0774296110806598,-0.9202449563493679,0.3836064071955092,-0.3088456239560193,0.0,0.0,0.0,1.0
1544581131870453170,0.9691009040102,-0.16120002648884746,-0.18670294402232804,23.293466975421495,0.2336229965465044,0.35698181587788586,0.9044248330387427,9.889273927167624,-0.07914375105617814,-0.9200970245536733,0.38361143371416423,-0.3086687816264196,0.0,0.0,0.0,1.0
1544581131917163000,0.9669462087816124,-0.16606429004399098,-0.19348819316704713,23.560802887581513,0.24142870161858196,0.3521901125366537,0.9042534526703165,10.011320421991746,-0.0820195791115092,-0.9210780510920916,0.3806415800182199,-0.30731530037274385,0.0,0.0,0.0,1.0
1544581131944485000,0.9658482270142363,-0.16893258678458845,-0.19646624009157362,23.69126923092553,0.2451651813310169,0.3504430542098217,0.9039268220486786,10.071036643914296,-0.08385246708584342,-0.9212227998038041,0.3798911908497724,-0.30659531611933616,0.0,0.0,0.0,1.0
1544581132018040000,0.9679417337314253,-0.15903577324194443,-0.19441302150405743,24.087884181661575,0.23931610976254464,0.3489123827512178,0.9060838530572068,10.25008604103809,-0.07626663562215005,-0.9235625436277717,0.37578667924591697,-0.3059719825525927,0.0,0.0,0.0,1.0
1544581132045334000,0.9684885797237189,-0.15686555796106866,-0.1934504269064602,24.224538369677237,0.23741623377914756,0.3467787856055578,0.9074017885105019,10.310472183522403,-0.07525558373207152,-0.9247365411724016,0.37309372353022563,-0.30656413923167275,0.0,0.0,0.0,1.0
1544581132118887000,0.9685636003889848,-0.1539367811838028,-0.19541755141310518,24.62787495241833,0.23779817376278772,0.3422421827299361,0.9090227262919977,10.484819615575182,-0.07305190316895617,-0.9269162614600192,0.3680892061503231,-0.3091615904605873,0.0,0.0,0.0,1.0
1544581132146209000,0.9688856464366906,-0.152167242400201,-0.1952069016947693,24.770738938162623,0.23685309018792444,0.34109851549698494,0.9096990801326471,10.545262590594549,-0.07184161605493161,-0.9276297392095997,0.3665267372737549,-0.3104093019396209,0.0,0.0,0.0,1.0
1544581132219768000,0.9672952019575121,-0.15385595252839251,-0.20166392374828546,25.182447565882676,0.2430563820493997,0.3348122506713603,0.910397908579231,10.716154893679507,-0.07255058521493447,-0.9296392325369859,0.36125795480931916,-0.3140276231197226,0.0,0.0,0.0,1.0
1544581132247057000,0.9674751834493873,-0.1519724949311329,-0.2022279164556157,25.331830212505285,0.24282926914615094,0.3338975703910768,0.9107943557866839,10.777507156179627,-0.07089228064831567,-0.9302777936032575,0.3599409830418564,-0.31519955787334625,0.0,0.0,0.0,1.0
1544581132320624000,0.9665623329289189,-0.15053760627542437,-0.2075950039376348,25.753221036520497,0.2469985409894958,0.328987459448291,0.9114598028848128,10.949754247112468,-0.06891282400295086,-0.9322583765365826,0.3551694554227801,-0.31749847027619066,0.0,0.0,0.0,1.0
1544581132347942000,0.9666422201919669,-0.14956114255764277,-0.2079285521019011,25.90978377541246,0.2469174555344852,0.32837092635990944,0.9117040665006988,11.01360969089419,-0.06807781058991644,-0.9326328320182532,0.3543464580702009,-0.3177640298387891,0.0,0.0,0.0,1.0
1544581132421455000,0.9647338224636434,-0.15090652020307577,-0.21567539023932283,26.342121401869186,0.2544202957939753,0.3244002741728899,0.9110624430875542,11.191088432235526,-0.0675201072480758,-0.9338049498030898,0.35135359801837324,-0.3171831575894041,0.0,0.0,0.0,1.0
1544581132448785000,0.9645100753556299,-0.15279773016128173,-0.21534430151511902,26.506752508410013,0.254655059379181,0.3227204458892514,0.9115932835084011,11.259173005930867,-0.06979337554568384,-0.9340794224596766,0.35017783663067037,-0.31662304660251006,0.0,0.0,0.0,1.0
1544581132522320000,0.9621844338621048,-0.15833768058896938,-0.2216535452889558,26.951159574305635,0.2620976713136013,0.3164841059879005,0.9116702371740734,11.444618606724317,-0.07420192669631609,-0.9352897890829045,0.3460160177098878,-0.31455580682046097,0.0,0.0,0.0,1.0
1544581132549644000,0.9615129555655301,-0.1611616339054086,-0.22253036654931735,27.123720701105103,0.26372740271955686,0.3141385155169763,0.9120114309171713,11.517311271506243,-0.07707589334176863,-0.9355981620470033,0.34455099163961106,-0.3134100145447564,0.0,0.0,0.0,1.0
1544581132623178000,0.9579503352126362,-0.172215708449697,-0.2295057843043727,27.57947251044907,0.2734764163054024,0.3059039266962598,0.9119393825011435,11.711113129786906,-0.0868435662024026,-0.9363570565734934,0.3401377038998637,-0.3096112986184008,0.0,0.0,0.0,1.0
1544581132650517000,0.9570432238108361,-0.17496298071090566,-0.23120601881982378,27.69401886577665,0.2758048423682729,0.30336168893612064,0.9120873722467794,11.760143645691391,-0.08944247695569477,-0.9366747787074124,0.3385858860753811,-0.30873065427207097,0.0,0.0,0.0,1.0
1544581132724033000,0.959226767667023,-0.17073986637870076,-0.22523744408969051,28.1600258506354,0.26845349518052897,0.30110019488689954,0.9150253513233567,11.9608536658127,-0.08841226790684216,-0.9381825891946892,0.33465908058129074,-0.30447967127425124,0.0,0.0,0.0,1.0
1544581132751354000,0.9598026536726753,-0.1691836340943348,-0.22395482570715292,28.281443266429445,0.26672562924604537,0.3013647805029493,0.9154434487043478,12.013336340814178,-0.08738595256783895,-0.9383795431631294,0.33437632731215966,-0.30310725519614345,0.0,0.0,0.0,1.0
1544581132824895000,0.9600267375971285,-0.16706739603460172,-0.22458216376379517,28.75825080960452,0.266569877981109,0.30097335404319253,0.9156175731762306,12.219985803075902,-0.08537659662780887,-0.9388841916542251,0.3334776025613177,-0.29752612348493235,0.0,0.0,0.0,1.0
1544581132852218000,0.9600607067593816,-0.16633035229764725,-0.2249836732770001,28.88640769643754,0.26672607414002414,0.30122729804933546,0.9154885669869113,12.275618168368249,-0.0845023118649548,-0.9389336125703668,0.33356113453914416,-0.29604568618707355,0.0,0.0,0.0,1.0
1544581132869530219,0.9598828026654265,-0.1666298608254311,-0.22552049713597802,28.99704783246193,0.2673436184516022,0.3012734967328248,0.915293215226455,12.323558081987303,-0.08457183231056319,-0.9388656824315583,0.3337346783478757,-0.2948653855596194,0.0,0.0,0.0,1.0
1544581132925748000,0.9591789268612194,-0.16759680829202964,-0.2277873923545365,29.350843012113042,0.26981918248467285,0.3011188055726799,0.9146174466375481,12.476641427930648,-0.08469589735434688,-0.9387431889397696,0.3340476465873323,-0.29194617998489963,0.0,0.0,0.0,1.0
1544581132953080000,0.958991456241792,-0.16788848192440128,-0.22836121494764464,29.486643598175057,0.27046499534803103,0.3011150642184226,0.9144279109870421,12.535534250041442,-0.08475891190095768,-0.9386922689240909,0.33417473141383824,-0.29127932431878273,0.0,0.0,0.0,1.0
1544581133026609000,0.9589356487734674,-0.16550952151688078,-0.2303237282579898,29.917414975788674,0.271699435699086,0.3030702908456687,0.9134154670507411,12.722544010448775,-0.0813746775858802,-0.9384854804918267,0.3355937495750175,-0.28985206304563577,0.0,0.0,0.0,1.0
1544581133053899000,0.9587154018117031,-0.16470026627048753,-0.23181587654742578,30.05992251913866,0.2728777012856761,0.3034526033594234,0.9129371707053199,12.784636388529403,-0.08001586386502728,-0.9385043099553775,0.3358677146215682,-0.2897050204584689,0.0,0.0,0.0,1.0
1544581133127467000,0.9568016956875726,-0.16552907223366115,-0.2390201693892101,30.501364909656054,0.28006636702725785,0.3040157036108945,0.9105697568106083,12.978395973582826,-0.0780598820748359,-0.9381761978452847,0.3372418666284294,-0.29039879398280266,0.0,0.0,0.0,1.0
1544581133154760000,0.9561670351300392,-0.16447211673402928,-0.242267463246004,30.651825370850716,0.282887504225392,0.30516225826537074,0.9093132881925287,13.045055361857559,-0.07562579509503113,-0.9379898288080786,0.3383131983367451,-0.29071378422983185,0.0,0.0,0.0,1.0
1544581133228325000,0.952852306629092,-0.1648535417584344,-0.25474652406130055,31.10375207409281,0.29487626752698454,0.30509083424210937,0.9055206070050598,13.246821603494991,-0.07155744965389327,-0.9379461032656166,0.33931790222131947,-0.29216700459509504,0.0,0.0,0.0,1.0
1544581133255616000,0.9517315341479876,-0.16585465883064227,-0.25826211307988367,31.261564384035108,0.2985411245748614,0.3048234762780381,0.9044091138679168,13.31784328517596,-0.07127610992396363,-0.9378565351128849,0.3396245510857008,-0.29273734267558293,0.0,0.0,0.0,1.0
1544581133329185000,0.9512751435123131,-0.16429722874767413,-0.2609253187436178,31.723233189495257,0.30066218892419155,0.30654677686028053,0.9031230933532212,13.52712300438604,-0.06839480599386526,-0.9375689277180685,0.3410082935804558,-0.2942773272235126,0.0,0.0,0.0,1.0
1544581133356504000,0.9505615319956406,-0.1658079262607643,-0.26256524042455126,31.88800855888072,0.3027722107959648,0.30696689302133245,0.9022750772123518,13.601982999284655,-0.06900552340082593,-0.9371654379979745,0.3419929525037676,-0.29498953029414127,0.0,0.0,0.0,1.0
1544581133430028000,0.9480768231976143,-0.16814689398160781,-0.26995732877596923,32.35801976457176,0.3106717778478384,0.30796131016283784,0.8992457272023344,13.815385351652377,-0.0680689632973988,-0.9364221555939,0.34420947509981736,-0.29663335985014616,0.0,0.0,0.0,1.0
1544581133457364000,0.9470202881754658,-0.16950694967575805,-0.2728002342295036,32.53008071121082,0.3138368601975234,0.30788036111204625,0.8981737629339203,13.89338185757031,-0.06825686020769448,-0.9362035447770626,0.34476647717179765,-0.29738655519946067,0.0,0.0,0.0,1.0
1544581133530896000,0.9435741394672954,-0.17237390979688963,-0.2827632906688633,33.008916329310615,0.3242020235983874,0.30669362454563126,0.8948922105805687,14.11111407714451,-0.06753437068087226,-0.9360695785487305,0.34527214323246835,-0.30165889022125786,0.0,0.0,0.0,1.0
1544581133558220000,0.9423945120828595,-0.1719264851827437,-0.2869387866580816,33.187887914133796,0.3280778454820749,0.3077359929751457,0.8931200848326292,14.192573555938695,-0.06524960459607826,-0.9358097254892735,0.3464139817902089,-0.3037755026691628,0.0,0.0,0.0,1.0
1544581133631754000,0.9380224911799373,-0.1720557304325415,-0.3008498490375347,33.67507797382877,0.34125749744318795,0.30706404767434925,0.8884002426072729,14.414201834671212,-0.060474180270560604,-0.9360066753240438,0.3467482909394577,-0.31162258669821263,0.0,0.0,0.0,1.0
1544581133659066000,0.9379801210472934,-0.173907353025111,-0.2999158633415387,33.86086493534786,0.34087759340254925,0.3048941024783989,0.8892930071635441,14.49867070913391,-0.06321201496699934,-0.936373760224886,0.34526572712350256,-0.31498760504914275,0.0,0.0,0.0,1.0
1544581133732589000,0.9385160788884345,-0.17672082187800525,-0.29657599495346554,34.356654163983976,0.33850969052244473,0.3023099484625035,0.8910779340119476,14.72404532938976,-0.06781415110634985,-0.9366848168809834,0.34354445816278956,-0.32361328206989204,0.0,0.0,0.0,1.0
1544581133759938000,0.9382716357469177,-0.17811337642091446,-0.29651637845613477,34.54970594938423,0.3389120839207535,0.30195289963241373,0.8910460402112061,14.811993661423555,-0.06917323850517053,-0.9365362094139875,0.3436786166336046,-0.3267416569648479,0.0,0.0,0.0,1.0
1544581133833472000,0.9364798362542679,-0.1846690946296135,-0.29816579578794444,35.05536708582305,0.34260169891796677,0.2998043938578372,0.890360264905202,15.042992702685378,-0.07503060833888352,-0.9359565432819055,0.34402871522604644,-0.33366111738032755,0.0,0.0,0.0,1.0
