1544581126870152013,0.9963100700025476,-0.0723339233126899,0.046195756836653355,4.793537457741601e-05,-0.002112363651580576,0.5174146138016775,0.8557322334376971,3.7333165903836916e-05,-0.08580082943259237,-0.8526722236373453,0.5153525945467073,0.0007467267836373915,0.0,0.0,0.0,1.0
1544581126874306000,0.9963100700025476,-0.0723339233126899,0.046195756836653355,4.793537457741601e-05,-0.002112363651580576,0.5174146138016775,0.8557322334376971,3.7333165903836916e-05,-0.08580082943259237,-0.8526722236373453,0.5153525945467073,0.0007467267836373915,0.0,0.0,0.0,1.0
1544581126901587000,0.9963166694279628,-0.07273735846692878,0.04541333398050307,0.08645791616180097,-0.0012043667111529782,0.5176783784604236,0.8555744537884514,0.04042929961204111,-0.08574172683586456,-0.8524777845538496,0.5156839954093644,0.0015693596670351081,0.0,0.0,0.0,1.0
1544581126975123000,0.9963482247108384,-0.0712728991816107,0.04701477382492835,0.28483110013033397,-0.0032797175307820517,0.5182819724923055,0.8552035082028125,-0.007886814285266415,-0.0853197431341641,-0.8522346923422772,0.516155568215423,0.09034782743888473,0.0,0.0,0.0,1.0
1544581127002446000,0.9960261882203834,-0.07664846462093007,0.04535245583676628,0.5574644000170109,0.0007541797201526294,0.5164707955026319,0.8563044719057726,0.2572775343877217,-0.08905764196362417,-0.8528674752059249,0.5144762444892347,0.005738601302558506,0.0,0.0,0.0,1.0
1544581127076008000,0.9963387848736621,-0.07095530931227896,0.04769035370878982,0.5550456330724763,-0.003961921555325848,0.5189081789059069,0.8548208028833536,-0.0004918982522022193,-0.08540098906956635,-0.851880065469872,0.516727225062686,0.15456372315730602,0.0,0.0,0.0,1.0
1544581127103314000,0.9961488474923867,-0.0748616570189902,0.045642151000617574,1.0393965106980951,-0.0003773258733760237,0.5168990631457556,0.8560462698617559,0.4751523002547954,-0.0876774273389544,-0.8527667270874348,0.5148801587824192,0.008574740928247655,0.0,0.0,0.0,1.0
1544581127176865000,0.9963611532320429,-0.0693291521631712,0.04957742420143605,0.8688936081749783,-0.0063324701546204985,0.5198554144336619,0.8542307931149219,-0.049906902366179395,-0.08499618904312271,-0.8514363257134024,0.5175247154521265,0.26168054367908833,0.0,0.0,0.0,1.0
1544581127204162000,0.9962208284489057,-0.07222366545489227,0.04824731197522886,1.4817085076895924,-0.004024115133114732,0.5165065966620204,0.8562737541826274,0.6736741820048469,-0.0867632840663087,-0.8532319015091251,0.514263993280835,0.009447411191565716,0.0,0.0,0.0,1.0
1544581127277721000,0.996424808386071,-0.06671135105984707,0.051838179680153286,1.117790778037273,-0.009515118393835991,0.5210646732821328,0.8534641578762021,-0.08400982625978122,-0.08394679121165542,-0.8509061063931526,0.5185670008283506,0.35282740728193807,0.0,0.0,0.0,1.0
1544581127305017000,0.9961353266426618,-0.07032719272839696,0.052616508602012904,1.9296773220335033,-0.008878513148340417,0.51536515784561,0.8569246910219381,0.8730122269274225,-0.08738182316018624,-0.8540801133627394,0.5127490389454569,0.008800973932101937,0.0,0.0,0.0,1.0
1544581127378558000,0.9964773123186841,-0.06646247619992164,0.051143966325613396,1.4359070167194647,-0.009017035960222327,0.5214054932785438,0.8532613929162889,-0.07124806978805409,-0.0833766100092397,-0.8507167865020233,0.5189694500325036,0.45631132350615006,0.0,0.0,0.0,1.0
1544581127405899000,0.9960217243547081,-0.06831880936115849,0.05721245407209459,2.381610872803166,-0.014008527288336289,0.514010440295664,0.857669533346189,1.0711936490404195,-0.08800276005154727,-0.8550589497540715,0.5110085191743649,0.006627275651820162,0.0,0.0,0.0,1.0
1544581127479416000,0.9965187270913543,-0.06489163884122696,0.0523402499490206,1.7021769626733656,-0.010756226968720174,0.5224911224494888,0.8525768766175105,-0.19711146233473223,-0.08267242670699662,-0.8501718074424565,0.5199741990641479,0.5669710767720512,0.0,0.0,0.0,1.0
1544581127506752000,0.9959282255584642,-0.06625534054471867,0.06113263764365085,2.835751653557847,-0.018540129678199027,0.5130942575083469,0.8581320099515418,1.2656631797718025,-0.08822263387295917,-0.8557712969954409,0.509776670818952,0.004403095474851003,0.0,0.0,0.0,1.0
1544581127580273000,0.9965631235499691,-0.06444580203477136,0.052044974593342154,2.015907743972088,-0.010675477135106413,0.5231266933090295,0.8521880643000684,-0.21039337790425816,-0.08214605875064385,-0.8498148041471495,0.520640781810338,0.6797396885685312,0.0,0.0,0.0,1.0
1544581127607626000,0.9959276261339086,-0.06296665064300634,0.06452413819717226,3.2931477450485853,-0.023228568345035266,0.5123166750904702,0.8584824156829809,1.4593330219412453,-0.08711255429572878,-0.8564851576828679,0.5087677049037498,0.0011713752897372903,0.0,0.0,0.0,1.0
1544581127681176000,0.996611246246176,-0.06477035235791587,0.05070330670752685,2.3580610669013886,-0.009229695420167846,0.5244616727662806,0.8513840299897855,-0.16237804846130593,-0.0817363846649514,-0.8489668752399135,0.5220865906794349,0.7292039708127074,0.0,0.0,0.0,1.0
1544581127708477000,0.9960823533524056,-0.05986306893058917,0.06508731303530511,3.7535772138734664,-0.025375318311387052,0.5115829485380287,0.858859115330177,1.6525483691303886,-0.08471150193769598,-0.8571460200825439,0.5080597028855077,-0.0021707235721263917,0.0,0.0,0.0,1.0
1544581127782031000,0.9966504654574586,-0.06351725016853499,0.0515112476499015,2.5955319464308744,-0.010361115934197914,0.5267314387613993,0.8499686104186095,-0.21975418760982074,-0.08112026245038757,-0.8476553252067562,0.5243090240198107,0.7518179658366768,0.0,0.0,0.0,1.0
1544581127809357000,0.9963935241003328,-0.05633331249151314,0.06345473216916125,4.216389932513717,-0.025981200333114116,0.5093585690555106,0.8601620924912766,1.8454869958528128,-0.08077699152715156,-0.858708568743468,0.5060579725746496,-0.006237623186125846,0.0,0.0,0.0,1.0
1544581127869724797,0.9964698012769213,-0.05545086986477798,0.06303281823289783,4.4875893477306565,-0.026175080540141647,0.5081831589169308,0.8608511730560205,1.9584673264962473,-0.07976716305510459,-0.8594620864380491,0.504937740393499,-0.009515348862302733,0.0,0.0,0.0,1.0
1544581127882897000,0.9967919135925009,-0.06558789281271574,0.04587057131745118,3.1576935318752435,-0.0038597439435878104,0.5330600853629983,0.8460685833722239,-0.19955287263036345,-0.07994362622055476,-0.8435313709099244,0.5310968300767075,0.6953273952502544,0.0,0.0,0.0,1.0
1544581127910188000,0.9964786045580264,-0.055259177202156104,0.06306198532423321,4.664751311165153,-0.02641801333547813,0.5068820438840076,0.8616105165092732,2.0324778114794677,-0.07957687622355855,-0.8602424175329376,0.5036372740848201,-0.012347208765366638,0.0,0.0,0.0,1.0
1544581127983702000,0.9968293981544072,-0.0657856839581727,0.04475929804268402,3.509753752381624,-0.0026630349764747195,0.5346266800050037,0.8450841504084315,-0.16956297546626228,-0.07952395374874444,-0.8425239206176761,0.5327564020893436,0.7547558754803342,0.0,0.0,0.0,1.0
1544581128011042000,0.9963614733847997,-0.056286193516604924,0.06399749037180431,5.131280470508658,-0.027324096787516367,0.5003011217450613,0.8654202339415107,2.227144094702277,-0.08072922698270049,-0.8640200530080565,0.496942793398529,-0.021710527068819273,0.0,0.0,0.0,1.0
1544581128084597000,0.9968935965928588,-0.06675842823725876,0.04179078045993739,3.847535209269815,0.000681677082968887,0.5379019162040635,0.8430071552841936,-0.12013491897304893,-0.0787571735686022,-0.8403599471674552,0.5362764835494841,0.7288045932922343,0.0,0.0,0.0,1.0
1544581128111879000,0.9961471062512257,-0.05868965155681327,0.06516492543883394,5.599810698323955,-0.02778934096438262,0.4935247475813427,0.8692876831369081,2.422213191740786,-0.08317869460429467,-0.8677493003886043,0.48999230242833175,-0.033073982846524706,0.0,0.0,0.0,1.0
1544581128185428000,0.996952360614067,-0.06748999677544583,0.03912915794257099,4.263859911003021,0.0036498464402727948,0.5413758452283566,0.8407727831133953,-0.1311634851043805,-0.07792733337544121,-0.8380675954471294,0.5399722550043285,0.7428318854150708,0.0,0.0,0.0,1.0
1544581128212762000,0.9959358965874696,-0.060375429950694816,0.06683185877098806,6.071347649586134,-0.028993591822062206,0.4876173799009538,0.8725758777618029,2.616682264840276,-0.08527051965229727,-0.8709673347932143,0.48388515187121595,-0.0445920447904851,0.0,0.0,0.0,1.0
1544581128286274000,0.9969487087013816,-0.0692219364330981,0.03607763483235835,4.602055278353131,0.007331010290654533,0.5431679482512795,0.8395920653987947,-0.07484776579956723,-0.07771440347042133,-0.836765739923038,0.5420180513454201,0.7667484936971691,0.0,0.0,0.0,1.0
1544581128313615000,0.9958185436534968,-0.060845813411794056,0.06814114106823455,6.546374342773243,-0.03025710380269713,0.48412700392018726,0.8744744431627082,2.812311608664874,-0.08619707527113145,-0.8728796200310258,0.48026162989477483,-0.05492913625704561,0.0,0.0,0.0,1.0
1544581128387158000,0.9970105359468389,-0.06932102389045063,0.034126043687690795,4.951768639668434,0.009320559205127027,0.5463488011420737,0.8375058893325591,-0.1008058086018395,-0.07670148881930793,-0.8346841217714646,0.5453616217478998,0.8017709963226275,0.0,0.0,0.0,1.0
1544581128414479000,0.9958518173295133,-0.06019803521821475,0.06823015812215998,6.979806556790071,-0.030819036411566893,0.48238517093250133,0.8754168914631968,2.9915933148434775,-0.08561159335143369,-0.8738882900121071,0.4785289036866432,-0.06425828058939459,0.0,0.0,0.0,1.0
1544581128488009000,0.9970228817568703,-0.07016471344594963,0.03197321129123648,5.34211473340022,0.011644139503143055,0.5469187709268457,0.8371046959748236,-0.04133436016958526,-0.0762219605393215,-0.8342402357803885,0.5461075367879684,0.881398891261092,0.0,0.0,0.0,1.0
1544581128515319000,0.9960103359380806,-0.05715774443054875,0.06853030684403819,7.420119177343211,-0.03245894732948522,0.483301578943054,0.8748519877838844,3.1744174649535886,-0.08312537183548509,-0.873586043869037,0.47951808778653154,-0.07326709424408344,0.0,0.0,0.0,1.0
1544581128588874000,0.9971225359588932,-0.06941831499186188,0.030458920312474685,5.716520142127252,0.01283501274127666,0.550594632377556,0.8346740760590075,-0.025240925774775654,-0.07471218595946869,-0.8318813907888054,0.5499013010790588,0.9192006610350095,0.0,0.0,0.0,1.0
1544581128616198000,0.9962876826995657,-0.05307501327654298,0.06777828757671,7.866290798725591,-0.033612567499778805,0.48500115605562094,0.8738673091097889,3.360099095398115,-0.07925306686311416,-0.8729014386460896,0.48141669040695506,-0.0828764793887799,0.0,0.0,0.0,1.0
1544581128689717000,0.9971531666591397,-0.07021725306702739,0.02747907555514999,6.144172421563345,0.016000889122347192,0.5531811427041797,0.8329073147138265,0.029474182169464444,-0.07368537011469237,-0.8300964767593131,0.5527298666643953,0.9708769654968457,0.0,0.0,0.0,1.0
1544581128717035000,0.9966098820992096,-0.04975678419384775,0.06552102966901631,8.315508402077374,-0.03291370772055303,0.48875766105361873,0.8717985068841794,3.546943974044374,-0.07540179537840938,-0.8709995471801811,0.48546303470566093,-0.09250493282800083,0.0,0.0,0.0,1.0
1544581128790588000,0.997216991324561,-0.07026209715111546,0.02493010063185752,6.530385277582016,0.01840663903953777,0.5560697429395848,0.830931788191046,0.10563862208390774,-0.07224588467764222,-0.8281604184522606,0.5558154850812556,0.977433353488725,0.0,0.0,0.0,1.0
1544581128817878000,0.9967953384154619,-0.04836610059833216,0.06371635289406574,8.769544089187141,-0.03172159701764737,0.49221626396309753,0.8698947578718108,3.7365569358051745,-0.07343564254406378,-0.8691282240286079,0.4891046274581932,-0.1029071750552208,0.0,0.0,0.0,1.0
1544581128869406977,0.9968338744645017,-0.04791868505052114,0.06345097590360331,8.992379933474679,-0.03153885350224935,0.4942508305488314,0.8687470386836156,3.8290666155627027,-0.07298991327474283,-0.8679976475341477,0.49117466998546166,-0.10658648166617607,0.0,0.0,0.0,1.0
1544581128891448000,0.9973279814510915,-0.07032246225463559,0.0197901166528973,7.07241185003376,0.023247651408703853,0.562322094620541,0.8265914399541894,0.13079564346785433,-0.06925636518522538,-0.8239226985609794,0.56245439164195,0.9017449461536756,0.0,0.0,0.0,1.0
1544581128918737000,0.9968297449525321,-0.04788080466051581,0.06354437916084439,9.212128743049767,-0.03138231614876469,0.49729665026678654,0.8670127979831502,3.9193068212916984,-0.07311367731837189,-0.8662583160804208,0.4942174825018741,-0.1085301051002155,0.0,0.0,0.0,1.0
1544581128992299000,0.9974570619734451,-0.0688893881463414,0.01826640961244889,7.535682396508473,0.023994304306741505,0.5659317098929587,0.8241028898738736,0.19744496258159427,-0.06710948427862021,-0.8215689575065851,0.5661455335701236,0.9589606966355955,0.0,0.0,0.0,1.0
1544581129019599000,0.9972841534271201,-0.04441495668783224,0.058750565491491956,9.674814442976176,-0.028064261673609134,0.508347747444389,0.8606944666285091,4.10547613251479,-0.06809342508544614,-0.8600057437544418,0.5057206799899502,-0.10760424937878645,0.0,0.0,0.0,1.0
1544581129093181000,0.9975688008285754,-0.06776661642615847,0.01625340922969491,7.974256311593115,0.025443485378764973,0.5712999006920957,0.820346909862515,0.2339461721010704,-0.06487770545587111,-0.8179389397548886,0.5716351757611056,0.968909133208578,0.0,0.0,0.0,1.0
1544581129120456000,0.9980016020581255,-0.04191986720192305,0.04728136020870882,10.13174983142657,-0.01890819987975454,0.5158542651572496,0.8564676626098492,4.291482570523389,-0.0602933020054464,-0.8556501048050219,0.5140307538274672,-0.11205752588139266,0.0,0.0,0.0,1.0
1544581129193996000,0.9976461164647061,-0.06757151434347052,0.01167547653049079,8.407795286366975,0.029287257827484103,0.5738241622912976,0.8184546947141516,0.28294685068598924,-0.062003893682820624,-0.8161862049924763,0.5744524314058966,0.8976562720573844,0.0,0.0,0.0,1.0
1544581129221329000,0.9983723922809674,-0.04648179691918128,0.03304555773997166,10.57559899664582,-0.004764240765967445,0.5094293673693436,0.8604992862702423,4.4866127681443135,-0.05683193064735732,-0.8592561679830047,0.5083787657269554,-0.13215000466937146,0.0,0.0,0.0,1.0
1544581129294878000,0.9981433345312125,-0.06046686487974546,0.00732406871386122,8.99810333599854,0.02709492967151146,0.5484901352899062,0.8357179166894506,0.11049013149680509,-0.05455042178578136,-0.833967822965175,0.5491101180471165,0.8468611358665197,0.0,0.0,0.0,1.0
1544581129322188000,0.9980373952024709,-0.05844693943665902,0.022479169200684188,11.016092249367697,0.009169415911447498,0.49150377377529414,0.8708271712438044,4.689729036282998,-0.061945779430956444,-0.8689119608079601,0.49107507040732495,-0.16030107569913912,0.0,0.0,0.0,1.0
1544581129395760000,0.9986044778467394,-0.052625232932609546,0.00443640431289719,9.647286743089204,0.023764352844375704,0.5227834543259082,0.852134212091592,-0.044426913433942235,-0.04716304017264794,-0.8508396116436157,0.5233045030379648,0.762239749388518,0.0,0.0,0.0,1.0
1544581129423041000,0.9970340153091315,-0.07300887231132183,0.024349063234124838,11.469510660305344,0.013472938579686329,0.477066143109683,0.878764117965955,4.888557612646762,-0.07577369096578447,-0.8758296636117582,0.47663481628511223,-0.17705729363282793,0.0,0.0,0.0,1.0
1544581129496586000,0.9983343465416424,-0.05741688114164054,-0.005642187097117833,10.192317618780358,0.0351524233069803,0.5278194897852656,0.8486288313146497,-0.01671297518444857,-0.04574756442608977,-0.8474136463161255,0.5289586679375732,0.6135816173094547,0.0,0.0,0.0,1.0
1544581129523916000,0.9960736506889312,-0.08229974709311046,0.03261953450982053,11.940103275564928,0.010595776961864728,0.4766452625508983,0.8790318669982131,5.075532843076744,-0.08789204693145831,-0.8752348515205454,0.47564581651687027,-0.17202785456376618,0.0,0.0,0.0,1.0
1544581129597455000,0.9984555118862386,-0.05509912147025229,-0.007118819929725184,10.50097653520563,0.035500405668390814,0.534179871109124,0.844625115953354,-0.0707257110130858,-0.042735371548230434,-0.8435733234965668,0.5353108778117531,0.6459914408030492,0.0,0.0,0.0,1.0
1544581129624786000,0.9960441241095189,-0.07932032848879374,0.040054816381140855,12.380745354337238,0.003741460309885445,0.48779951917742187,0.8729476677126932,5.245722313563301,-0.08878121592795891,-0.8693445315746254,0.48616661868093053,-0.15558715914263754,0.0,0.0,0.0,1.0
1544581129698289000,0.9986911166252036,-0.05069675277141616,-0.0067744248715515135,10.987998020828638,0.033206262590863574,0.5419249777738062,0.8397706011701095,-0.031480949106901794,-0.03890241250427756,-0.8388963927227819,0.5428991108650438,0.680847854381235,0.0,0.0,0.0,1.0
1544581129725648000,0.9968508870491247,-0.06622933646431464,0.043611741318921766,12.835818852624763,-0.004921425750612744,0.4972367521237208,0.8676009404709274,5.440416345104202,-0.07914599521108552,-0.8650833990598562,0.495344954666035,-0.14253689984830892,0.0,0.0,0.0,1.0
1544581129799149000,0.9987153594042755,-0.049794491154991585,-0.009388266112756127,11.591808196478128,0.0353151389943727,0.5511254508415498,0.8336747437655202,0.13336835684001452,-0.03633829726056056,-0.8329353192687365,0.5521759520903541,0.7024565883825973,0.0,0.0,0.0,1.0
1544581129826507000,0.9970651474319823,-0.05517405419860711,0.05307462218172708,13.303911895250161,-0.01872984962939782,0.49639708072097505,0.8678935020983606,5.669984923748032,-0.07423129063477286,-0.8663404423175577,0.49390682673528125,-0.13703377353893825,0.0,0.0,0.0,1.0
1544581129870631812,0.9968943293579587,-0.05245586560468423,0.05873736679160896,13.492043163802508,-0.02529956906235315,0.49299861606843975,0.8696621736972692,5.7646703391025484,-0.07457632264471005,-0.868447319483608,0.49014041394535973,-0.13744704214692485,0.0,0.0,0.0,1.0
1544581129900017000,0.9986590876291114,-0.05076293071242179,-0.010156355708162918,12.140632168676527,0.03637930153770406,0.5485646723735997,0.8353163153220896,0.40672110030636976,-0.036831686296094554,-0.8345657104681038,0.5496758151815099,0.8423771613177836,0.0,0.0,0.0,1.0
1544581129927323000,0.9966400958978124,-0.049359746443082775,0.06536156882967993,13.76110070379283,-0.033107018159206955,0.48713883421507087,0.8726967867181498,5.896924164324992,-0.07491625055625942,-0.8719285358506476,0.48386794042583076,-0.13951262911771872,0.0,0.0,0.0,1.0
1544581130000855000,0.9985876396146608,-0.05143900031336615,-0.013294933455251002,12.633672249859883,0.039307064952215934,0.5469314355388576,0.8362541237352684,0.6240817408400477,-0.035744659092798,-0.8355956163516904,0.5481808873722014,0.9391262572883066,0.0,0.0,0.0,1.0
1544581130028196000,0.9954879882210955,-0.05363918875803321,0.07827197925757746,14.225758335184885,-0.04349351843413511,0.4751892504624976,0.8788079938752872,6.108375179216172,-0.08433255102117214,-0.8782471256282407,0.47071223392216494,-0.14208552739447874,0.0,0.0,0.0,1.0
1544581130101724000,0.9985307407414292,-0.051508610580711454,-0.01682922548488337,13.049676188605932,0.042376283447632564,0.5486944466715028,0.8349482946823825,0.7448844417352571,-0.03377292400048553,-0.8344346991993437,0.5500710157575676,0.9580388225304708,0.0,0.0,0.0,1.0
1544581130129029000,0.9943157580648712,-0.06064279569970646,0.08751356805435964,14.686584415567863,-0.04924510102738914,0.46680406766377597,0.8829886083281898,6.294439864658494,-0.09439858732356299,-0.8822791019525944,0.4611642798060593,-0.13942209758499857,0.0,0.0,0.0,1.0
1544581130202579000,0.9985062627726645,-0.05085806257946799,-0.019967490439022496,13.514230885538359,0.04476500197807004,0.5519659864921862,0.8326641846228341,0.8084605861217361,-0.03132631165128199,-0.8323142478813923,0.5534181556219089,1.0378872755267392,0.0,0.0,0.0,1.0
1544581130229891000,0.9940023107712033,-0.061641180030895214,0.09033145136610132,15.150793467419659,-0.05139367187311574,0.4658053176053434,0.8833935117386731,6.467946569449612,-0.09653028888854982,-0.8827376569598585,0.4598435954888486,-0.13077601548390258,0.0,0.0,0.0,1.0
1544581130303472000,0.9983282562838504,-0.052108416192499854,-0.025008112026983623,14.03570425302155,0.04989799664351124,0.5586490850855521,0.8279017995294122,0.8153436158063787,-0.029169892632806227,-0.8277656145884447,0.5603152725642988,1.0818297249572644,0.0,0.0,0.0,1.0
1544581130330760000,0.9946179896559763,-0.05658207308018156,0.08679587351168239,15.623972823472638,-0.050395999407609,0.4677464365119142,0.8824247924747539,6.648679708319119,-0.09052788463460305,-0.8820497379039118,0.46237751023079854,-0.1239790190686726,0.0,0.0,0.0,1.0
1544581130404312000,0.998287082829017,-0.051011803809722256,-0.028647794484203033,14.59197418430359,0.05242551964014122,0.5626055954186711,0.8250615182482218,0.955748552025084,-0.02597046682661183,-0.825150131718878,0.564316218956294,1.1344172075607337,0.0,0.0,0.0,1.0
1544581130431607000,0.9950298904353065,-0.05363948909210346,0.08389470990614542,16.10688763610123,-0.04944163055820126,0.4651913043641472,0.8838283631518783,6.844408160943051,-0.08643519137507197,-0.8835835306035983,0.4602272288098936,-0.12570429166313538,0.0,0.0,0.0,1.0
1544581130505146000,0.9982076620338901,-0.050354620958163156,-0.032340000077294574,15.082381904465299,0.05510648896272123,0.5626440845376451,0.8248605391270668,0.997891041878814,-0.023339630053652187,-0.8251642541233551,0.5644105025475732,1.1588930206445767,0.0,0.0,0.0,1.0
1544581130532485000,0.9950298703955996,-0.05437234841102033,0.08342184815017856,16.598702909726306,-0.049320357351770004,0.4586776811318902,0.8872329385128582,7.053217695672458,-0.0865046783198191,-0.8869376711808685,0.45371632995633115,-0.1349268860540426,0.0,0.0,0.0,1.0
1544581130606028000,0.9980613147028444,-0.05059357611011947,-0.036247788208569456,15.602708695723914,0.05839836667521727,0.559862525794263,0.8265250044499136,1.0901494548929949,-0.021523077458648274,-0.8270394442030291,0.5617317107561687,1.2426695888281587,0.0,0.0,0.0,1.0
1544581130633354000,0.9944445585764667,-0.06084296063392283,0.08589618186482494,17.09865529602832,-0.04945390072694371,0.45030264049047264,0.8915053806176366,7.268631288575245,-0.09292110427963217,-0.8908005759476163,0.44479208881324234,-0.14613724892928978,0.0,0.0,0.0,1.0
1544581130706905000,0.9978567926609023,-0.051437488218601266,-0.040447572810437406,16.03315884960051,0.062340068787966905,0.5594157002752255,0.8265396482378141,1.162783279484145,-0.019888116150255517,-0.8272897068689643,0.5614233729946199,1.3069247289672576,0.0,0.0,0.0,1.0
1544581130734216000,0.9936562003837512,-0.06985971160371085,0.08813044952551392,17.55668066371708,-0.04795243855601857,0.44565469447691347,0.8939197150344198,7.46384262600552,-0.10172472204658564,-0.8924749374550155,0.4394776068688967,-0.1525640351214841,0.0,0.0,0.0,1.0
1544581130807765000,0.9975303786603994,-0.05278301702165093,-0.04633677549993789,16.538555106780407,0.06804145894739927,0.5625854251111897,0.823934462998585,1.2172353486616652,-0.01742135224226609,-0.8250524786742687,0.5647874856257885,1.3163942807409252,0.0,0.0,0.0,1.0
1544581130835062000,0.9933585998868074,-0.07580391755911041,0.08655898632502386,18.022455435554047,-0.04361670579109239,0.4480612583269984,0.8929382351329537,7.659844085137759,-0.10647194469369767,-0.8907832928771837,0.4417791870652422,-0.1545067440236141,0.0,0.0,0.0,1.0
1544581130869229495,0.993532958092929,-0.07610970647066777,0.08425896844887872,18.156599390807855,-0.04126833721715567,0.4492785455361488,0.8924380722852705,7.716146819600362,-0.10577894651797247,-0.8901438653958558,0.4432321213220895,-0.15486261059600026,0.0,0.0,0.0,1.0
1544581130908572000,0.9973105853448777,-0.05245082308237865,-0.05119089291116576,17.04413650790583,0.0719321772955878,0.566610633836828,0.8208399061281942,1.3313577586130885,-0.014048424416217911,-0.8223145996399502,0.5688596847997007,1.3314655950671959,0.0,0.0,0.0,1.0
1544581130935919000,0.9938005529388775,-0.07720154027881296,0.08000239469516658,18.481375110732106,-0.03647900478305552,0.4533230586150033,0.8905995097337359,7.8533250277357745,-0.10502258418274152,-0.887996692959222,0.4476964709544451,-0.15710486414065836,0.0,0.0,0.0,1.0
1544581131009431000,0.9970700650823161,-0.05264058063012528,-0.05550004133035746,17.59350064079356,0.07559921644372967,0.5674969182544337,0.81989755838447,1.3923643656171645,-0.011663781112610965,-0.8216910715364064,0.5698137758667416,1.4165990362209004,0.0,0.0,0.0,1.0
1544581131036773000,0.9941330678953397,-0.07970330426775966,0.07312199809771223,18.97642448093527,-0.028534087521820548,0.45883168121042045,0.8880649155140147,8.065700961626602,-0.10433239749137732,-0.8849411684436546,0.45386548582953934,-0.16609686889297393,0.0,0.0,0.0,1.0
1544581131110287000,0.9966479689172586,-0.05410594031638538,-0.06136263745619765,18.160891854847517,0.08130073954417592,0.5715096119559238,0.8165579913218404,1.5230293796178196,-0.009111300822145401,-0.8188096913596422,0.5739927469340165,1.4364834384354952,0.0,0.0,0.0,1.0
1544581131137661000,0.9946504523131829,-0.07702756149289268,0.06882755613593615,19.490704236824865,-0.025231236257583393,0.4649553175291307,0.884974540548086,8.287383621228681,-0.10016916905965323,-0.8819769313717016,0.46052451628339497,-0.1807640947263172,0.0,0.0,0.0,1.0
1544581131211146000,0.996174796731011,-0.05553009325584059,-0.06746986809618002,18.806850877519434,0.08717550338722473,0.5783789217525807,0.8110969451807257,1.7367156076985115,-0.006017139445155466,-0.8138760542093132,0.5810073686430984,1.4267120007429452,0.0,0.0,0.0,1.0
1544581131238516000,0.9950296312884789,-0.0732721840313355,0.06743307723356105,20.019277662542276,-0.024911173116227498,0.47248749433986137,0.8809852445679272,8.515113269691463,-0.09641299866658708,-0.8782862601337429,0.46831376122040236,-0.19610637909728423,0.0,0.0,0.0,1.0
1544581131312020000,0.9956153205354619,-0.0574984117323446,-0.07378391534286624,19.44635051528294,0.09347604527856483,0.5819032534722152,0.8078680786845872,1.9392179959742089,-0.0035160310216926587,-0.8112228647213494,0.5847265183649073,1.5625075220751474,0.0,0.0,0.0,1.0
1544581131339333000,0.9960277318400598,-0.07081972472259161,0.05397521649572871,20.544542313923145,-0.01323507188880746,0.48168687007628164,0.8762434547933651,8.744127043594988,-0.08805447335396042,-0.8734771466880684,0.47883617651136906,-0.2061426423868456,0.0,0.0,0.0,1.0
1544581131412885000,0.9953121559342916,-0.05832698542543556,-0.07714709988466578,19.861937051357252,0.09669085605325821,0.5824377525142892,0.807104170972863,2.0289811208750583,-0.002142569747321706,-0.8107800116044345,0.5853470613043102,1.6928813268701541,0.0,0.0,0.0,1.0
1544581131440215000,0.9971721861869721,-0.06900653169836475,0.02976121096426246,21.060498558918766,0.008063431198340519,0.4919798631234247,0.8705692363955665,8.970330986902605,-0.07471688010354055,-0.8678674512067012,0.4911450650913396,-0.2163161541799464,0.0,0.0,0.0,1.0
1544581131513745000,0.9947851824551038,-0.059183998496373735,-0.08306440326479252,20.345944730087297,0.10199082956384811,0.5817003874019363,0.8069835995739416,2.0509279206898836,0.0005580794146575229,-0.8112471347366481,0.5847031511193929,1.7811410632759146,0.0,0.0,0.0,1.0
1544581131541036000,0.9971002393739629,-0.07598332230298462,0.004200877549825402,21.57557889782054,0.03424818134728435,0.4973524849561371,0.8668722903532865,9.191617516578669,-0.06795715352184727,-0.8642146958017735,0.4985125724046048,-0.23734934431134216,0.0,0.0,0.0,1.0
1544581131614603000,0.9945305402016832,-0.054316000294880214,-0.08921197631543411,20.873364990667763,0.10420908640033752,0.5735390279852077,0.8125228917940653,1.9787094914104733,0.007033556550309963,-0.8173755290499904,0.576062300096529,1.65148827703749,0.0,0.0,0.0,1.0
1544581131641893000,0.9956230799194996,-0.09077707905108144,-0.022230714126305517,22.0977769833558,0.06458237584630978,0.496311493835384,0.8657390009794709,9.401106351110306,-0.06755589879246839,-0.8633854428966489,0.5000017775293407,-0.2695160572152671,0.0,0.0,0.0,1.0
1544581131715461000,0.9934389407988438,-0.05656121564991053,-0.0993976850267105,21.40950680182886,0.1138518536390194,0.5712715219513927,0.8128263059413728,1.9986530128967142,0.010808622827383981,-0.8188099151155562,0.5739629749217547,1.6303767512714018,0.0,0.0,0.0,1.0
1544581131742773000,0.9921445589950392,-0.11560074382222102,-0.047808389266807354,22.632262843213386,0.09887624999526706,0.4905476042862927,0.8657866568132394,9.606414100217584,-0.07663329069935118,-0.8637126350567808,0.4981243045665063,-0.30192243969746685,0.0,0.0,0.0,1.0
1544581131816329000,0.9928355308111088,-0.05696261227395794,-0.10503746741969958,21.872257255095178,0.11875277872216855,0.5678158498698086,0.8145446201297942,1.992543584020637,0.013243349454796731,-0.8211823314219299,0.57051221919926,1.7180350633492327,0.0,0.0,0.0,1.0
1544581131843640000,0.9880661071584969,-0.1366456693909159,-0.0710867703680425,23.193298470850973,0.12901376128293268,0.48205813336445447,0.8665883714064034,9.844620005295551,-0.08414759226669075,-0.8654177702669892,0.4939344750286575,-0.31186318529639134,0.0,0.0,0.0,1.0
1544581131870453170,0.9871850884769793,-0.1412406068668977,-0.07427443746381066,23.293132495292518,0.13401343306784583,0.48106653326925664,0.8663806267026436,9.889420903693594,-0.08663717935196961,-0.8652318079799001,0.4938298468235485,-0.31110808853807187,0.0,0.0,0.0,1.0
1544581131917163000,0.9919758803412103,-0.05838943778384805,-0.11213619565759798,22.51040329045036,0.12528931475626912,0.572748416295709,0.8100998946047707,2.23090483260616,0.016924551077588286,-0.8176490232282089,0.575468187117916,1.7636540279919457,0.0,0.0,0.0,1.0
1544581131944485000,0.9835246599524394,-0.15711657201417004,-0.08940708061418916,23.705291341239146,0.15427527192149432,0.4717200692527619,0.8681470593958799,10.077535440021482,-0.0942251757174559,-0.8676373430545085,0.4881875225754279,-0.3059547880981544,0.0,0.0,0.0,1.0
1544581132018040000,0.9905088095769682,-0.06260640093795408,-0.12236313461173169,23.295973496007246,0.1358665002215311,0.5806806647482073,0.8027143076494483,2.4377105086714406,0.020798852563681365,-0.8117206441560926,0.5836754265710152,1.8484856122153517,0.0,0.0,0.0,1.0
1544581132045334000,0.9839923652429519,-0.15406529899347118,-0.08957069157727661,24.240253481023945,0.15238350739618287,0.4667841498963287,0.8711439743688724,10.318606704713293,-0.09240287775398127,-0.8708481159488237,0.48278905034308,-0.30270110443929255,0.0,0.0,0.0,1.0
1544581132118887000,0.9896316404371519,-0.06311468250011042,-0.12901842154736903,23.87759481680763,0.14148904878972898,0.5828693136084313,0.8001526181461968,2.6214572635970446,0.024699500364229122,-0.8101110418371958,0.5857559513783962,1.841596958849102,0.0,0.0,0.0,1.0
1544581132146209000,0.9835310918503469,-0.15389450017675646,-0.0947790809145861,24.780850063980086,0.1565021914187248,0.46283870695390816,0.8725178481993168,10.553077875572642,-0.09040827088715186,-0.8729815657621766,0.4793010853259343,-0.30549774763893467,0.0,0.0,0.0,1.0
1544581132219768000,0.9884688258731728,-0.0646622410768595,-0.13692397472985832,24.45580981494961,0.14873774946338342,0.5841944925361422,0.7978683329817062,2.7370641344508098,0.028398277438486344,-0.8090337381527182,0.5870757603318071,1.904968145692792,0.0,0.0,0.0,1.0
1544581132247057000,0.9813498461097144,-0.16023158947583718,-0.10619942219469,25.329581736944515,0.16923508019724307,0.45812549490961313,0.8726285111915901,10.782707714106525,-0.09116999051811059,-0.8743265229008373,0.4766981898235643,-0.3107115634964063,0.0,0.0,0.0,1.0
1544581132320624000,0.9879325275167467,-0.06435166872031653,-0.14088358246181787,24.894022979104903,0.1518108257039716,0.5826431473570055,0.7984237196107096,2.759894596836958,0.03070495519365283,-0.8101764163259967,0.5853813971725796,1.997459639371881,0.0,0.0,0.0,1.0
1544581132347942000,0.9785950754208922,-0.16884405538670882,-0.11765782304015912,25.88922804840269,0.18313778221908805,0.4536986385075502,0.8721342202552681,11.013469039855552,-0.09387348446634781,-0.875013845820149,0.4749089792130544,-0.3144420326925723,0.0,0.0,0.0,1.0
1544581132421455000,0.9860436488141758,-0.06776296467902111,-0.15207269068155316,25.549789227421467,0.16268780508337474,0.586199181633708,0.7936644111519197,2.8895482010485622,0.03536383336647933,-0.8073281241663042,0.589042187979561,2.054918084248929,0.0,0.0,0.0,1.0
1544581132448785000,0.9743587220649554,-0.18153815843654247,-0.13292470713684343,26.462391289423906,0.20233784795524537,0.448574071552182,0.8705404629400828,11.25035383850954,-0.09840973539638811,-0.8751143921582857,0.4738040994088704,-0.31442649856254945,0.0,0.0,0.0,1.0
1544581132522320000,0.9844746941769099,-0.06772029965910131,-0.1619368319418212,26.278702868255046,0.17042307735153994,0.5896302889587647,0.7894885034301856,3.0634276460837246,0.04201846298121552,-0.8048292262067067,0.5920172002671976,2.037238559763427,0.0,0.0,0.0,1.0
1544581132549644000,0.9691506052955497,-0.19421492384373137,-0.1517486988795705,27.050447976220518,0.22451560164495643,0.44164312850964965,0.8686449744620682,11.49619178622538,-0.1016850474419537,-0.8759177532146402,0.471622985794956,-0.31204691324039213,0.0,0.0,0.0,1.0
1544581132623178000,0.9828156094701483,-0.07046736456489604,-0.1706101647414118,26.818717748676615,0.17862522237757725,0.5961271188042245,0.7827678379677693,3.21061289274408,0.04654575933826196,-0.7997917283627368,0.5984702862550255,2.0704236100435636,0.0,0.0,0.0,1.0
1544581132650517000,0.9618896720698082,-0.21136471360237552,-0.173473965220213,27.651983825034726,0.2509919063562914,0.4307692220907534,0.8668569318191773,11.750611738478932,-0.10849572207729039,-0.8773612911127986,0.46740329817815573,-0.30742676117471573,0.0,0.0,0.0,1.0
1544581132724033000,0.9809973982072786,-0.07413259196939616,-0.17929992615292079,27.45294765011754,0.18737526734118948,0.6017808699924915,0.7763699464172334,3.3549884648816546,0.05034494909484377,-0.7952132690787925,0.604236081992509,2.1754586299411267,0.0,0.0,0.0,1.0
1544581132751354000,0.9628877191925056,-0.20553007025616027,-0.17494179160153342,28.2654487908228,0.2491661369397476,0.42775614834797737,0.8688733588694165,12.011710770545893,-0.10374717553157609,-0.8802170571915776,0.4630922756840404,-0.301664812750222,0.0,0.0,0.0,1.0
1544581132824895000,0.9794733914714815,-0.07646351224481025,-0.18650792662654583,28.056955820982026,0.19419066174018534,0.60605761234143,0.7713521617367214,3.5434484010098544,0.05405425323001854,-0.7917370155665298,0.6084658050289687,2.3266639931806856,0.0,0.0,0.0,1.0
1544581132852218000,0.9616928842141462,-0.20487049980849145,-0.18213971219944275,28.891444926211594,0.25506380986580307,0.42527747735521093,0.8683786732475216,12.278625795406692,-0.10044525548087677,-0.8815708397869159,0.46124137399931814,-0.294265471475388,0.0,0.0,0.0,1.0
1544581132869530219,0.961288041844809,-0.20568077087509615,-0.18335954051643866,28.996624066634478,0.2564912477462758,0.42477850568141134,0.8682024308539007,12.323356057914586,-0.10068535363066501,-0.8816227320136962,0.46108981550342176,-0.2930932469707054,0.0,0.0,0.0,1.0
1544581132925748000,0.9776189013804917,-0.08033841155972031,-0.1944402820704951,28.60962465997371,0.2024906758850075,0.610093100495463,0.7660182340567777,3.720916053634285,0.057085986399697364,-0.7882462485517429,0.6127063259024496,2.4502998637022886,0.0,0.0,0.0,1.0
1544581132953080000,0.959075702895115,-0.20998931441382312,-0.18994284389850813,29.507324364684035,0.2640968754996592,0.42149340675010205,0.8675229959012647,12.540404764982492,-0.1021109027849528,-0.8821835386688008,0.4597016071695212,-0.2894191894058971,0.0,0.0,0.0,1.0
1544581133026609000,0.9753656776638169,-0.08440456058009904,-0.20380791198743192,29.183910270897762,0.21192696760545024,0.6149694415129906,0.7595390354726728,3.8855788764172328,0.06122707927833691,-0.7840206988074249,0.6177076886396705,2.5582156146210355,0.0,0.0,0.0,1.0
1544581133053899000,0.9577244044058653,-0.2095254910470572,-0.19713709393951925,30.093268577767986,0.270130221718959,0.4192304246362683,0.8667615095130592,12.790528653750627,-0.09896276329759307,-0.8833713373552394,0.4581063760959076,-0.2884815053608279,0.0,0.0,0.0,1.0
1544581133127467000,0.9730863549633736,-0.08889037434747771,-0.2126063195966972,29.686630264704284,0.2211448384844767,0.6196194475792012,0.7531047075894024,4.0882862289073,0.06479125091988322,-0.7798527050219237,0.6226008771871644,2.6857721227579625,0.0,0.0,0.0,1.0
1544581133154760000,0.9546326135315535,-0.2129184968020449,-0.20818810461088444,30.691952609759415,0.2813162274709835,0.4155335602612637,0.8649815260790769,13.04992970031082,-0.0976614219812959,-0.8843062670908505,0.45657931692143033,-0.29012925635602604,0.0,0.0,0.0,1.0
1544581133228325000,0.9712488816966028,-0.091953318868981,-0.21959097648143552,30.19388950746802,0.2282682599777756,0.6216077131872689,0.7493313368549404,4.2719694027727355,0.0675959413708427,-0.7779128730488233,0.6247258203845242,2.869076720567246,0.0,0.0,0.0,1.0
1544581133255616000,0.9496841971889339,-0.22057439414822472,-0.2223665043475577,31.30310793092441,0.2969153013836631,0.40800666468405167,0.8633492140366142,13.320021868471597,-0.09970571404817896,-0.8859331228820488,0.4529693945142519,-0.29191319891581613,0.0,0.0,0.0,1.0
1544581133329185000,0.9680947320743529,-0.09928743857721427,-0.2300751926450459,30.82431156284519,0.24025329927959307,0.6286863224183011,0.7396160221286585,4.463567870944099,0.07121054637587375,-0.7712946988959074,0.632482051555554,2.9443858916243575,0.0,0.0,0.0,1.0
1544581133356504000,0.9486317952913093,-0.22242270446325865,-0.22500190555112357,31.925979789081662,0.2997155666549595,0.4039965450021191,0.8642669557093129,13.600002533430656,-0.10133260120555108,-0.8873076874261824,0.44990751468198553,-0.2934875901828731,0.0,0.0,0.0,1.0
1544581133430028000,0.9660279165722402,-0.10157848518173211,-0.2376381193143782,31.405938722698632,0.24676114343989725,0.635811318407595,0.7313363832553592,4.741508813276944,0.0768049639758105,-0.7651312166765792,0.6392771064066779,3.0257115631818436,0.0,0.0,0.0,1.0
1544581133457364000,0.9472448849810523,-0.22237204204358674,-0.23081984922141813,32.55914756573847,0.30476421063030984,0.4019611912794914,0.863450042923186,13.885936637272781,-0.09922652768346293,-0.8882442657414324,0.44852672226005674,-0.29544449219614677,0.0,0.0,0.0,1.0
1544581133530896000,0.964387697429661,-0.10426069686896695,-0.24307627637164908,31.842353578900752,0.2520714915960537,0.6406295282744464,0.7252956436015585,4.90337464846714,0.0801020110287547,-0.7607387952452925,0.644096385052651,3.1166799930843725,0.0,0.0,0.0,1.0
1544581133558220000,0.9456462823297006,-0.22100819558306525,-0.2385549961772618,33.201906626187395,0.31095144548496684,0.399779828584645,0.8622559290649368,14.179221903334655,-0.09519615153369006,-0.8895681346259815,0.4467731265320578,-0.3018215159999665,0.0,0.0,0.0,1.0
1544581133631754000,0.9627258345054901,-0.10543981245201747,-0.24908113843842908,32.338496111019566,0.256920206550742,0.6443917189806349,0.720243930883909,5.050737252216218,0.08456343797188999,-0.757391416943226,0.6474621737979055,3.2701534538844688,0.0,0.0,0.0,1.0
1544581133659066000,0.9434554728506264,-0.22139054022078017,-0.24673467419264758,33.853450458666806,0.31812781729492856,0.3954078091409741,0.8616538494856824,14.479369885270623,-0.0932011942593285,-0.8914252033519613,0.44348015087211423,-0.31322387479986075,0.0,0.0,0.0,1.0
1544581133732589000,0.9633305328268891,-0.11649967496182818,-0.2417066615905384,33.09025430382946,0.25880054440412337,0.6412191595517058,0.7223989670811632,5.175960440219965,0.07082769754541815,-0.7584627974776301,0.6478561739327824,3.2333545924718634,0.0,0.0,0.0,1.0
1544581133759938000,0.9435324665871754,-0.2193393380628197,-0.2482674752642491,34.51490343773366,0.3184171632104834,0.39365150967194673,0.8623508561519385,14.786544469056624,-0.09141659952606279,-0.8927086555596742,0.4412643897029701,-0.325389017985043,0.0,0.0,0.0,1.0
1544581133833472000,0.9623731062423639,-0.11709687327131232,-0.24520670188944504,33.45812146601812,0.26131455193566866,0.6462757730820937,0.7169674539850475,5.333371991274401,0.0745165037295694,-0.7540662752021366,0.6525575402021631,3.3085292797533743,0.0,0.0,0.0,1.0
