1544581126870152013,0.9850367100922889,-0.13985324913003816,-0.10071617783820838,0.0006495546516885158,0.1410556373707355,0.31843823980136055,0.937390204022926,0.00016853820258828212,-0.09902518334495591,-0.9375703473019947,0.3334004452959195,0.00027630139735468096,0.0,0.0,0.0,1.0
1544581126874306000,0.9849253685157872,-0.140055962790447,-0.1015201740585636,0.13146645953772745,0.14195121084955797,0.31902465362502946,0.9370555608488609,0.06039669991174421,-0.09885278039784372,-0.9373407052221046,0.33409658804205944,0.0019672511850465342,0.0,0.0,0.0,1.0
1544581126901587000,0.9849253685157872,-0.140055962790447,-0.1015201740585636,0.13146645953772745,0.14195121084955797,0.31902465362502946,0.9370555608488609,0.06039669991174421,-0.09885278039784372,-0.9373407052221046,0.33409658804205944,0.0019672511850465342,0.0,0.0,0.0,1.0
1544581126975123000,0.9846545780286154,-0.14154963362825726,-0.10207381244468568,0.4671118199737699,0.14297923268769727,0.3189727282921515,0.9369169320841084,0.21350448097873667,-0.10006148603395382,-0.9371339817899907,0.33431661518253875,0.0058654887231022,0.0,0.0,0.0,1.0
1544581127002446000,0.9847972155496738,-0.14094650622490035,-0.10153091464476827,0.5579217795080025,0.14230663396764165,0.31943020735324945,0.9368634716750671,0.2546109609480307,-0.09961559202458824,-0.9370690609625584,0.3346316016342977,0.006795994184642212,0.0,0.0,0.0,1.0
1544581127076008000,0.9845567550574867,-0.14139585422527018,-0.10322406927932144,0.9046393676590091,0.14409110041674447,0.31962853607243713,0.9365230129093893,0.4108437588866355,-0.09942711326075769,-0.9369337283586784,0.3350663185289391,0.009543575642842934,0.0,0.0,0.0,1.0
1544581127103314000,0.9851283804742996,-0.13827385488496716,-0.10199223028903612,1.0015597213259402,0.14201996917387885,0.32118877502817117,0.9363055586461918,0.4544168996739354,-0.09670781943530364,-0.936866112019829,0.3360498263783438,0.010039165121961197,0.0,0.0,0.0,1.0
1544581127176865000,0.9806878547246981,-0.16049794168833714,-0.1117664632583498,1.3660284827465723,0.15755613234803592,0.30973974222189504,0.9376765739037285,0.5981104707945134,-0.11587664456222709,-0.9371775193644558,0.3290454382648094,0.022919058858273274,0.0,0.0,0.0,1.0
1544581127204162000,0.9862420132800116,-0.13214445611279274,-0.09932036024927994,1.4422245225731951,0.1375639055666455,0.32290034301583964,0.9363821550870699,0.6522658061030762,-0.09166713220475461,-0.9371623184907236,0.3366361918666028,0.010893689154824606,0.0,0.0,0.0,1.0
1544581127277721000,0.986169375136009,-0.13313906561156844,-0.09871146211020332,1.7573781027490745,0.13719759501904036,0.32161436446508085,0.9368783381478636,0.7930039458068852,-0.09298808238073455,-0.9374637005120786,0.33543259644428625,0.010341386231569478,0.0,0.0,0.0,1.0
1544581127305017000,0.9866085816947611,-0.13074802755588594,-0.0975113317337949,1.8644990028063302,0.1353365403303351,0.32255135336101254,0.9368269025259655,0.8406083536889213,-0.09103585764778915,-0.9374783078744956,0.33592691896766286,0.00999705917825309,0.0,0.0,0.0,1.0
1544581127378558000,0.9867272199727024,-0.12960853779716439,-0.09783159149799933,2.1854034023579434,0.13515463346563633,0.32152526914101015,0.9372058078973702,0.9822534971181678,-0.09001454558970164,-0.9379888742591111,0.3347749293904775,0.008392049254120239,0.0,0.0,0.0,1.0
1544581127405899000,0.9874205331879561,-0.12611806044320648,-0.0953673186623952,2.297176432854004,0.13179299536439285,0.32324533560445884,0.9370928766044699,1.0309455634451328,-0.08735729512577767,-0.9378734924498093,0.33580055858843133,0.007834076404540107,0.0,0.0,0.0,1.0
1544581127479416000,0.9881523934342931,-0.12211968444463443,-0.09296036801360921,2.6226267035132813,0.12822755516134796,0.32408152022091585,0.937298704975441,1.1712428285823926,-0.08433588469581844,-0.9381140394016293,0.33590103844753655,0.006485287516300936,0.0,0.0,0.0,1.0
1544581127506752000,0.9888556842036663,-0.11793748911424297,-0.09085804576114337,2.7387378506826043,0.12498103029702724,0.3260006878768518,0.9370716587165085,1.2208491999330189,-0.08089609313186513,-0.937984168397976,0.33710758216147124,0.006053704637786156,0.0,0.0,0.0,1.0
1544581127580273000,0.9901166225141719,-0.1082492962751133,-0.08916929783889839,3.203726165166193,0.12027038630042686,0.32832670854379575,0.9368759825270079,1.4187117248414098,-0.07213950374299787,-0.9383409094315037,0.33810091642433693,0.0031363207282954267,0.0,0.0,0.0,1.0
1544581127607626000,0.9901166225141719,-0.1082492962751133,-0.08916929783889839,3.203726165166193,0.12027038630042686,0.32832670854379575,0.9368759825270079,1.4187117248414098,-0.07213950374299787,-0.9383409094315037,0.33810091642433693,0.0031363207282954267,0.0,0.0,0.0,1.0
1544581127681176000,0.9906757385857536,-0.10003090088402254,-0.09249540445834431,3.673107382306524,0.12073671412396786,0.3300587258957175,0.9362071797004318,1.6169302373624745,-0.06312073225279519,-0.9386453304248765,0.33905857433700987,-0.00018363611933709957,0.0,0.0,0.0,1.0
1544581127708477000,0.9906757385857536,-0.10003090088402254,-0.09249540445834431,3.673107382306524,0.12073671412396786,0.3300587258957175,0.9362071797004318,1.6169302373624745,-0.06312073225279519,-0.9386453304248765,0.33905857433700987,-0.00018363611933709957,0.0,0.0,0.0,1.0
1544581127782031000,0.9913096311363773,-0.09084645565522748,-0.09514271759389809,4.145674194448724,0.12011821431441654,0.3302125322493126,0.9362325021784973,1.8152318906590412,-0.05363608679037985,-0.9395246697348492,0.3382551775707783,-0.004472733559712379,0.0,0.0,0.0,1.0
1544581127809357000,0.9913096311363773,-0.09084645565522748,-0.09514271759389809,4.145674194448724,0.12011821431441654,0.3302125322493126,0.9362325021784973,1.8152318906590412,-0.05363608679037985,-0.9395246697348492,0.3382551775707783,-0.004472733559712379,0.0,0.0,0.0,1.0
1544581127869724797,0.9915813579191802,-0.08852188164145515,-0.09450019628455049,4.487032365804895,0.1186429731813575,0.3287869571453529,0.9369220787908584,1.9583021641936367,-0.05186767337995466,-0.9402462514053203,0.3365215166618568,-0.009071721480654223,0.0,0.0,0.0,1.0
1544581127882897000,0.9915813579191802,-0.08852188164145515,-0.09450019628455049,4.487032365804895,0.1186429731813575,0.3287869571453529,0.9369220787908584,1.9583021641936367,-0.05186767337995466,-0.9402462514053203,0.3365215166618568,-0.009071721480654223,0.0,0.0,0.0,1.0
1544581127883089457,0.9915813579191802,-0.08852188164145515,-0.09450019628455049,4.487032365804895,0.1186429731813575,0.3287869571453529,0.9369220787908584,1.9583021641936367,-0.05186767337995466,-0.9402462514053203,0.3365215166618568,-0.009071721480654223,0.0,0.0,0.0,1.0
1544581127910188000,0.9915813579191802,-0.08852188164145515,-0.09450019628455049,4.487032365804895,0.1186429731813575,0.3287869571453529,0.9369220787908584,1.9583021641936367,-0.05186767337995466,-0.9402462514053203,0.3365215166618568,-0.009071721480654223,0.0,0.0,0.0,1.0
1544581127983702000,0.99149219656562,-0.08999443811968945,-0.09404374119001867,4.976689761548063,0.11837587643332428,0.32294151533410237,0.9389866503589678,2.163356353060327,-0.05413294771335201,-0.9421304467966382,0.3308471628873835,-0.018648805800881366,0.0,0.0,0.0,1.0
1544581128011042000,0.991605434912195,-0.09027044691532488,-0.09257379686667196,5.063400157711597,0.11701801044640489,0.3219551600998311,0.9394954284701185,2.199674589920566,-0.05500406061164378,-0.9424415744749353,0.3298157546531577,-0.020758279651248157,0.0,0.0,0.0,1.0
1544581128084597000,0.9911692369857769,-0.09623215125257421,-0.09123002092699649,5.541176449067485,0.11724558222117125,0.3146144805994412,0.9419507428983528,2.398721069741729,-0.06194366071404643,-0.9443289160363778,0.3231189892824296,-0.03268885907092101,0.0,0.0,0.0,1.0
1544581128111879000,0.9911692369857769,-0.09623215125257421,-0.09123002092699649,5.541176449067485,0.11724558222117125,0.3146144805994412,0.9419507428983528,2.398721069741729,-0.06194366071404643,-0.9443289160363778,0.3231189892824296,-0.03268885907092101,0.0,0.0,0.0,1.0
1544581128185428000,0.989059205795147,-0.1080209855375961,-0.10046568625839859,6.003025528535468,0.12936514265628438,0.30780560259569845,0.9426135851324295,2.540655824278464,-0.07089814734817514,-0.945297401717673,0.3184121150465409,-0.03656651909691858,0.0,0.0,0.0,1.0
1544581128212762000,0.9911483718673518,-0.09966755859156681,-0.08769995843274708,6.022612091728732,0.11460472884137345,0.3088971368977902,0.9441654065594343,2.597375685028565,-0.0670123949124623,-0.9458588354404365,0.317585267837399,-0.044383221800969236,0.0,0.0,0.0,1.0
1544581128286274000,0.990536320173524,-0.10401410828007247,-0.08954810827593165,6.376158356582289,0.11749799982425405,0.30542531809692897,0.9449389372349335,2.7430796714549235,-0.07093672148045585,-0.9465180612878379,0.3147563203519745,-0.051923986006413854,0.0,0.0,0.0,1.0
1544581128313615000,0.9907160763362433,-0.10351272482909513,-0.08812929074598087,6.475191733311055,0.11597552960628485,0.3052926193781283,0.9451698752530016,2.7839795931117823,-0.07093188719803574,-0.9466158314499566,0.3144632490877601,-0.05390633836223189,0.0,0.0,0.0,1.0
1544581128387158000,0.99063358297284,-0.10417636591855774,-0.08827450974321108,6.785999646037537,0.11623661343842982,0.30413102101366946,0.9455122271835226,2.912661788205426,-0.07165301098185783,-0.9469168954249275,0.313391511014657,-0.06018536898369029,0.0,0.0,0.0,1.0
1544581128414479000,0.9907743816191867,-0.10301520908540344,-0.08805675115639094,6.8899220807351025,0.11565475686919507,0.3040323821871178,0.9456152958762626,2.955826270419934,-0.07064065359731364,-0.9470755921671257,0.3131416944142514,-0.062341808377275834,0.0,0.0,0.0,1.0
1544581128488009000,0.9906959553732916,-0.10104326873949401,-0.09116897416036142,7.2072754276015285,0.11805208145962935,0.3047233261645582,0.9450965033023109,3.0880320834131756,-0.06771432691877535,-0.9470659704232034,0.3138165349313051,-0.0686289093386444,0.0,0.0,0.0,1.0
1544581128515319000,0.9909198029953161,-0.09913255960458583,-0.09083325193991007,7.316344466945103,0.11718530068838373,0.30554339374911066,0.9449395958678263,3.1333569367397542,-0.06592078074711305,-0.947003680120895,0.3143858783456609,-0.07068337186097934,0.0,0.0,0.0,1.0
1544581128588874000,0.9908776616945587,-0.09552985637713572,-0.09505527915530564,7.639905496551729,0.1201886162651465,0.3073687710223392,0.943969880409582,3.2680880258031673,-0.060960282766717326,-0.9467832302807112,0.31604645035852436,-0.07735505397715628,0.0,0.0,0.0,1.0
1544581128616198000,0.9910347613085759,-0.09297318240051482,-0.09594836753371018,7.753308102753269,0.12027266086958328,0.30811433493233964,0.9437160821224521,3.315402197106391,-0.05817721998697796,-0.9467954076586567,0.3165341484122453,-0.0798642068873774,0.0,0.0,0.0,1.0
1544581128689717000,0.9906436088580574,-0.08913362307502908,-0.10334620199217566,8.080806667825401,0.12625091301623442,0.31096934740520965,0.9419972250155193,3.4514841047552944,-0.051826124601943635,-0.9462310828819217,0.31931299785140216,-0.08688998492383253,0.0,0.0,0.0,1.0
1544581128717035000,0.9906067094120169,-0.08725219914895707,-0.1052872309996317,8.1987407473735,0.12756054351585097,0.312264358992893,0.9413922019226055,3.5002602217699677,-0.049261090181190174,-0.9459799278242758,0.32046110707500003,-0.08920425003782846,0.0,0.0,0.0,1.0
1544581128790588000,0.9895647717811079,-0.08597918042069759,-0.11562501020107555,8.531138362834454,0.13707263279702242,0.3143776861844403,0.9393496493677967,3.638279048703501,-0.0444145898090456,-0.9453963459647459,0.32288247590817204,-0.09691475600446574,0.0,0.0,0.0,1.0
1544581128817878000,0.9895639256499061,-0.0852035060945589,-0.11620498957253288,8.653568853347823,0.13737496181645845,0.31444768919149635,0.9392820506259298,3.6892266399800766,-0.04348973348141098,-0.9454432893152918,0.32287091812424706,-0.09987275736643068,0.0,0.0,0.0,1.0
1544581128869406977,0.9887686384397173,-0.08738319411104052,-0.12124667840824367,8.991757340944368,0.14305544557603442,0.3185224785779782,0.9370584667626577,3.829117618187346,-0.04326336936857485,-0.9438790219236238,0.3274456792254008,-0.10533064810425725,0.0,0.0,0.0,1.0
1544581128891448000,0.9887686384397173,-0.08738319411104052,-0.12124667840824367,8.991757340944368,0.14305544557603442,0.3185224785779782,0.9370584667626577,3.829117618187346,-0.04326336936857485,-0.9438790219236238,0.3274456792254008,-0.10533064810425725,0.0,0.0,0.0,1.0
1544581128893099759,0.9887686384397173,-0.08738319411104052,-0.12124667840824367,8.991757340944368,0.14305544557603442,0.3185224785779782,0.9370584667626577,3.829117618187346,-0.04326336936857485,-0.9438790219236238,0.3274456792254008,-0.10533064810425725,0.0,0.0,0.0,1.0
1544581128918737000,0.9887686384397173,-0.08738319411104052,-0.12124667840824367,8.991757340944368,0.14305544557603442,0.3185224785779782,0.9370584667626577,3.829117618187346,-0.04326336936857485,-0.9438790219236238,0.3274456792254008,-0.10533064810425725,0.0,0.0,0.0,1.0
1544581128992299000,0.984145188858281,-0.09550667036057557,-0.14945475289782914,9.48462811538883,0.1726597138670261,0.32308174346398416,0.9304874046689845,4.0388826057339084,-0.04058165169717895,-0.9415395174696104,0.3344494978148726,-0.08632566424444245,0.0,0.0,0.0,1.0
1544581129019599000,0.98650180386033,-0.08425679618471855,-0.140410054045321,9.615868821413416,0.16064001835718636,0.3316257983965278,0.929633860366576,4.081444275037459,-0.031764374423642404,-0.9396409538406415,0.3406844616106268,-0.10475467098133061,0.0,0.0,0.0,1.0
1544581129093181000,0.9834914878370735,-0.08323291810776498,-0.16067599290278323,9.95589374176732,0.17948967272041763,0.33596305917208286,0.9246146658248758,4.216981795383228,-0.022977178650709768,-0.9381903347482311,0.3453562581541743,-0.10580732162884163,0.0,0.0,0.0,1.0
1544581129120456000,0.9828259515030188,-0.0826217828700066,-0.16500542429741943,10.038923333890933,0.18335607639649462,0.3363191090127379,0.9237261532301452,4.2503087958122645,-0.0208254243815516,-0.9381167826599481,0.3456923542560192,-0.10736170909230937,0.0,0.0,0.0,1.0
1544581129193996000,0.9787806264751678,-0.08567982108866151,-0.18613826445709813,10.371662471873925,0.20416113767965297,0.33012426634930386,0.9215943785791431,4.387244850014968,-0.017513283479546008,-0.9400409230589633,0.34061172598168,-0.11997227293358431,0.0,0.0,0.0,1.0
1544581129221329000,0.9784845622021581,-0.08341097769168837,-0.1887076318874778,10.45593574768015,0.20576747993639027,0.3276268728193571,0.922128177862074,4.422724166399018,-0.015089921560089717,-0.9411180802678918,0.33774110389495754,-0.12459769631956823,0.0,0.0,0.0,1.0
1544581129294878000,0.9765640147947673,-0.08253905871248653,-0.19877129771371194,10.785832100051929,0.21475712411760503,0.31268971006535223,0.9252591652396532,4.5633722519342745,-0.01421628111256796,-0.9462623573862058,0.3230873695229,-0.14512091049613643,0.0,0.0,0.0,1.0
1544581129322188000,0.9770621872688429,-0.08229096418358328,-0.19641201445728526,10.87384172103722,0.21239000567602542,0.3094694489995529,0.9268868030265865,4.601080658441974,-0.015490890819108736,-0.9473419959812001,0.31984867508242454,-0.15031879239253254,0.0,0.0,0.0,1.0
1544581129395760000,0.970032879700201,-0.08628851761905865,-0.22713543102663009,11.30888656619474,0.24264641410530866,0.2955257570575529,0.9240060847404579,4.67526035548123,-0.012606745114506174,-0.9514298810961672,0.3076073005228467,-0.09621798875886764,0.0,0.0,0.0,1.0
1544581129423041000,0.979380025155985,-0.08894522742211004,-0.18139325468248058,11.340336753980475,0.19983422942678572,0.2945894965414462,0.9344962863900835,4.7955052070354265,-0.02968243714515705,-0.9514755777455768,0.3062893695165358,-0.16644916702820048,0.0,0.0,0.0,1.0
1544581129496586000,0.9808619794242781,-0.09609085611109582,-0.16934085358156303,11.69052943583563,0.1904631331965051,0.2929897557376794,0.9369529326096067,4.934320901948934,-0.04041747410298702,-0.9512746976581534,0.30568427729035186,-0.1625375848189754,0.0,0.0,0.0,1.0
1544581129523916000,0.982157559960401,-0.09667210607615863,-0.16131035713630654,11.79101059250861,0.18307010841580632,0.2952025313168938,0.937731731844836,4.973288671039995,-0.04303327569761405,-0.9505314142156992,0.30763317079248126,-0.15916386977803162,0.0,0.0,0.0,1.0
1544581129597455000,0.9860073879129481,-0.09463497058972375,-0.13723575817759032,12.238532242815731,0.16011964278125904,0.3086013171158174,0.9376176870505271,5.151094234275703,-0.04638028650944007,-0.9464721070458798,0.3194360962813054,-0.14060569411157647,0.0,0.0,0.0,1.0
1544581129624786000,0.9860073879129481,-0.09463497058972375,-0.13723575817759032,12.238532242815731,0.16011964278125904,0.3086013171158174,0.9376176870505271,5.151094234275703,-0.04638028650944007,-0.9464721070458798,0.3194360962813054,-0.14060569411157647,0.0,0.0,0.0,1.0
1544581129698289000,0.9872373032886478,-0.0898545012298968,-0.13148640843865658,12.649642753240666,0.15337304130561932,0.31410275922421305,0.9369184419405969,5.307097663510897,-0.04288609560260111,-0.9451273063754222,0.323875219100665,-0.1139683743414876,0.0,0.0,0.0,1.0
1544581129725648000,0.9901720423525375,-0.08240441159443006,-0.11299928979066584,12.695761852952204,0.13376424863164582,0.3221763734305603,0.9371816847288148,5.3543440034504055,-0.040822203902169514,-0.943086367918077,0.33003280187833467,-0.12904798075056317,0.0,0.0,0.0,1.0
1544581129799149000,0.9930991268222077,-0.07452029382238076,-0.090558545226856,13.16084448103244,0.10997116809473696,0.3234212798828498,0.9398430815337274,5.592282170166865,-0.040748821981227,-0.9433161726205925,0.32938447440578955,-0.1306844817135219,0.0,0.0,0.0,1.0
1544581129826507000,0.9930991268222077,-0.07452029382238076,-0.090558545226856,13.16084448103244,0.10997116809473696,0.3234212798828498,0.9398430815337274,5.592282170166865,-0.040748821981227,-0.9433161726205925,0.32938447440578955,-0.1306844817135219,0.0,0.0,0.0,1.0
1544581129870631812,0.9947215512906559,-0.06916008410957598,-0.07580183483186478,13.492439087147908,0.0941266703373912,0.32087401429729273,0.9424330410591152,5.764506126499133,-0.040855909353692224,-0.9445934309080787,0.32569010570815277,-0.13768047243571327,0.0,0.0,0.0,1.0
1544581129900017000,0.9947215512906559,-0.06916008410957598,-0.07580183483186478,13.492439087147908,0.0941266703373912,0.32087401429729273,0.9424330410591152,5.764506126499133,-0.040855909353692224,-0.9445934309080787,0.32569010570815277,-0.13768047243571327,0.0,0.0,0.0,1.0
1544581129903015727,0.9947215512906559,-0.06916008410957598,-0.07580183483186478,13.492439087147908,0.0941266703373912,0.32087401429729273,0.9424330410591152,5.764506126499133,-0.040855909353692224,-0.9445934309080787,0.32569010570815277,-0.13768047243571327,0.0,0.0,0.0,1.0
1544581129927323000,0.9947215512906559,-0.06916008410957598,-0.07580183483186478,13.492439087147908,0.0941266703373912,0.32087401429729273,0.9424330410591152,5.764506126499133,-0.040855909353692224,-0.9445934309080787,0.32569010570815277,-0.13768047243571327,0.0,0.0,0.0,1.0
1544581130000855000,0.9945564129223746,-0.08047513582317949,-0.06619134406575673,14.063653407914975,0.08804997996034397,0.3093762713235515,0.9468545420342661,6.0653813062284145,-0.05572021665404404,-0.9475284034033884,0.3147779887473859,-0.11145748771780344,0.0,0.0,0.0,1.0
1544581130028196000,0.9951526103462831,-0.07728521166797994,-0.06081347036988343,14.103225927382072,0.08196094842642247,0.31005039291902786,0.9471806357732373,6.054198022089713,-0.05434781554059505,-0.9475736118678012,0.3148818270999076,-0.1475190666269141,0.0,0.0,0.0,1.0
1544581130101724000,0.9944646871343674,-0.0868540321839144,-0.059130052732525404,14.566958164273979,0.08294767066480072,0.3035183963548379,0.9492082316359617,6.2447261450939875,-0.0644955035179941,-0.9488587672396689,0.3090426667280406,-0.14472672396778238,0.0,0.0,0.0,1.0
1544581130129029000,0.9944646871343674,-0.0868540321839144,-0.059130052732525404,14.566958164273979,0.08294767066480072,0.3035183963548379,0.9492082316359617,6.2447261450939875,-0.0644955035179941,-0.9488587672396689,0.3090426667280406,-0.14472672396778238,0.0,0.0,0.0,1.0
1544581130202579000,0.9920950415339925,-0.09623411500784164,-0.08053833666231498,14.945765377104005,0.10596610794317537,0.2986586644166279,0.9484588478875866,6.4261859620859125,-0.06722062578591609,-0.9494956541646353,0.3064953346976391,-0.1244818498289796,0.0,0.0,0.0,1.0
1544581130229891000,0.9945664763704543,-0.08603519618664969,-0.0586128748415441,15.036962019617627,0.08225376184605006,0.3043242431349468,0.9490105761805349,6.423298383530054,-0.06381099233078259,-0.9486752342384949,0.30974740870634554,-0.13377687652663295,0.0,0.0,0.0,1.0
1544581130303472000,0.99438123682087,-0.08199097481623417,-0.06695846404515404,15.381550081793629,0.08900053811823602,0.30507010843465354,0.94816197622259,6.555540976181531,-0.057313698827305415,-0.9487938179543285,0.31065323262181305,-0.12690397728346817,0.0,0.0,0.0,1.0
1544581130330760000,0.9945021150245901,-0.08008603119063055,-0.06746681272864266,15.468662481189883,0.08886621508690958,0.30465000967812583,0.9483096368904221,6.589729145597016,-0.055392590007649324,-0.9490914598768931,0.31009202144040243,-0.12587598221427504,0.0,0.0,0.0,1.0
1544581130404312000,0.9942999967926416,-0.07670872788419981,-0.07404922311916536,15.819991516785148,0.09391302680979477,0.3013106149311012,0.9488900129758254,6.730833843173736,-0.0504763288441921,-0.9504355235344616,0.3067970922779167,-0.12561418502494673,0.0,0.0,0.0,1.0
1544581130431607000,0.994508107909668,-0.07455159851768758,-0.07345530927303749,15.912003353191023,0.09261174840039017,0.2999368732855245,0.9494529667666124,6.768623846302551,-0.048751280600236875,-0.9510414981493498,0.30519400622829684,-0.12644163087953694,0.0,0.0,0.0,1.0
1544581130505146000,0.9945411683806474,-0.07242194657615897,-0.0751194119398216,16.40495633438171,0.0931049330494394,0.290889912854282,0.9522155901062975,6.975285724211639,-0.047109827402825315,-0.9540115933539514,0.2960448342875262,-0.13575723843447396,0.0,0.0,0.0,1.0
1544581130532485000,0.9945411683806474,-0.07242194657615897,-0.0751194119398216,16.40495633438171,0.0931049330494394,0.290889912854282,0.9522155901062975,6.975285724211639,-0.047109827402825315,-0.9540115933539514,0.2960448342875262,-0.13575723843447396,0.0,0.0,0.0,1.0
1544581130606028000,0.9922374763694229,-0.08803681010906807,-0.08783114797081026,16.928571283285965,0.10908678824632462,0.27708206401218993,0.954633753034557,7.189570951590843,-0.05970647467529838,-0.9568046038081962,0.28453486080493573,-0.13524532959190752,0.0,0.0,0.0,1.0
1544581130633354000,0.9947860390471921,-0.07077834388060439,-0.07342453645972964,16.90442774553374,0.09053351966433278,0.28142525645984406,0.9553028351489897,7.187793741687605,-0.046951233572667186,-0.9569693051838335,0.2863657287490507,-0.14737859023156522,0.0,0.0,0.0,1.0
1544581130706905000,0.9941836575046689,-0.07574946032928505,-0.07655634794370739,17.36072609810436,0.09468187758639957,0.275990578540398,0.9564855161546614,7.380866556858447,-0.0513244309015694,-0.9581707675653426,0.28155742394025496,-0.15360518744028306,0.0,0.0,0.0,1.0
1544581130734216000,0.9941836575046689,-0.07574946032928505,-0.07655634794370739,17.36072609810436,0.09468187758639957,0.275990578540398,0.9564855161546614,7.380866556858447,-0.0513244309015694,-0.9581707675653426,0.28155742394025496,-0.15360518744028306,0.0,0.0,0.0,1.0
1544581130807765000,0.9914432799355639,-0.08182541090837529,-0.10170951184769556,17.761513486267283,0.12074812588737685,0.2788096780934134,0.9527250671080981,7.515451806130458,-0.04959952384153571,-0.9568540983510083,0.28630424674386273,-0.1483555411492476,0.0,0.0,0.0,1.0
1544581130835062000,0.9939428054601955,-0.07849987368346278,-0.07691208816307549,17.823114351161873,0.0959219792169654,0.2781243344364412,0.9557435997679419,7.575445731657597,-0.05363462852508974,-0.9573320345762821,0.2839695444885062,-0.15478619749494582,0.0,0.0,0.0,1.0
1544581130869229495,0.9933119574148576,-0.0808507125489275,-0.08242886349456757,18.15580261226454,0.10211595316649331,0.2819802431241147,0.9539703740664921,7.716240115415184,-0.05388587352520042,-0.9560074815439438,0.2883504948260554,-0.1556682088368318,0.0,0.0,0.0,1.0
1544581130908572000,0.9933119574148576,-0.0808507125489275,-0.08242886349456757,18.15580261226454,0.10211595316649331,0.2819802431241147,0.9539703740664921,7.716240115415184,-0.05388587352520042,-0.9560074815439438,0.2883504948260554,-0.1556682088368318,0.0,0.0,0.0,1.0
1544581130913005451,0.9933119574148576,-0.0808507125489275,-0.08242886349456757,18.15580261226454,0.10211595316649331,0.2819802431241147,0.9539703740664921,7.716240115415184,-0.05388587352520042,-0.9560074815439438,0.2883504948260554,-0.1556682088368318,0.0,0.0,0.0,1.0
1544581130935919000,0.9933119574148576,-0.0808507125489275,-0.08242886349456757,18.15580261226454,0.10211595316649331,0.2819802431241147,0.9539703740664921,7.716240115415184,-0.05388587352520042,-0.9560074815439438,0.2883504948260554,-0.1556682088368318,0.0,0.0,0.0,1.0
1544581131009431000,0.9892573655898586,-0.097274233000629,-0.1091218961545607,18.649563576412273,0.1327115026770617,0.28459263788052286,0.9494180783624252,7.902801898350685,-0.061298627092484986,-0.9537005578578336,0.294444772849226,-0.12239990492206848,0.0,0.0,0.0,1.0
1544581131036773000,0.9926633529040625,-0.0863672487906442,-0.08461776490554337,18.795261128978332,0.10634744836014476,0.2906740109527281,0.9508937057231674,7.993307324035869,-0.05752988813270151,-0.9529162175621676,0.29772637484517805,-0.16652265795920415,0.0,0.0,0.0,1.0
1544581131110287000,0.9920719946944846,-0.08808096892328586,-0.08963760514677566,19.151242807671697,0.11197719688382922,0.2957853243052441,0.9486686193311542,8.149492088258821,-0.05704616306951973,-0.951184937243634,0.3033033966836993,-0.17714383140765266,0.0,0.0,0.0,1.0
1544581131137661000,0.9921397538881416,-0.08938649937844659,-0.08757147071767021,19.283329026308344,0.1104443783524452,0.29651058586122486,0.948621901371971,8.207511672826431,-0.05882812291014135,-0.9508372764049071,0.3040521760385388,-0.18159799395855156,0.0,0.0,0.0,1.0
1544581131211146000,0.9913451831634761,-0.09693937324973442,-0.08852957546794127,19.797203761162557,0.11415048318156519,0.3034298902865797,0.9459915268489918,8.433633153333236,-0.06484130634094597,-0.9479098372707301,0.31186943645919807,-0.19783565652011145,0.0,0.0,0.0,1.0
1544581131238516000,0.9913451831634761,-0.09693937324973442,-0.08852957546794127,19.797203761162557,0.11415048318156519,0.3034298902865797,0.9459915268489918,8.433633153333236,-0.06484130634094597,-0.9479098372707301,0.31186943645919807,-0.19783565652011145,0.0,0.0,0.0,1.0
1544581131312020000,0.9865868169598219,-0.11861047533560783,-0.11215171751586009,20.414976312354884,0.1439904170440449,0.30869077019311747,0.9402003872563875,8.710554706728269,-0.07689741478475139,-0.9437380799449818,0.32162901619907036,-0.22457995243014786,0.0,0.0,0.0,1.0
1544581131339333000,0.9897920360530685,-0.1003101191115994,-0.10124033469792397,20.307300085354715,0.12811567109625355,0.3150493506034622,0.9403883673801425,8.65949308317715,-0.06243476744160651,-0.9437593902516418,0.32468463641872536,-0.208931406868976,0.0,0.0,0.0,1.0
1544581131412885000,0.9853789311800172,-0.10815865434335789,-0.1316437141574668,20.810196493987764,0.16009912012667263,0.323498952548619,0.9325860279001656,8.879705031022935,-0.058280646197549406,-0.9400266662124966,0.33608515749467,-0.21997813230367833,0.0,0.0,0.0,1.0
1544581131440215000,0.9853789311800172,-0.10815865434335789,-0.1316437141574668,20.810196493987764,0.16009912012667263,0.323498952548619,0.9325860279001656,8.879705031022935,-0.058280646197549406,-0.9400266662124966,0.33608515749467,-0.21997813230367833,0.0,0.0,0.0,1.0
1544581131513745000,0.9706014740714526,-0.13715144912614308,-0.19779347444476472,21.300561971229634,0.23317535166423264,0.3320278986136645,0.9139949288253467,9.140058280430685,-0.059682777302951566,-0.9332453881722591,0.35424710520851727,-0.15236335093124811,0.0,0.0,0.0,1.0
1544581131541036000,0.9818842864107258,-0.11562229115427529,-0.15011573497786843,21.315722991507776,0.1803548100218406,0.3273750588249635,0.9275223519470212,9.091711503013565,-0.058098111859984744,-0.9377937175347182,0.342297462378438,-0.24103199684176851,0.0,0.0,0.0,1.0
1544581131614603000,0.9758378351283278,-0.13068216828855367,-0.1751076538117944,21.833243465948954,0.20895694502276507,0.323950788256665,0.9227095327970962,9.29005363365264,-0.06385541996433701,-0.9370048333276001,0.34343038255502617,-0.2708266136804599,0.0,0.0,0.0,1.0
1544581131641893000,0.9758378351283278,-0.13068216828855367,-0.1751076538117944,21.833243465948954,0.20895694502276507,0.323950788256665,0.9227095327970962,9.29005363365264,-0.06385541996433701,-0.9370048333276001,0.34343038255502617,-0.2708266136804599,0.0,0.0,0.0,1.0
1544581131715461000,0.9706285212335755,-0.15008091771180443,-0.18803189066409257,22.367161665928638,0.2274359241826007,0.3175797450386669,0.9205520115302445,9.485742557995318,-0.078442170795666,-0.9362792444991814,0.3423857505225744,-0.2995489211739254,0.0,0.0,0.0,1.0
1544581131742773000,0.9706285212335755,-0.15008091771180443,-0.18803189066409257,22.367161665928638,0.2274359241826007,0.3175797450386669,0.9205520115302445,9.485742557995318,-0.078442170795666,-0.9362792444991814,0.3423857505225744,-0.2995489211739254,0.0,0.0,0.0,1.0
1544581131816329000,0.9629456675013393,-0.16697656072390296,-0.2117887381548528,22.763697972013233,0.2544343693125344,0.30203633525009527,0.9187149742445806,9.559898315965462,-0.08943597236537555,-0.9385589381373491,0.3333291563748244,-0.24230487812564955,0.0,0.0,0.0,1.0
1544581131843640000,0.9649973516235526,-0.1648878875555727,-0.203941403096571,22.92633774619686,0.24687737415454758,0.30872417151955867,0.9185537262730552,9.721009252224773,-0.0884967428219389,-0.9367504312553163,0.33862509660816004,-0.3107196039503384,0.0,0.0,0.0,1.0
1544581131870453170,0.9604879297348243,-0.1743635246267188,-0.21693385654034356,23.2936298985993,0.26162687457127554,0.29974595049525604,0.9174441365357124,9.88937136104616,-0.09494374827119682,-0.9379497462238797,0.3335205514249061,-0.30952691531231297,0.0,0.0,0.0,1.0
1544581131917163000,0.9604879297348243,-0.1743635246267188,-0.21693385654034356,23.2936298985993,0.26162687457127554,0.29974595049525604,0.9174441365357124,9.88937136104616,-0.09494374827119682,-0.9379497462238797,0.3335205514249061,-0.30952691531231297,0.0,0.0,0.0,1.0
1544581131922992717,0.9604879297348243,-0.1743635246267188,-0.21693385654034356,23.2936298985993,0.26162687457127554,0.29974595049525604,0.9174441365357124,9.88937136104616,-0.09494374827119682,-0.9379497462238797,0.3335205514249061,-0.30952691531231297,0.0,0.0,0.0,1.0
1544581131944485000,0.9604879297348243,-0.1743635246267188,-0.21693385654034356,23.2936298985993,0.26162687457127554,0.29974595049525604,0.9174441365357124,9.88937136104616,-0.09494374827119682,-0.9379497462238797,0.3335205514249061,-0.30952691531231297,0.0,0.0,0.0,1.0
1544581132018040000,0.9644363947298757,-0.15908476820028458,-0.21107931458839463,23.844471419083263,0.2508004063229993,0.2987003682979168,0.9208025011732451,10.141087910863545,-0.08343618344976288,-0.9409942223549251,0.32797603081016147,-0.30880310334499556,0.0,0.0,0.0,1.0
1544581132045334000,0.9654652348698535,-0.15553147724543673,-0.20901397045068004,23.97486228067135,0.2475009578469466,0.2969865082210313,0.9222484967727077,10.19902786250597,-0.08136434183688163,-0.9421300194349677,0.32522433850639276,-0.3095808755927837,0.0,0.0,0.0,1.0
1544581132118887000,0.9650069804860093,-0.14082305793800934,-0.2212021563327769,24.375779667549825,0.2543508016455373,0.29752082785030254,0.9202103165567869,10.392282917070442,-0.06377458204923075,-0.9442723247814996,0.32292813339222715,-0.36195268943832554,0.0,0.0,0.0,1.0
1544581132146209000,0.9672278846830641,-0.14527075604439182,-0.208246552263952,24.52040477883867,0.24307302079830492,0.2927162012505286,0.9247879389813873,10.434221591698401,-0.07338750337433757,-0.9450998005310068,0.3184346736533756,-0.31428278284382577,0.0,0.0,0.0,1.0
1544581132219768000,0.9659809854386812,-0.1438897151532407,-0.21488714629787187,24.91445835129218,0.24866709094090597,0.28856963953475406,0.9246038292272896,10.597869035208292,-0.07103107526928172,-0.946585079647837,0.31453342164893894,-0.31805391018045104,0.0,0.0,0.0,1.0
1544581132247057000,0.96631095765855,-0.14121119531277868,-0.21518023010341597,25.05752809212469,0.24806675421182525,0.2881540446051226,0.9248946599654028,10.656650148075501,-0.06860042684876044,-0.9471149058567518,0.3134762136751745,-0.3192627105944296,0.0,0.0,0.0,1.0
1544581132320624000,0.9658312952810741,-0.13747996811922758,-0.21970245201550467,25.461295096988874,0.2510051555905357,0.28506718742952375,0.9250584362719954,10.82177685575121,-0.0645470442596669,-0.9485968358670375,0.3098349916655389,-0.3216362953784817,0.0,0.0,0.0,1.0
1544581132347942000,0.9660299043663038,-0.13567815309100895,-0.21994922742272066,25.611360516543552,0.2506768232127476,0.2850443364576214,0.9251545041545198,10.883033950310715,-0.06282797286243794,-0.9488630907708677,0.30937272148453954,-0.32192662251436055,0.0,0.0,0.0,1.0
1544581132421455000,0.964443677358223,-0.13464999370582198,-0.22741541812017863,26.025831146648486,0.2573523169240429,0.2826269899708615,0.9240626437173153,11.053395520492588,-0.060151294064051036,-0.9497322589735654,0.30723030138218504,-0.3214283591879265,0.0,0.0,0.0,1.0
1544581132448785000,0.9644810390368109,-0.13618826947543067,-0.22633842050294956,26.183674726265735,0.25671712731488366,0.28139754961823676,0.9246143712986739,11.118771940950374,-0.06223055424528778,-0.9498779786510144,0.30636446235192744,-0.3209009327393525,0.0,0.0,0.0,1.0
1544581132522320000,0.9622244617086201,-0.14188669012746094,-0.23236233011019208,26.778804682322672,0.26377890488425443,0.27451546869250804,0.9246955968244867,11.368211379034753,-0.06741494365218102,-0.9510570038715899,0.3015722148328119,-0.3177200093679245,0.0,0.0,0.0,1.0
1544581132549644000,0.9622244617086201,-0.14188669012746094,-0.23236233011019208,26.778804682322672,0.26377890488425443,0.27451546869250804,0.9246955968244867,11.368211379034753,-0.06741494365218102,-0.9510570038715899,0.3015722148328119,-0.3177200093679245,0.0,0.0,0.0,1.0
1544581132623178000,0.9596337903274195,-0.14072774293672996,-0.24351322516399862,27.259262054742997,0.27385617071530055,0.27028091213757777,0.9230119318271176,11.57873242689529,-0.06407640925481246,-0.9524410380186336,0.29790985696179656,-0.3449520705264805,0.0,0.0,0.0,1.0
1544581132650517000,0.9583111055340257,-0.15381474145734406,-0.2407921309357353,27.386994015336157,0.2747630988435625,0.2648820833949373,0.9243066165565611,11.627744185768334,-0.07839046194559601,-0.9519340876377779,0.29610205718499943,-0.312497829366349,0.0,0.0,0.0,1.0
1544581132724033000,0.9607181314368035,-0.14707623738596434,-0.2353492135635323,27.834196789248843,0.26741889909209465,0.2638204446118038,0.9267609753400283,11.820470909162106,-0.07421458304778875,-0.953292900110568,0.2927880500666411,-0.30817101417232273,0.0,0.0,0.0,1.0
1544581132751354000,0.9613010395087913,-0.14526758447488844,-0.2340889581764932,27.9506659144774,0.2657012659807656,0.26425572993739005,0.927130921958422,11.870830753280831,-0.07282272101166415,-0.9534496515789845,0.29262708898591344,-0.3067566943209895,0.0,0.0,0.0,1.0
1544581132824895000,0.9616467223002249,-0.1420823690770829,-0.23462348963112228,28.40779776247487,0.2652841390144666,0.26437310549203097,0.9272169037932021,12.06891549906008,-0.06971303376409888,-0.9538969868334537,0.29192572931049326,-0.3008994440206715,0.0,0.0,0.0,1.0
1544581132852218000,0.9616835460382919,-0.14115838086977647,-0.23502993168838668,28.530594478822124,0.26542592485347183,0.26468453083895865,0.9270874702800354,12.122177589043346,-0.06865737902733392,-0.9539478028932086,0.29200985199187135,-0.29931057899092434,0.0,0.0,0.0,1.0
1544581132869530219,0.9608355993485057,-0.14204061021104716,-0.23794834749473842,28.996829815177314,0.26849436982669334,0.26460905320814865,0.9262250387090882,12.3234645085685,-0.06859828274796356,-0.9538377818115397,0.2923829023607066,-0.29463874270193285,0.0,0.0,0.0,1.0
1544581132925748000,0.9608355993485057,-0.14204061021104716,-0.23794834749473842,28.996829815177314,0.26849436982669334,0.26460905320814865,0.9262250387090882,12.3234645085685,-0.06859828274796356,-0.9538377818115397,0.2923829023607066,-0.29463874270193285,0.0,0.0,0.0,1.0
1544581132953080000,0.9606425891813849,-0.1422972757427362,-0.23857347121398184,29.126857689089057,0.26916708747583906,0.26452926374449187,0.92605256203013,12.379643141302328,-0.06866509208226662,-0.9538216573023444,0.292419820105173,-0.2938609555331357,0.0,0.0,0.0,1.0
1544581133026609000,0.9604144123163243,-0.14023743909360134,-0.2407023416827612,29.53913606784264,0.2707095472523304,0.2659563498748552,0.9251937964489817,12.557838132073261,-0.06573049247901469,-0.9537298782347703,0.2933919251117094,-0.2920054246646186,0.0,0.0,0.0,1.0
1544581133053899000,0.9602198002845946,-0.13895666770323586,-0.2422168029725292,29.67546550813366,0.27181877637364443,0.26639925927137004,0.9247410380589786,12.61694285671889,-0.06397255624214594,-0.9537937298810869,0.2935728749175721,-0.29169921986089015,0.0,0.0,0.0,1.0
1544581133127467000,0.9594479762748436,-0.15249971402822027,-0.2370726007859714,30.151203342465532,0.2705132070845253,0.2616406367676077,0.9264808589413404,12.860629221076541,-0.07926023981137999,-0.9530414547191269,0.2922837661791898,-0.2899205886614564,0.0,0.0,0.0,1.0
1544581133154760000,0.9576466441916761,-0.1388864948755013,-0.2522368855057201,30.276925333360825,0.28153708383748566,0.26783683791770885,0.9214121220596803,12.88036457947363,-0.06041337014860352,-0.9534012637895122,0.2955947477744628,-0.291983486538405,0.0,0.0,0.0,1.0
1544581133228325000,0.9571403610879768,-0.14952983247457868,-0.24803862275159613,30.773528269818065,0.2800613953250087,0.2595886417042678,0.9242182382677482,13.162615398733063,-0.0738101891678428,-0.9540726210819884,0.29034029978070636,-0.23895416898109118,0.0,0.0,0.0,1.0
1544581133255616000,0.95324322776947,-0.144622068535814,-0.26535223007178965,30.890094033756792,0.29570316261737645,0.26522247390142195,0.9177236397498366,13.153793865766788,-0.06234571620993849,-0.9532793381952797,0.29558673014910325,-0.29301093337440237,0.0,0.0,0.0,1.0
1544581133329185000,0.9525129912041413,-0.1454431603029714,-0.26751689424862585,31.514326959733207,0.29808348167532805,0.2660041130186065,0.9167268130743733,13.436111502106597,-0.06217105065591031,-0.9529365660831082,0.2967265769729303,-0.29426268054043336,0.0,0.0,0.0,1.0
1544581133356504000,0.9525129912041413,-0.1454431603029714,-0.26751689424862585,31.514326959733207,0.29808348167532805,0.2660041130186065,0.9167268130743733,13.436111502106597,-0.06217105065591031,-0.9529365660831082,0.2967265769729303,-0.29426268054043336,0.0,0.0,0.0,1.0
1544581133430028000,0.9500687405485659,-0.1472678307830562,-0.2751028430404193,31.964413646581246,0.3059867654687662,0.26686617400527196,0.913867903216733,13.639766822371781,-0.061167700548818725,-0.9524151569500767,0.2986032170311124,-0.29516749631092903,0.0,0.0,0.0,1.0
1544581133457364000,0.949073663877257,-0.14831258126361327,-0.27796143396797024,32.12920225642686,0.30904329930415336,0.2667358970895684,0.9128768812709762,13.714186475501425,-0.06124883419142633,-0.9522895250094611,0.2989870245804067,-0.29563227077377996,0.0,0.0,0.0,1.0
1544581133530896000,0.9457670362754389,-0.15037193728543444,-0.2879461643637662,32.58785359863172,0.3191809466898243,0.2653479790146434,0.9097878726950749,13.921857409246057,-0.060400632157009124,-0.952354309335485,0.2989532289927049,-0.2991016216509872,0.0,0.0,0.0,1.0
1544581133558220000,0.9445857101056907,-0.14968754030066733,-0.292149750201624,32.75928860956798,0.32307465781692635,0.26628184848576614,0.9081391647999092,13.999531089127856,-0.05814294231125767,-0.9522014584349985,0.29988627980227917,-0.3009102702443971,0.0,0.0,0.0,1.0
