1544581126870152013,0.9958523012652749,-0.06916265554524464,0.05911616650787406,-1.2580261258118268e-05,-0.01477619345835705,0.5181725723413653,0.8551484370447094,2.1395687853421043e-05,-0.08977671285772579,-0.8524750508672141,0.5150013878402675,0.0006841237536728376,0.0,0.0,0.0,1.0
1544581126874306000,0.9958471147082777,-0.0732582127748873,0.05405329211278931,0.19538014841294055,-0.008401421875752064,0.5172414364217895,0.8557982896446993,0.23336983615494222,-0.09065285565092031,-0.8526983820257638,0.5144779189168175,-0.08287200394160976,0.0,0.0,0.0,1.0
1544581126901587000,0.995968677187268,-0.07128695427840963,0.054447811816043135,0.20938345726405788,-0.00960454332119158,0.5187498050318011,0.85487214981368,0.12502833090780893,-0.08918602362163222,-0.8519488305814941,0.5159738784680692,0.04428298987382325,0.0,0.0,0.0,1.0
1544581126975123000,0.9958866955764736,-0.07210193149717259,0.05487258922403043,0.48054188068868675,-0.009612591233874304,0.5181151818744222,0.8552568365122875,0.22372874347566135,-0.09009599138442881,-0.8522663725535627,0.5152909300102654,0.005349907887968518,0.0,0.0,0.0,1.0
1544581127002446000,0.9958868857996865,-0.07269483916396709,0.05408115245755434,0.572231479194467,-0.00863216956002169,0.5180476323318596,0.8553082112806117,0.26571770308200454,-0.09019310583907723,-0.8522570686091581,0.5152893290810701,0.006144759568329384,0.0,0.0,0.0,1.0
1544581127076008000,0.9958742862061494,-0.0717719083715516,0.055526563391752,0.7511027080506496,-0.010279561201680805,0.5187390201817681,0.8548708437900772,0.229468731442716,-0.09015950695790956,-0.8519146800645979,0.5158610677261294,0.0682641190041706,0.0,0.0,0.0,1.0
1544581127103314000,0.9961511197492471,-0.0706647548902308,0.05185980176032512,1.0527909382580323,-0.007748383735360783,0.5183442708478546,0.8551369360685394,0.48357179930849803,-0.08730927311463398,-0.8522474460480995,0.5158016881832441,0.009217036047633709,0.0,0.0,0.0,1.0
1544581127176865000,0.9958854256840673,-0.07013106944764083,0.05739209011874707,1.0651431289145294,-0.012634907008943196,0.5196758743816683,0.8542700654421425,0.1781604324669887,-0.08973615790161583,-0.8514802514937075,0.5166515298354215,0.17391687099821168,0.0,0.0,0.0,1.0
1544581127204162000,0.9962638655936734,-0.0682600083109137,0.05290445517858603,1.4936809347357947,-0.009987669486630215,0.5174148313824327,0.8556764217411342,0.681609854991535,-0.08578202941510914,-0.8530078918338783,0.5147999416263994,0.010227053890685692,0.0,0.0,0.0,1.0
1544581127277721000,0.9959358749394418,-0.06749670337487942,0.05963160271305518,1.314253473930086,-0.015802305120775764,0.5208687527162857,0.8534904976604327,0.14256415159752567,-0.08866803348148711,-0.8509641223208547,0.5176852734637386,0.2639031966677657,0.0,0.0,0.0,1.0
1544581127305017000,0.9961629594152408,-0.06701851456354053,0.0562838964071297,1.9400296851042067,-0.013736735894471008,0.5154089494920168,0.8568342411869989,0.8801183420466554,-0.0864329819920493,-0.8543196904492084,0.5125106888004699,0.009659127869614753,0.0,0.0,0.0,1.0
1544581127378558000,0.9959958742147966,-0.06723838070402068,0.058917049377951086,1.6329311407717226,-0.015289539519029968,0.5212078893760609,0.8532927786132067,0.1534113447583041,-0.08808205565493413,-0.8507769015508424,0.5180928635477908,0.3658674758669803,0.0,0.0,0.0,1.0
1544581127405899000,0.9959890116229928,-0.06604859412824107,0.060361179080030664,2.390181922889708,-0.017993148291566428,0.5129809785181827,0.8582113739010292,1.0771913862020575,-0.087647791420014,-0.8558551857015351,0.5097349956271209,0.007469603077443342,0.0,0.0,0.0,1.0
1544581127479416000,0.9960314493059468,-0.06565194641689535,0.06009304390000267,1.8989322879622068,-0.017013998856960366,0.522284023681132,0.8526018545900207,0.025969054969119578,-0.08736060803582926,-0.8502406838884604,0.5190943109151649,0.4753601422968175,0.0,0.0,0.0,1.0
1544581127506752000,0.9958017967207994,-0.06529067791361168,0.06415535071374957,2.8424362340512195,-0.02185641163662697,0.511006592399371,0.8592988768727415,1.2703541234038283,-0.08888801335384479,-0.8570935712639342,0.5074342629149532,0.005136883742107487,0.0,0.0,0.0,1.0
1544581127580273000,0.9960804594615308,-0.06519431406084186,0.059778087064078535,2.213102844814186,-0.016918912239957527,0.5229170979905494,0.8522156176917641,0.010815980425423687,-0.08681859643832501,-0.8498867042396121,0.5197644863485802,0.5866593028809809,0.0,0.0,0.0,1.0
1544581127607626000,0.9956953825277666,-0.06336249383765001,0.06764539590802551,3.297875877432848,-0.026041665145198706,0.5091853439219952,0.8602628186847923,1.4626163559046048,-0.08895244172784303,-0.8583213150736217,0.5053434309466598,0.0017457160604043844,0.0,0.0,0.0,1.0
1544581127681176000,0.9961410497823838,-0.0655005547133184,0.05841820153592408,2.555776131468596,-0.015459175311557015,0.5242547120301237,0.8514211712266133,0.05674221648528198,-0.08639457643354019,-0.8490386765315581,0.521219054636734,0.6344813206634526,0.0,0.0,0.0,1.0
1544581127708477000,0.9957544669845695,-0.06154996496937366,0.06844445406708795,3.7563924510781015,-0.027827176523468077,0.5074889931361775,0.8612087842633513,1.654445202033499,-0.08774217758298915,-0.8594571098419624,0.5036216701206366,-0.0018003731185164654,0.0,0.0,0.0,1.0
1544581127782031000,0.9961777118734123,-0.06422139526521506,0.059207928158682366,2.792990569242824,-0.01657654600057929,0.5265177271481496,0.8500025300676676,-0.002086848759913572,-0.0857623722231713,-0.8477350384341409,0.5234406557783979,0.6560261644988886,0.0,0.0,0.0,1.0
1544581127809357000,0.9959922634088706,-0.059081141258620906,0.06714782183553396,4.217449903665622,-0.02823248748112295,0.5046976354936396,0.8628344124904622,1.8461418129456713,-0.08486658871608846,-0.8612721494827884,0.5010069327314586,-0.006083003946650063,0.0,0.0,0.0,1.0
1544581127869724797,0.9960359800468238,-0.05871895917363905,0.06681624267886925,4.487722805661484,-0.028275057604832416,0.5031930448666002,0.8637113410829611,1.958503949484896,-0.08433769957498374,-0.8621768052038101,0.4995380956433166,-0.009471919397917312,0.0,0.0,0.0,1.0
1544581127882897000,0.9963662135555172,-0.06622804289370135,0.053555716963897035,3.354996099359456,-0.010061912162990365,0.5328620255728542,0.8461423164137445,0.014601302183859955,-0.08457615744801279,-0.8436064888541702,0.5302593380172239,0.5968990679247341,0.0,0.0,0.0,1.0
1544581127910188000,0.996035786843809,-0.05875962798841843,0.06678336203794043,4.66435572575031,-0.02836998901236327,0.5017213842623828,0.8645639341872163,2.0321670326736045,-0.0843080959924141,-0.86303126171217,0.4980654437497471,-0.012369711793473327,0.0,0.0,0.0,1.0
1544581127983702000,0.9964143863025394,-0.06640604303278859,0.05242717060892746,3.707507191630781,-0.008851978007586598,0.5344306270142148,0.8451659880724882,0.042462278891583265,-0.08414281463490225,-0.8425996334902619,0.5319265404051565,0.6546682887869436,0.0,0.0,0.0,1.0
1544581128011042000,0.9959184504893416,-0.05985253325188785,0.06755822850134723,5.129825225480963,-0.0291360590089696,0.4952410785381436,0.8682668738318884,2.2261533380686083,-0.08542558188466884,-0.8666913801300389,0.49147586061571447,-0.021860195765594875,0.0,0.0,0.0,1.0
1544581128084597000,0.996503990892852,-0.06734330317619736,0.0494436613929061,4.045462029352067,-0.005494249407735003,0.5377133680232888,0.8431098072448766,0.08979360778621359,-0.08336431705509957,-0.8404339434877514,0.535463516288056,0.6271159513008352,0.0,0.0,0.0,1.0
1544581128111879000,0.9957183665389027,-0.06213861928095799,0.06843775661838586,5.597731221632521,-0.0294264470919245,0.4887704605376393,0.8719160057696903,2.420857235815438,-0.08763001054802663,-0.8701966610483413,0.48484920578636764,-0.03329033178485155,0.0,0.0,0.0,1.0
1544581128185428000,0.9965860092510679,-0.0680378555600891,0.046767257518661,4.461771537765987,-0.002513264865356781,0.5411934187464417,0.8408943851669203,0.07621958742078731,-0.08252278270119655,-0.8381411180203039,0.5391747922695634,0.6392277196435936,0.0,0.0,0.0,1.0
1544581128212762000,0.9955381324605641,-0.0635639628367666,0.0697384359260493,6.069029830674328,-0.030427873929459847,0.4833331943689922,0.8749075195180309,2.6152525193047236,-0.08931949006268794,-0.8731257903930875,0.4792425094306529,-0.04479621769355668,0.0,0.0,0.0,1.0
1544581128286274000,0.9966070137715519,-0.06974783042851312,0.04370011729807118,4.8004120315000085,0.0011804092505919117,0.5429970742023408,0.8397337578314314,0.13047942918735092,-0.0822986435814766,-0.8368329687328346,0.5412370235917311,0.6615456158806289,0.0,0.0,0.0,1.0
1544581128313615000,0.9954679981960115,-0.06369311997776811,0.07061622359713135,6.544111617240647,-0.031436576244664234,0.4804180255995523,0.8764760477919727,2.8110347973616907,-0.08975080078548521,-0.8747237890594536,0.47623847661842933,-0.0550458010593488,0.0,0.0,0.0,1.0
1544581128387158000,0.9966867260728434,-0.06981313983804589,0.04173362644374823,5.15011744146882,0.0031824247608184695,0.5461800428997813,0.8376617652194874,0.10240854135442962,-0.08127387183366273,-0.8347535482068599,0.5445925738689632,0.6949808639560409,0.0,0.0,0.0,1.0
1544581128414479000,0.9955548907905842,-0.06270950607880216,0.07027074263376519,6.9777746246833106,-0.03172494771414477,0.47922382327670643,0.877119179414402,2.9905719510010402,-0.08867912446276781,-0.8754496245081245,0.4751041652449585,-0.06425146890408359,0.0,0.0,0.0,1.0
1544581128488009000,0.9967164536383584,-0.0706466557688142,0.0395646442579205,5.541179855591741,0.005518122600308394,0.5467555953882455,0.8372740705614908,0.15955283163106565,-0.08078280367467523,-0.8343065197757493,0.545350134950139,0.7727777486151801,0.0,0.0,0.0,1.0
1544581128515319000,0.9957700289576953,-0.05932250871594074,0.07016330514758135,7.41845217456317,-0.033106582476573755,0.4806838495920483,0.8762687892068789,3.1736812265504266,-0.08570883050367407,-0.8748850648519598,0.47668660530025125,-0.0730999817259309,0.0,0.0,0.0,1.0
1544581128588874000,0.9968312107871634,-0.0698626611278222,0.038036111535464004,5.915845068522063,0.006721064625229081,0.5504286552719218,0.8348551507572098,0.17339246071900408,-0.07926136821240604,-0.8319540275974846,0.549154014346991,0.8088584044022847,0.0,0.0,0.0,1.0
1544581128616198000,0.9961453747664529,-0.05435102898538204,0.06885025765838701,7.8650680312398835,-0.03423648514379455,0.48174881963969,0.8756403016426112,3.3595754359952696,-0.080760481774162,-0.8746222272638587,0.47803107028686587,-0.0825553088602771,0.0,0.0,0.0,1.0
1544581128689717000,0.9968866381211302,-0.07063343650306325,0.03504209444826666,6.344052896028525,0.009898761917343893,0.5530213926255181,0.8331082485553909,0.2255432649163749,-0.07822432644680986,-0.8301676077433345,0.5519988204748664,0.8585479736908258,0.0,0.0,0.0,1.0
1544581128717035000,0.9965640961605945,-0.05002503639715609,0.06601134733572525,8.314749358719354,-0.03358994809326356,0.48440644863444443,0.8741979798126143,3.5465900717036694,-0.07570810809091842,-0.8734116373479512,0.4810617362818063,-0.09209122783018182,0.0,0.0,0.0,1.0
1544581128790588000,0.9969724101766219,-0.07064782753466868,0.032479190433940444,6.730746267799171,0.012316160292515648,0.5559117063318213,0.8311500989345378,0.2993679468271873,-0.07677451101935777,-0.8282336984377515,0.5550987436752721,0.863296313145212,0.0,0.0,0.0,1.0
1544581128817878000,0.9968449030849121,-0.04743875873941517,0.06363806536106026,8.769261473087399,-0.0326142762774783,0.4861411525358004,0.873271486305411,3.736401380716303,-0.07236399779262716,-0.8725917395783829,0.48306014930135044,-0.10253170127925176,0.0,0.0,0.0,1.0
1544581128869406977,0.9969075942094267,-0.04676263772651348,0.06315460648625465,8.992322044217639,-0.03235363878157671,0.48815174005762074,0.872158885029734,3.829050785055323,-0.0716134810295243,-0.8715050971690174,0.4851292353005098,-0.10628669656560898,0.0,0.0,0.0,1.0
1544581128891448000,0.997126956604444,-0.07064724920873859,0.027327615922324727,7.272566422141092,0.017169195841357447,0.56216736013842,0.8268452563262108,0.32118971837699817,-0.07377703658267024,-0.8240005008337298,0.561765185374492,0.7851366596183852,0.0,0.0,0.0,1.0
1544581128918737000,0.9969224156384296,-0.046570271918671774,0.06306272251540322,9.212287361839053,-0.032116057451789984,0.4912085011994832,0.8704497499586695,3.919475116522625,-0.0715140269554644,-0.8697961934400386,0.48820111206944,-0.10829462844452456,0.0,0.0,0.0,1.0
1544581128992299000,0.9972708992311953,-0.06917806299730103,0.025790485581767747,7.736485102972594,0.01792694233830564,0.5657700163688214,0.8243681903836543,0.3850769252519731,-0.07161967805708794,-0.8216560619735978,0.5654661241286126,0.8402121953537927,0.0,0.0,0.0,1.0
1544581129019599000,0.9974559769904144,-0.04207277682438915,0.057545246687990284,9.675333586406355,-0.02867233973055226,0.5022878275196182,0.8642249911105304,4.105972298096094,-0.06526462212004296,-0.8636763397106031,0.49980367077845916,-0.10745167074786967,0.0,0.0,0.0,1.0
1544581129093181000,0.9974020305334653,-0.06800307314488292,0.023764922271591014,8.17531152740402,0.019387076361127364,0.5711339954222899,0.8206278697090026,0.4189377619045121,-0.06937817205642485,-0.8180351711973147,0.5709685875127346,0.8481592565438617,0.0,0.0,0.0,1.0
1544581129120456000,0.9981944909939494,-0.03911559847436904,0.045582102905857555,10.132318447914171,-0.019254814447277425,0.5104493155328312,0.8596922405097416,4.29180896989513,-0.05689472972015113,-0.8590177333606415,0.5087745311058876,-0.11202968005024093,0.0,0.0,0.0,1.0
1544581129193996000,0.9975159239648094,-0.06778153269917617,0.01917407785474524,8.608812754774572,0.023242116706063635,0.5736583567378526,0.8187648586473707,0.4652766142375568,-0.06649650703345954,-0.8162853383283161,0.5738087320550089,0.7749245213038011,0.0,0.0,0.0,1.0
1544581129221329000,0.9984729545190705,-0.044983737913133245,0.032065907398940725,10.575986689249083,-0.00494946128106338,0.5052754254192808,0.8629439421540622,4.48634950851504,-0.0550205591300416,-0.8617848964740163,0.504281201595193,-0.1322997042172774,0.0,0.0,0.0,1.0
1544581129294878000,0.9980338149977724,-0.060905563257067315,0.014799205564076203,9.197839181539559,0.021061441188682764,0.548270113101095,0.8360360630829103,0.2892373790735131,-0.059033209433707726,-0.8340805689167282,0.5484748715661503,0.7216077359832772,0.0,0.0,0.0,1.0
1544581129322188000,0.9981025026875966,-0.057499547141649225,0.02202716975143053,11.016470164294688,0.008846860208829067,0.4879367104675994,0.8728341764862915,4.688889657994109,-0.060935434627139115,-0.870983104690647,0.48751954232650024,-0.16051910494185656,0.0,0.0,0.0,1.0
1544581129395760000,0.9985083811226921,-0.05329013681470914,0.011881672694017692,9.845695413672418,0.017742317218691264,0.5225056676126115,0.8524511936131081,0.13036620821960868,-0.05163548205884609,-0.8509688529147055,0.5226717788072942,0.6341952406941681,0.0,0.0,0.0,1.0
1544581129423041000,0.9970848514917222,-0.07238709975359459,0.024122742692099856,11.46985971973904,0.013101205028436844,0.47388111751653883,0.8804913655954133,4.8875501144977855,-0.07516752857803094,-0.8776085655065939,0.47344804191899786,-0.17729531971744777,0.0,0.0,0.0,1.0
1544581129496586000,0.9983130799994763,-0.05803250809203413,0.0017950784102475155,10.390213107983207,0.029141507444152448,0.5275730452533833,0.8490096904429024,0.15470936068481397,-0.050217196714204784,-0.8475251677246034,0.5283742264981761,0.48308754311284374,0.0,0.0,0.0,1.0
1544581129523916000,0.9961055357153374,-0.08194501792570763,0.032538834558203125,11.940374405424185,0.010213839903310585,0.4738134743629563,0.8805659935442278,5.074661978094572,-0.08757533437949513,-0.8768043142852687,0.47280519800342813,-0.17220238801832466,0.0,0.0,0.0,1.0
1544581129597455000,0.998449946624834,-0.05565615547369193,0.00031055233266109617,10.698684443658841,0.02949937588240136,0.5339224843000657,0.8450186788357978,0.09887189683075695,-0.04719630184041674,-0.8436996936805976,0.5347366978016868,0.514161900081042,0.0,0.0,0.0,1.0
1544581129624786000,0.9960523338169215,-0.07913822049332916,0.040210575163864455,12.380929430505837,0.0032555049327390208,0.48524731973302915,0.8743708826233563,5.2451129543656325,-0.08870822952518151,-0.8707882525327627,0.4835893601656753,-0.15567792882561898,0.0,0.0,0.0,1.0
1544581129698289000,0.9986890513617641,-0.0511835818504565,0.0006477955658508757,11.186081884284174,0.02721474126840451,0.5416447906933717,0.8401668159195678,0.13522782536262834,-0.04335362208433513,-0.8390477707876289,0.5423276701298583,0.5468269309676783,0.0,0.0,0.0,1.0
1544581129725648000,0.9968433025229277,-0.06618238302315727,0.04385569965875448,12.835928890412875,-0.005373058063136538,0.4948771888528479,0.8689463149125807,5.440083222173924,-0.0792121232024016,-0.8664389534932496,0.492959409492595,-0.14259606610947398,0.0,0.0,0.0,1.0
1544581129799149000,0.9987373875697321,-0.050197009060834165,-0.0019725495508812504,11.790955134160736,0.029333055749957402,0.5508441888453243,0.8340924717653938,0.2964834590715681,-0.04078237990546932,-0.8330971971484981,0.5516211177906113,0.5656419417861579,0.0,0.0,0.0,1.0
1544581129826507000,0.9970491144920466,-0.05529034489415143,0.05325449325748564,13.303962199612982,-0.019008750673226393,0.49429915092194243,0.8690840102059683,5.669894167281716,-0.07437560546623435,-0.8675317441796193,0.4917895303401661,-0.1371620090055719,0.0,0.0,0.0,1.0
1544581129870631812,0.9968753803213959,-0.05262488234513009,0.05890753659109388,13.492064242908713,-0.02554074384652241,0.490953965790888,0.8708110437276075,5.764666015113558,-0.07474721742537388,-0.8695946327067346,0.488075842728158,-0.13762670568736943,0.0,0.0,0.0,1.0
1544581129900017000,0.9986853927906411,-0.05118504275132678,-0.002752748653489774,12.342013114691257,0.03040471050461449,0.5482884550979471,0.8357363959918428,0.5666539701798446,-0.041267902851187345,-0.8347214274264493,0.5491239375490897,0.702939456957462,0.0,0.0,0.0,1.0
1544581129927323000,0.9966181490834599,-0.04959884361612315,0.06551503361368623,13.761080144893587,-0.033297932285472294,0.4851339428011815,0.873805645007912,5.897033735354236,-0.07512331610739234,-0.8730320797394117,0.48184175319590794,-0.13976531837040654,0.0,0.0,0.0,1.0
1544581130000855000,0.998636266134243,-0.05187259966051646,-0.00590265752998311,12.836761348486961,0.03334078628266222,0.5466588473351459,0.8366913986651591,0.7811402568705478,-0.040174618000802596,-0.8357471735128202,0.5476428234112283,0.7973567662645884,0.0,0.0,0.0,1.0
1544581130028196000,0.995454513755269,-0.054036407112562634,0.07842434411978913,14.22565506579627,-0.043637529733800355,0.4731408069922326,0.879905416938361,6.108640800221825,-0.0846526847949046,-0.8793280636173868,0.4686321366401474,-0.14243293462245682,0.0,0.0,0.0,1.0
1544581130101724000,0.9986063644160779,-0.05192394530603869,-0.009446314178250878,13.2535555833117,0.03641857495873565,0.5484232621096347,0.8354074532675654,0.8994791547482642,-0.038197072475173365,-0.8345872210146044,0.5495499560307905,0.8143503368907222,0.0,0.0,0.0,1.0
1544581130129029000,0.9942778112811557,-0.06108566915528829,0.0876366077492843,14.68639156519969,-0.04937878923386491,0.46466200773894134,0.8841102610748365,6.294773527246299,-0.09472786901302523,-0.883378604895921,0.4589867876577534,-0.13978877282916108,0.0,0.0,0.0,1.0
1544581130202579000,0.9986068599206386,-0.05124213542936709,-0.01259296931140637,13.718826822335895,0.03881573596125339,0.5516925721586206,0.8331438318002403,0.9603483022826608,-0.03574462143072669,-0.8324719511080468,0.5529129883237786,0.8921092281762506,0.0,0.0,0.0,1.0
1544581130229891000,0.9939676489970328,-0.06207205857988965,0.09041776535040748,15.150522211014833,-0.05151984078039739,0.4635357400690497,0.8845791788667663,6.468277074529073,-0.0968195163862602,-0.8839013956444993,0.4575415872075852,-0.13111284585775118,0.0,0.0,0.0,1.0
1544581130303472000,0.9984687537304386,-0.05243048927679271,-0.01764062408697163,14.240519931992374,0.043957547230597596,0.5583863389202854,0.8284156146214707,0.9641661141572551,-0.03358395249894558,-0.8279225448684155,0.5598360276305474,0.9337558752929241,0.0,0.0,0.0,1.0
1544581130330760000,0.9945907703386877,-0.057008064672860556,0.08682902809168308,15.623648796803831,-0.050478522499608644,0.46530559429770746,0.8837095805079361,6.648948772786303,-0.09078060543611556,-0.8833123934812127,0.45991096660021097,-0.12427777137846022,0.0,0.0,0.0,1.0
1544581130404312000,0.9984565316810905,-0.05129682065084974,-0.021288272228491285,14.797837633064987,0.04649350810586164,0.5623383010643711,0.8255991696095901,1.1013062721611304,-0.0303794016953891,-0.8253146499045988,0.5638553188589057,0.9838044323947418,0.0,0.0,0.0,1.0
1544581130431607000,0.9950093180634674,-0.05407648311146008,0.08385815965763556,16.106544434700684,-0.04946484198017444,0.46256240311588587,0.8852057685259043,6.844568423065976,-0.08665844664397002,-0.8849360187030205,0.4575790165941855,-0.12597336879055313,0.0,0.0,0.0,1.0
1544581130505146000,0.9984044129017777,-0.05063743725633977,-0.024989562748482498,15.28858873322935,0.04918248488446804,0.562373145543007,0.8254196074437847,1.1405601433456272,-0.027743674573479392,-0.8253316273596791,0.563966305200041,1.0061030680281795,0.0,0.0,0.0,1.0
1544581130532485000,0.9950140715015893,-0.054848005781677596,0.08329882217417077,16.598379291746856,-0.049271405902398854,0.45583743681568245,0.8886982388627256,7.05325361432653,-0.08671404773294833,-0.8883715030656281,0.45086222559301414,-0.13516898943558817,0.0,0.0,0.0,1.0
1544581130606028000,0.9982853614189282,-0.05089907490845311,-0.028907115908453043,15.809813735559196,0.052481919972767826,0.5595920447348645,0.8271048250043168,1.2297949782225939,-0.025922678346439177,-0.8272037401045259,0.5613038278013345,1.0875389564098175,0.0,0.0,0.0,1.0
1544581130633354000,0.9944292390190815,-0.06139869840508353,0.08567781753808221,17.098388544267863,-0.04933011804723614,0.44723550277880697,0.893054838466056,7.268568383480812,-0.09315056648981425,-0.8923063402712932,0.4417152556503766,-0.14633384846788378,0.0,0.0,0.0,1.0
1544581130706905000,0.9981111284535634,-0.05174481074637724,-0.033115703494983335,16.240962237706018,0.05643115886750619,0.5591503127672011,0.8271435498395721,1.2999265476061161,-0.02428373047981031,-0.8274499394483992,0.5610141692870346,1.1498631410638145,0.0,0.0,0.0,1.0
1544581130734216000,0.9936367661816583,-0.0705233979914414,0.08782042602830512,17.556498969278177,-0.047756521122338955,0.4423560300331655,0.8955671149520782,7.463751010623285,-0.10200633108951494,-0.8940624100302159,0.43617326303731313,-0.15268285418853317,0.0,0.0,0.0,1.0
1544581130807765000,0.9978289618225825,-0.05306006051816964,-0.039012727741961684,16.74670757817403,0.062141075150400855,0.5623296929955759,0.8245749227054228,1.3513991602116657,-0.021813980086459156,-0.8252090319145252,0.5644060629719334,1.1570907195773548,0.0,0.0,0.0,1.0
1544581130835062000,0.9933284166253272,-0.07663829643578153,0.08616976409412185,18.02239997926047,-0.0433151628633516,0.4445573754359601,0.894702484970067,7.659810967082645,-0.10687587843258473,-0.8924658601116964,0.43827187354923103,-0.15450745932394924,0.0,0.0,0.0,1.0
1544581130869229495,0.9934977608070933,-0.07701255725114042,0.08385264036943513,18.156586730480484,-0.0409272034385019,0.44569438588126703,0.8942491142923346,7.716147848603728,-0.10624106216519992,-0.8918663467244186,0.4396444657793956,-0.15482451840859057,0.0,0.0,0.0,1.0
1544581130908572000,0.9976466135866845,-0.05269055646156487,-0.043874134279627656,17.25301417777796,0.06604007115163951,0.5663549392692074,0.8215112852345109,1.4625462790232442,-0.018437554103035516,-0.8224754026869965,0.5685017753477595,1.1698801892087554,0.0,0.0,0.0,1.0
1544581130935919000,0.9937526112902201,-0.07827286870498157,0.07955567596696475,18.481488456608265,-0.03604013245253651,0.4495762794025677,0.8925145813102163,7.853440136051207,-0.10562602144675946,-0.8898058928908246,0.4439466370748764,-0.15696979860621282,0.0,0.0,0.0,1.0
1544581131009431000,0.9974378640752479,-0.05287084209255055,-0.04819109217923698,17.803093754633046,0.06971457601237945,0.5672429881999149,0.8205944614908419,1.5203700197886334,-0.01604946106313672,-0.8218516085002575,0.5694755029016847,1.2525805610325444,0.0,0.0,0.0,1.0
1544581131036773000,0.9940542949171153,-0.08112176547133433,0.07263138387532247,18.976771980777073,-0.02792275094089509,0.4548197527110358,0.8901456692720396,8.066078674825322,-0.10524437627124564,-0.8868811936841887,0.4498503857424044,-0.16582104190258315,0.0,0.0,0.0,1.0
1544581131110287000,0.9970602059258777,-0.05429859319390534,-0.05406115552040635,18.371325717678136,0.07542443205190512,0.5712663888979936,0.8172917887542338,1.6477031281420877,-0.013494473264492232,-0.8189666511480241,0.5736824239060355,1.2699081783267971,0.0,0.0,0.0,1.0
1544581131137661000,0.9945274132532395,-0.07888317602520249,0.06850305707040051,19.49134324404863,-0.024530696751272396,0.46104189885154273,0.8870392395042427,8.28816500457213,-0.10155525197994844,-0.8838652680378055,0.4565837477963368,-0.1803773478726081,0.0,0.0,0.0,1.0
1544581131211146000,0.996634792720128,-0.055659584593523055,-0.060175581281590264,19.01848253622982,0.08130787482709666,0.5781474054669727,0.8118710532115997,1.8575757453128157,-0.010398049374847155,-0.8140316874635091,0.5807273821463139,1.257183816329401,0.0,0.0,0.0,1.0
1544581131238516000,0.9951007104307648,-0.07322052561996246,0.06643290395667552,20.02012613138494,-0.024406865533218147,0.4692146592926182,0.882746797456528,8.516217010746693,-0.0958064768949561,-0.8800433842333275,0.46512875728354025,-0.19568230575327183,0.0,0.0,0.0,1.0
1544581131312020000,0.9961229593187338,-0.05759447108509744,-0.06649757001959368,19.659745454385725,0.08761689315957787,0.5816851374813242,0.8086814458526906,2.0564032972860162,-0.007894931991198265,-0.8113724654767157,0.5844761691592676,1.3900637116449404,0.0,0.0,0.0,1.0
1544581131339333000,0.9961683767328564,-0.06868354271793922,0.054139968204006,20.545220357129363,-0.01457487239668012,0.48001632804280886,0.8771384713412825,8.74513578378507,-0.08623304640355893,-0.8745666902941187,0.4771760324408069,-0.20574189290807246,0.0,0.0,0.0,1.0
1544581131412885000,0.9958443680597093,-0.05841689659264199,-0.06986745162260041,20.07641380685426,0.0908377797112875,0.5822249092438891,0.8079372827349104,2.143808989437803,-0.006518618018798072,-0.8109263969365109,0.5851118579987038,1.5185734572256027,0.0,0.0,0.0,1.0
1544581131440215000,0.997283776842862,-0.06704507924975305,0.0304963242772293,21.061020065136724,0.006320499628212587,0.4904141955022376,0.871466561684581,8.971167974249587,-0.07338337502784512,-0.8689067120228061,0.48950587950630003,-0.2160101184859661,0.0,0.0,0.0,1.0
1544581131513745000,0.9953599475551342,-0.059279249434499526,-0.07579277927034307,20.56091983130442,0.09614579606693176,0.5814924229349329,0.8078505727966755,2.162970434278014,-0.0038158487517346734,-0.8113892608703549,0.5844937182233525,1.604722298115934,0.0,0.0,0.0,1.0
1544581131541036000,0.9972079918461128,-0.07451031482403433,0.004943074251762888,21.57600129609589,0.032718550129415686,0.49547265190042755,0.8680071126990776,9.19223814453282,-0.0671246413447697,-0.865421899540089,0.4965271576870256,-0.2371633147339848,0.0,0.0,0.0,1.0
1544581131614603000,0.9951460636983865,-0.05448486098023941,-0.08194944679231234,21.087340629797097,0.09837287861297492,0.5732986484150723,0.8134195943538913,2.0875682797462676,0.002662453567419157,-0.8175329104381145,0.5758757259093189,1.4728403505652155,0.0,0.0,0.0,1.0
1544581131641893000,0.995735158969401,-0.0896919037933001,-0.0216068411876907,22.098093974611192,0.06332458466077062,0.49413287335439066,0.8670771017897291,9.401478005027947,-0.06709314547491184,-0.8647474000333648,0.4977051777566866,-0.26940047363238806,0.0,0.0,0.0,1.0
1544581131715461000,0.9941270859785196,-0.056748621384380464,-0.09214624731819167,21.623493797424096,0.10802722653199542,0.5710435522233015,0.8137809163355945,2.104349833063907,0.006438575281661996,-0.8189559545147493,0.5738202587162428,1.449398354941334,0.0,0.0,0.0,1.0
1544581131742773000,0.9922681806721039,-0.11470998908374995,-0.047386454077868984,22.632445152387522,0.09784751946503603,0.48813915049269446,0.8672635312814726,9.606563038615821,-0.07635260676759842,-0.8651946533356948,0.49558903466391974,-0.3018247186784162,0.0,0.0,0.0,1.0
1544581131816329000,0.9935626385089574,-0.057179678427752685,-0.0977945179139059,22.086574976308686,0.11293587201456125,0.5675888945772044,0.8155294817264034,2.095584140766249,0.008875368804995093,-0.8213241328047807,0.570392756529262,1.5350619252333657,0.0,0.0,0.0,1.0
1544581131843640000,0.9881928342320093,-0.13582802023294704,-0.07089196916506749,23.193334199280287,0.12818968709930226,0.4795336520720974,0.8681099473291262,9.844638681600355,-0.08391857061393423,-0.866947648621295,0.4912834701637324,-0.3118278890805817,0.0,0.0,0.0,1.0
1544581131870453170,0.9873117898342102,-0.1404458503361285,-0.07409718468150367,23.293142748913667,0.13320695334041097,0.4785267431154193,0.8679101702970844,9.889426122464386,-0.08643689742308447,-0.8667682038738548,0.49116345906140246,-0.31109020330247444,0.0,0.0,0.0,1.0
1544581131917163000,0.9927569162987031,-0.058561528540722385,-0.10490115593289913,22.726298535959227,0.11948219000965131,0.5725322527026574,0.8111293521293121,2.3302289990500373,0.01255832041243495,-0.817788094184671,0.5753824133549994,1.5777605585806165,0.0,0.0,0.0,1.0
1544581131944485000,0.9836565761203605,-0.1563034628402578,-0.0893810257230847,23.70520545526034,0.15357018157723595,0.4691420456623885,0.8696677183396226,10.077501400735208,-0.09399967864573754,-0.8691806305342117,0.48547820951989606,-0.3060094670912256,0.0,0.0,0.0,1.0
1544581132018040000,0.991368284749003,-0.0627056679117816,-0.11513871288819863,23.513426059290808,0.13007248852064326,0.5804931680435713,0.8038089509235303,2.5324822522871497,0.016433859067798925,-0.8118470798533898,0.5836387985815069,1.659059227548542,0.0,0.0,0.0,1.0
1544581132045334000,0.9841051585415598,-0.15330431911190273,-0.08963717238692374,24.240058034581796,0.1517979070087759,0.46421449306498286,0.8726180721576738,10.318528141953434,-0.09216524485749754,-0.8723546814054773,0.4801071520715997,-0.3028244244055301,0.0,0.0,0.0,1.0
1544581132118887000,0.9905406072211109,-0.06319360411894018,-0.12180260196106431,24.09607861114564,0.13570458855567827,0.5826858951188213,0.8012873468828232,2.712812498668996,0.020336422767052893,-0.8102368271240443,0.585749702416486,1.6495356824422929,0.0,0.0,0.0,1.0
1544581132146209000,0.9836349401627433,-0.1531507233283721,-0.09490606110795677,24.780576175420293,0.15599506779410222,0.46033609041940465,0.8739314748201324,10.552959160996432,-0.09015455238059096,-0.8744344113776461,0.47669342022277006,-0.30565273349556804,0.0,0.0,0.0,1.0
1544581132219768000,0.9894359362408957,-0.06472821477708063,-0.12971810315784982,24.67522859387681,0.14296415805248955,0.5840208920432296,0.7990499653772424,2.8250722095196115,0.024037004543843686,-0.8091537899984167,0.5871050728308815,1.7103346180182226,0.0,0.0,0.0,1.0
1544581132247057000,0.9814555100234107,-0.1595013089241151,-0.10632221920264837,25.329252403798293,0.1687488730821224,0.455796462931384,0.8739413036427298,10.782552422916204,-0.09093349041027873,-0.8756762625712367,0.4742596161292585,-0.3108681331803227,0.0,0.0,0.0,1.0
1544581132320624000,0.9889273109573805,-0.06443120299245972,-0.13368393218162253,25.113962511463935,0.14604343666522274,0.5824670669905282,0.7996270571200443,2.845397684982755,0.02634555464602334,-0.8102966962492181,0.5854273445936713,1.800922207001805,0.0,0.0,0.0,1.0
1544581132347942000,0.9787060841438915,-0.16806792816973196,-0.11784554459315955,25.888857984037113,0.18268976337848478,0.45144726620228237,0.873395566851126,11.013271236117792,-0.0935887344525947,-0.8763267297984326,0.47253847613114314,-0.3145817687136493,0.0,0.0,0.0,1.0
1544581132421455000,0.9871219576078687,-0.06780893344431844,-0.1448868156650147,25.770717848997734,0.15693578283788634,0.5860449908927773,0.7949354871400219,2.9712476497087197,0.03100646502688017,-0.8074362000769029,0.5891395267098523,1.855466872056478,0.0,0.0,0.0,1.0
1544581132448785000,0.9744766867355045,-0.18066671966727904,-0.13324685142116344,26.462008187061674,0.2019511489160537,0.44630683578263824,0.87179466721538,11.250122984104353,-0.09803530211344952,-0.876452933555676,0.471401458208576,-0.3145457727629021,0.0,0.0,0.0,1.0
1544581132522320000,0.9856267327425468,-0.06773510350393444,-0.15476401214932062,26.500553492868356,0.16468573209207432,0.5894774982191027,0.7908191251725295,3.140845004689165,0.03766368739967801,-0.8049398951764404,0.5921597857038245,1.83452970387558,0.0,0.0,0.0,1.0
1544581132549644000,0.969278132444351,-0.19323577364982283,-0.15218356595618734,27.05009133109074,0.22417336092239418,0.43938803771211205,0.8698761156442099,11.495950817449827,-0.10122354576848891,-0.87726739828712,0.4692075294415048,-0.31215411084740696,0.0,0.0,0.0,1.0
1544581132623178000,0.9840349480913557,-0.0704221202015418,-0.16345013282697812,27.041558077643316,0.17290150226913326,0.5959936851007765,0.7841534274828322,3.284889243162046,0.042193500067113,-0.7998951508206033,0.5986547053567441,1.8652888970090098,0.0,0.0,0.0,1.0
1544581132650517000,0.9620364014026027,-0.21021147035609333,-0.17406062193113422,27.651708319099118,0.2506811067390463,0.4284341074799272,0.8681032186738881,11.750404697394282,-0.10791174681382679,-0.8787806058844277,0.46486525103623433,-0.3075285094250639,0.0,0.0,0.0,1.0
1544581132724033000,0.9822841206940691,-0.07403424950027679,-0.172153524893347,27.67706794247919,0.18166544718895736,0.6016718690545497,0.7778101486134267,3.425621129358406,0.04599534248061308,-0.7953049049825711,0.604462187883374,1.9674946522407069,0.0,0.0,0.0,1.0
1544581132751354000,0.9630340891654067,-0.20429626736572495,-0.1755801191643949,28.265312400581657,0.24889142983838755,0.42548135950181026,0.8700681978267528,12.011599562747845,-0.10304561736607047,-0.8816057213158962,0.4606006435999865,-0.30175569065168695,0.0,0.0,0.0,1.0
1544581132824895000,0.9808158020654119,-0.07632495823188451,-0.17937352973523418,28.28281323460448,0.18849284994259344,0.6059645188153091,0.7728372710069369,3.610644902627531,0.049707222204564555,-0.7918216356527732,0.608726284443898,2.1159702609766957,0.0,0.0,0.0,1.0
1544581132852218000,0.9618367394413898,-0.20358972688101087,-0.18281496046348777,28.891420911624344,0.25481906221386935,0.4230603619212286,0.8695327341184595,12.278606770445533,-0.0996861685149758,-0.8829332666060276,0.458793542377407,-0.2943433175476283,0.0,0.0,0.0,1.0
1544581132869530219,0.9614323614103776,-0.20439514585987625,-0.18403923163766872,28.99661599654661,0.25624908173281735,0.42257199788817207,0.8693499380064897,12.323350977358956,-0.09992108157917541,-0.8829810478995099,0.45865046223276545,-0.2931688214166272,0.0,0.0,0.0,1.0
1544581132925748000,0.9790227885425357,-0.0801609944452192,-0.18731949840832135,28.83703736107294,0.19680620549182726,0.610024956048262,0.7675525196872363,3.7849589227566507,0.052741795516454235,-0.7883170478734247,0.613004514696123,2.2371055023677764,0.0,0.0,0.0,1.0
1544581132953080000,0.95922046423746,-0.20868859233636664,-0.19064409882483085,29.507383923130302,0.2638671948879019,0.4192976452712999,0.8686561967383493,12.540454750771374,-0.10134201719946569,-0.8835375238769481,0.45726495541571305,-0.28948679287002044,0.0,0.0,0.0,1.0
1544581133026609000,0.9768424846743183,-0.08418023343473853,-0.19670396140945104,29.41273498684123,0.20625877939531248,0.6149278370746554,0.7611314414166859,3.946331673042904,0.056886519120552495,-0.7840774473797603,0.6180505484608741,2.3424370877115255,0.0,0.0,0.0,1.0
1544581133053899000,0.9578609859478617,-0.2082298450988381,-0.19784504848264425,30.093386070680506,0.2699219476274709,0.41705150470504765,0.8678768257144843,12.790622560915109,-0.09820628181526682,-0.8847080727750641,0.45568317083106175,-0.28854777542195037,0.0,0.0,0.0,1.0
1544581133127467000,0.9746323357109172,-0.08862072558074885,-0.20551928664779479,29.917175689392177,0.21549260962789119,0.619606795821766,0.7547518491313856,4.146180335803843,0.06045449017597777,-0.7798934450096551,0.6229859300566392,2.46769076629289,0.0,0.0,0.0,1.0
1544581133154760000,0.9547621773460441,-0.21163080591813055,-0.20890568851967323,30.692109022578688,0.281126981141034,0.41335882311360833,0.8660843514512091,13.05005029697778,-0.09693711974246924,-0.8856336067136198,0.4541544995653554,-0.2902057406264515,0.0,0.0,0.0,1.0
1544581133228325000,0.972848527315712,-0.09166355733251458,-0.2125171408540833,30.42628401231328,0.22262885032099908,0.6216142503555669,0.7510207179296966,4.32701608873954,0.06326245256386238,-0.7779418461633465,0.6251434604021456,2.648685913833313,0.0,0.0,0.0,1.0
1544581133255616000,0.9498107841166786,-0.21929287113856766,-0.22309215818459507,31.30328179644634,0.29673738487119883,0.40582943218577683,0.8644358833317668,13.320157189460625,-0.09902726288987175,-0.887250307770908,0.450533564304555,-0.29200688367461936,0.0,0.0,0.0,1.0
1544581133329185000,0.9697800011755011,-0.09892759001873395,-0.22302484447506427,31.058133470304256,0.23463477847253428,0.6287400648813722,0.7413720061778117,4.514974518874627,0.06688250930688285,-0.7712971299998818,0.6329513940286104,2.7211519806849336,0.0,0.0,0.0,1.0
1544581133356504000,0.9487544030721323,-0.22114848297151068,-0.22573974202748975,31.926153739065363,0.29955264966038825,0.40181105776202064,0.8653415995672501,13.600143550747115,-0.1006642574734447,-0.8886175906088978,0.4474656242972796,-0.29359774346600764,0.0,0.0,0.0,1.0
1544581133430028000,0.9677752960355973,-0.10115038391601995,-0.23060697347835768,31.64171987098153,0.2411584990014721,0.6358824530048025,0.7331412444542678,4.789563465709733,0.07248140963421174,-0.7651288164709511,0.6397846039591764,2.799784399729262,0.0,0.0,0.0,1.0
1544581133457364000,0.9473546294920447,-0.2211116760502329,-0.23157899881950308,32.5593057038594,0.30463343574048407,0.3997618216527459,0.8645166023725784,13.88607281979352,-0.09857827249924843,-0.8895505115861232,0.44607422199442137,-0.2955612760079814,0.0,0.0,0.0,1.0
1544581133530896000,0.9661803055349707,-0.10378544609061768,-0.2360597347624485,32.07946069873169,0.2464806671454887,0.6407191967145653,0.7271356074935108,4.9489351103463015,0.07578191024156106,-0.760728264323875,0.6446313752362088,2.8887642028535305,0.0,0.0,0.0,1.0
1544581133558220000,0.9457360986857131,-0.2197644217428701,-0.2393466744676967,33.20204011529312,0.3108692676626464,0.39756058382061155,0.8633109987803381,14.179335725585878,-0.0945702387943197,-0.8908699013482463,0.4443054003792309,-0.30193389223450945,0.0,0.0,0.0,1.0
1544581133631754000,0.9645659938460521,-0.10492812899461897,-0.242079596954104,32.577111685201444,0.25134207471933934,0.6444904546448087,0.7221213300737662,5.0934963203810355,0.08024714942943462,-0.7573784665657052,0.6480264295466919,3.040001874722128,0.0,0.0,0.0,1.0
1544581133659066000,0.943522725142079,-0.2201655913337947,-0.24757217035260817,33.85355311343605,0.3181042755401888,0.39316141331975174,0.8626898474883471,14.479447304229762,-0.09259879601546167,-0.8927212417485391,0.4409923440462781,-0.3133176575667467,0.0,0.0,0.0,1.0
1544581133732589000,0.9651225763516539,-0.11601084764992056,-0.2346910646869373,33.32942375288596,0.25320968193872523,0.6413819092137817,0.7242334592559043,5.214296309314939,0.06650766563960915,-0.7584001119203722,0.6483872304806276,2.9998859557014814,0.0,0.0,0.0,1.0
1544581133759938000,0.943572469611776,-0.2181350950707619,-0.24917478782814317,34.514964752217956,0.3184723995982216,0.3913760732668644,0.8633655656605496,14.786583253337414,-0.09080927972890175,-0.8940032715671001,0.4387616951631465,-0.3254393962534881,0.0,0.0,0.0,1.0
1544581133833472000,0.9641957322776862,-0.1165595593326173,-0.23820255873033278,33.698524680269124,0.2557317258902481,0.6464448645519703,0.7188256544305994,5.369604101712259,0.07019881929694967,-0.7540045797092831,0.6531073568309756,3.0733698700117675,0.0,0.0,0.0,1.0
1544581133860769000,0.9428723983588296,-0.21966090649509615,-0.2504809904380313,35.18675219710456,0.320113826248828,0.3890453272459775,0.8638118264948715,15.10234021301096,-0.09229722995518613,-0.8946467568296557,0.4371365940261419,-0.3357073743657156,0.0,0.0,0.0,1.0
