1544580839822268000,-0.9576048742200985,-0.2791306869325694,-0.07126685402387566,-2.4546929311575428e-05,0.28028337441234175,-0.959895173474429,-0.006518126151403569,2.0798686461397166e-06,-0.06658930017607059,-0.026216703702929327,0.9974359876949567,0.0004648810852731547,0.0,0.0,0.0,1.0
1544580839833353000,-0.9575880170111102,-0.27917059895004404,-0.07133699151636783,-2.3846741943284214e-05,0.2803275425654232,-0.9598820399899689,-0.006552723397676612,1.8069382149230996e-06,-0.06664576922779518,-0.02627253293019719,0.9974307471987548,0.0004897541143201525,0.0,0.0,0.0,1.0
1544580839875299793,-0.95756479215866,-0.27910906891013787,-0.07188738742126548,-1.3414438653814497e-05,0.2802921171222694,-0.9598911852428023,-0.006726185567091204,8.23135531233759e-07,-0.06712673012485959,-0.026590226499267615,0.9973900751248029,0.0007363794869261177,0.0,0.0,0.0,1.0
1544580839923114000,-0.957543155236509,-0.2790296885946866,-0.07248129926030022,-2.0879838877104545e-05,0.28024265224374306,-0.9599041396599783,-0.006935310161068548,-5.194007504417692e-05,-0.06763994177334537,-0.026953210316952293,0.997345658601123,0.001310250496544375,0.0,0.0,0.0,1.0
1544580839934186000,-0.9575446074575092,-0.27900218476682637,-0.07256793799178211,-2.8140110123614846e-05,0.28022050688375605,-0.9599102760716622,-0.006980645660463206,-6.688232798332222e-05,-0.06771109400129044,-0.027019303976314416,0.9973390421325042,0.0014406141003040485,0.0,0.0,0.0,1.0
1544580840023985000,-0.9574927045730781,-0.2789700104547216,-0.0733720243432251,-0.0002762727463376525,0.28021838978791236,-0.9599100172001289,-0.007100204470216582,-0.00031960424473043023,-0.06844979703402641,-0.02735858449814763,0.9972793656444822,0.0033195087887216744,0.0,0.0,0.0,1.0
1544580840035055000,-0.9574877071993736,-0.27896133980498083,-0.07347013989572308,-0.0003171241019222057,0.2802136639034915,-0.9599112602506642,-0.007118637914934186,-0.00035105333830003516,-0.06853898980775976,-0.02740334538323555,0.9972720108064508,0.003559548591840878,0.0,0.0,0.0,1.0
1544580840124832000,-0.9574424377867535,-0.27877862903658973,-0.07474258704005494,-0.0008625744471008928,0.2800724239359089,-0.959951767960546,-0.007213912952478639,-0.0006930161415316142,-0.06973819380816429,-0.02784024392675141,0.9971767672496555,0.006238295204787676,0.0,0.0,0.0,1.0
1544580840135926000,-0.9574386158794537,-0.2787644785507529,-0.07484425376183217,-0.0009532476603242072,0.28006279262756034,-0.959954394208159,-0.007238316523897985,-0.0007262622441433654,-0.06982928474853148,-0.02789133447460276,0.9971689648463461,0.006532022446826253,0.0,0.0,0.0,1.0
1544580840225700000,-0.957370859196239,-0.2786370733670068,-0.07617361293338995,-0.0024715804033312175,0.2799893897376012,-0.9599739985556678,-0.007474204399886415,-0.0009741992560584257,-0.0710420973523668,-0.0284833888874556,0.9970665559335847,0.008866014676259562,0.0,0.0,0.0,1.0
1544580840236762000,-0.9573531582840507,-0.2786465900031825,-0.07636103851539376,-0.0027668800530390543,0.2800040559716739,-0.9599697480977075,-0.007470701214623566,-0.0009923805577223728,-0.07122260148971432,-0.028533499904935915,0.9970522455820499,0.00911231908670528,0.0,0.0,0.0,1.0
1544580840326532000,-0.9572341899409729,-0.27853009692756225,-0.07825401404125912,-0.006121498558763165,0.2799390116412165,-0.9599890411326284,-0.007429042104867777,-0.0009489952198108417,-0.07305378408669949,-0.02901768444895848,0.9969057721870385,0.011148620743279445,0.0,0.0,0.0,1.0
1544580840337642000,-0.9572315521051828,-0.27852888067549664,-0.0782906015046276,-0.006200457963564282,0.2799389900056615,-0.9599890337304672,-0.007430813673626051,-0.0009433901363139523,-0.07308842267358133,-0.029029601218350836,0.9969028863054781,0.011188989154758022,0.0,0.0,0.0,1.0
1544580840427416000,-0.9571276835098717,-0.2782640393465066,-0.08047187002667093,-0.012412999498263485,0.27974315098331876,-0.9600455606779907,-0.007502726198331274,-0.0002489175440362102,-0.075168922680503,-0.02969252143299871,0.9967286427277982,0.01355045119734312,0.0,0.0,0.0,1.0
1544580840438468000,-0.95712533597391,-0.27825570370110897,-0.08052859488792667,-0.012643540725707569,0.2797361972716857,-0.9600476166809806,-0.007498909330616592,-0.00021732912683703715,-0.07522467130404081,-0.029704159018084934,0.996724090089244,0.01361617868056579,0.0,0.0,0.0,1.0
1544580840528273000,-0.9569617377149371,-0.2781133263838756,-0.08292894692026043,-0.023609091475692446,0.2796667343427053,-0.9600677742248324,-0.0075091009490967425,0.001389027244766394,-0.07752902844543796,-0.030378390060593445,0.9965271713132735,0.016229092643880356,0.0,0.0,0.0,1.0
1544580840539316000,-0.9569524436497089,-0.27811670984889186,-0.08302479325887012,-0.024128993663371703,0.2796733797761293,-0.9600658064166605,-0.00751318801323576,0.0014703624879942763,-0.07761972196193678,-0.030409588164788302,0.9965191597306098,0.016338472199701755,0.0,0.0,0.0,1.0
1544580840629126000,-0.956766667286218,-0.27794084513526385,-0.08571132349645778,-0.04107000142155442,0.2795645322220091,-0.9600990099674194,-0.007318700913920748,0.004420235169584838,-0.08025719091463916,-0.03096413514169309,0.9962931323869605,0.019605504546373408,0.0,0.0,0.0,1.0
1544580840640184000,-0.9567558371601962,-0.2779361922348233,-0.08584719626114685,-0.04203121530805844,0.2795613198900098,-0.9601002076586883,-0.007284207239034629,0.004600190778373547,-0.08039736613377681,-0.030968763290654077,0.9962816866825388,0.019775273843440987,0.0,0.0,0.0,1.0
1544580840729958000,-0.9565524822167836,-0.2777624909488627,-0.08863039764544887,-0.06565030416222145,0.27945375787343235,-0.960133410409826,-0.007030748552821054,0.009169850933065818,-0.08314412772603692,-0.03149337766388063,0.99603976887873,0.023304125999152686,0.0,0.0,0.0,1.0
1544580840741027000,-0.9565435758178507,-0.27775284359825086,-0.08875666417056144,-0.06723525463254994,0.27944612700116345,-0.9601358025202694,-0.007007340636998532,0.009480914645916457,-0.08327214219443654,-0.0315055327178949,0.9960286902205748,0.023490650401320267,0.0,0.0,0.0,1.0
1544580840830828000,-0.9563262099662567,-0.2777184190310717,-0.09117378933911235,-0.09836021051847058,0.27946889436345973,-0.960130866634814,-0.006771707195557971,0.015620403287871438,-0.08565814155605048,-0.03195619917885805,0.9958119722714756,0.026338293850884015,0.0,0.0,0.0,1.0
1544580840841878000,-0.9563113157626465,-0.2777313717085335,-0.09129048424240374,-0.10069293874703095,0.27948391067384803,-0.9601266387109219,-0.006751393346460043,0.01608263922543245,-0.08577535204689542,-0.031970655397760776,0.9958014190463215,0.026495024493053798,0.0,0.0,0.0,1.0
1544580840875578832,-0.9562636110614168,-0.2776936439353379,-0.09190291767778719,-0.11333333522449163,0.2794707014680587,-0.9601300867016297,-0.0068076156817830635,0.018583430865188363,-0.08634832471292059,-0.0321940480249527,0.9957447012618438,0.027244487974325663,0.0,0.0,0.0,1.0
1544580840931697000,-0.9562137080439599,-0.2775958050946056,-0.09271414963581957,-0.13968094754708332,0.27940372161807014,-0.9601491872740584,-0.006862836362356991,0.02387193226623546,-0.0871143208363964,-0.032467016660651035,0.9956691156877214,0.028298348107353405,0.0,0.0,0.0,1.0
1544580840942775000,-0.9562057288949991,-0.2776007062129372,-0.09278174356229428,-0.1430016701065636,0.2794125542820058,-0.9601464781504193,-0.006882223837347382,0.02454284638038916,-0.08717355412042928,-0.03250520582028788,0.9956626853792366,0.028393959607470834,0.0,0.0,0.0,1.0
1544580841032552000,-0.956083239851404,-0.2776725455210265,-0.09382321641847005,-0.1911020220797275,0.27953151797858034,-0.9601108262466855,-0.007023658626146375,0.034418832235883316,-0.08813040866706578,-0.03294174840198424,0.9955640975248157,0.029231491724113857,0.0,0.0,0.0,1.0
1544580841043642000,-0.9560813050429134,-0.2776583581156451,-0.09388489929676233,-0.19563666682525102,0.2795198559722085,-0.9601141772960642,-0.007029699309269915,0.03535801068320476,-0.08818836808057622,-0.03296365761906239,0.9955582398893896,0.02927419073516461,0.0,0.0,0.0,1.0
1544580841133396000,-0.9560371711047543,-0.2776706809702726,-0.09429697977941244,-0.2531027489568372,0.27956460102432656,-0.9600995920188888,-0.0072392858260907295,0.04740577424871393,-0.08852435438975852,-0.033283123871825096,0.9955177910741756,0.02953935325304267,0.0,0.0,0.0,1.0
1544580841144481000,-0.9560334390606722,-0.2776753081444304,-0.09432118873680027,-0.2590295038021606,0.27956649567505754,-0.9600993416912345,-0.007199206902299783,0.04865331204588331,-0.08855866921874513,-0.03325172673636808,0.9955157883103907,0.029539031865335123,0.0,0.0,0.0,1.0
1544580841234254000,-0.9559746383885056,-0.27782612553196184,-0.09447293120183688,-0.3264299843446779,0.2797130679422402,-0.9600574833245323,-0.00708719513710679,0.06298227957550942,-0.08873043660609592,-0.03320049223234651,0.995502203380396,0.02941142389076293,0.0,0.0,0.0,1.0
1544580841245339000,-0.9559832464235861,-0.27781131021475286,-0.09442938353172375,-0.3339575741516164,0.279693669502218,-0.9600633879147998,-0.007052831058745109,0.06457975126255062,-0.08869883763501951,-0.03315368912083648,0.9955065791343998,0.02937467321046074,0.0,0.0,0.0,1.0
1544580841335133000,-0.9559308482071677,-0.27801860198966677,-0.09434972386623468,-0.41202517856586596,0.27987696415366164,-0.9600117704891208,-0.006803341713612222,0.08115404364343354,-0.08868538990190712,-0.03290983849935461,0.9955158683556431,0.02894696019101758,0.0,0.0,0.0,1.0
1544580841346210000,-0.9559393767612822,-0.27799801842836835,-0.09432396146872625,-0.42148006697098345,0.2798447206727118,-0.9600220150586657,-0.006683031820052801,0.08313207673235704,-0.08869520995445403,-0.03278463592289645,0.9955191245669471,0.02888670530169933,0.0,0.0,0.0,1.0
1544580841435989000,-0.9559872258547231,-0.2778579375726715,-0.09425174019850913,-0.500531191287511,0.27967789828615053,-0.9600724473878555,-0.006416305551993797,0.09957465240344988,-0.08870567745543421,-0.03249403475341832,0.9955277196003204,0.02845768047374261,0.0,0.0,0.0,1.0
1544580841447065000,-0.9560122091490739,-0.2777714884685773,-0.09425314929410486,-0.5119174427157378,0.27958615763335554,-0.9600995384865999,-0.006360554821111386,0.10193988068687654,-0.08872562435803255,-0.03243264392192646,0.995527943952609,0.028400262762435676,0.0,0.0,0.0,1.0
1544580841536826000,-0.9561145999542636,-0.2776020549570027,-0.0937121701698639,-0.6006390462481505,0.27938930028607917,-0.9601575136686606,-0.0062584208287615,0.12048378890057833,-0.08824109382794089,-0.03216594517908508,0.9955796609668088,0.0281237601340373,0.0,0.0,0.0,1.0
1544580841547931000,-0.9561221693519468,-0.27758077572958284,-0.09369797339905311,-0.6026834633912826,0.27936782381385333,-0.9601637366979289,-0.006262407507038891,0.12091139407892577,-0.0882270723261192,-0.03216382557525785,0.9955809721128296,0.028119531625272143,0.0,0.0,0.0,1.0
1544580841637728000,-0.956323158460035,-0.2772091198791051,-0.09274222581366758,-0.7007166905491,0.27897467284616406,-0.9602772199465979,-0.006386921168331476,0.14140750202845376,-0.08728773398019818,-0.03198069272992712,0.9956696675047985,0.02815893938534935,0.0,0.0,0.0,1.0
1544580841648803000,-0.9563363134680455,-0.2771737551484151,-0.0927122699499762,-0.7040236472968024,0.27893724385090124,-0.9602881650242857,-0.006376057335932075,0.1421020248234671,-0.08726321983065732,-0.03195856021811336,0.9956725269352223,0.028168340162519675,0.0,0.0,0.0,1.0
1544580841738560000,-0.9565679241556078,-0.2767532595804355,-0.09157204698068355,-0.811511454068018,0.2784896053320634,-0.9604172174176401,-0.006504476131556537,0.1647940978168304,-0.08614723558315428,-0.0317238364539828,0.9957772100234171,0.0288478267915881,0.0,0.0,0.0,1.0
1544580841749640000,-0.9565863970232535,-0.27670357748412827,-0.09152920428779833,-0.8162452770931133,0.27843944147425526,-0.9604316765740039,-0.006517059517326361,0.1657979479601406,-0.08610425344649367,-0.031719471003342915,0.9957810666495387,0.028890362768943575,0.0,0.0,0.0,1.0
1544580841839423000,-0.9568100027234504,-0.27651723551719176,-0.08973760165213097,-0.9333799949809399,0.2782242443884381,-0.9604916792132641,-0.0068559460737427835,0.19056838251732777,-0.08429643244426033,-0.03152701419438457,0.9959418451160486,0.030440270133441513,0.0,0.0,0.0,1.0
1544580841850501000,-0.9568409532565878,-0.27643286852731846,-0.08966749337846183,-0.9397491155607971,0.2781406451810123,-0.9605156103983158,-0.006895192487628048,0.19191123620588235,-0.08422096929689722,-0.031537777012799445,0.9959478886727879,0.030547332170706477,0.0,0.0,0.0,1.0
1544580841875037505,-0.9569130333056863,-0.27629191657075763,-0.08933209684859826,-0.9675527741594261,0.27800030704013345,-0.9605552220019677,-0.007035251974178049,0.1977614804814196,-0.08386462886880305,-0.031566474659129935,0.9959770487828997,0.031046010819863246,0.0,0.0,0.0,1.0
1544580841940303000,-0.957189243749267,-0.27574779161773766,-0.08804491506412371,-1.06497490297087,0.27748127869736267,-0.9606989426752155,-0.007853758030395909,0.21818336708499655,-0.08241900037725133,-0.03194834832449809,0.996085544226073,0.032915622140400266,0.0,0.0,0.0,1.0
1544580841951325000,-0.9572313264284095,-0.2756288669359067,-0.08795973746969347,-1.073121984686699,0.27736663744498197,-0.9607313053703208,-0.007944011197289038,0.21989191433811556,-0.08231607459405459,-0.032001352988055336,0.9960923537857121,0.03307307601961391,0.0,0.0,0.0,1.0
1544580842041141000,-0.9575690449766684,-0.27495218445531144,-0.08638761696982872,-1.2097569819249196,0.2767411965122543,-0.9609001773623945,-0.009228179554148709,0.2488049302248943,-0.08047256834126422,-0.03274363156661219,0.9962188616646408,0.03589558616804281,0.0,0.0,0.0,1.0
1544580842052195000,-0.957613380960524,-0.27483691271022187,-0.086262877399701,-1.2199021431271646,0.2766262357773714,-0.960932702729525,-0.00928797634427993,0.25096954932438675,-0.08034014118113307,-0.03275686549173151,0.9962291149520554,0.036119242791352195,0.0,0.0,0.0,1.0
1544580842141988000,-0.9576528498883704,-0.2748173239249275,-0.08588630607624224,-1.3670456823579582,0.27668509797171814,-0.9609041170103351,-0.010422786238337974,0.2827400483517437,-0.07966414288160929,-0.03374487195605588,0.996250424318909,0.03975855243586216,0.0,0.0,0.0,1.0
1544580842153045000,-0.9576941678478067,-0.27468038109024023,-0.08586366585708018,-1.3792735175535642,0.27655687638182463,-0.9609396691778336,-0.010547337404517087,0.2853848476055852,-0.07961265600533855,-0.033847310742756,0.9962510650228995,0.04008080626584812,0.0,0.0,0.0,1.0
1544580842242842000,-0.9575502631933875,-0.2751910852686273,-0.0858333271343204,-1.5371126309881593,0.2770665216180383,-0.9607930885919481,-0.010525374692742485,0.3197597300232157,-0.07957157819695233,-0.03386011669525393,0.9962539116312831,0.04460767970369655,0.0,0.0,0.0,1.0
1544580842253907000,-0.9575772908061753,-0.2750988225219217,-0.08582755955612911,-1.551723922001552,0.27696642147524386,-0.9608229496845497,-0.010433634777891781,0.322954374389932,-0.0795948082949249,-0.03376236375808919,0.9962553735292794,0.045046102604400916,0.0,0.0,0.0,1.0
1544580842343705000,-0.9577296229488235,-0.27438926507294237,-0.08639734104144216,-1.7208506741905347,0.2762746507673305,-0.9610219809631634,-0.010443631984639887,0.3597818530618086,-0.08016412333263886,-0.03387157094631592,0.9962060178557154,0.05030283094507055,0.0,0.0,0.0,1.0
1544580842354766000,-0.9578081722681946,-0.2740817363162062,-0.08650264131315934,-1.7380463418832077,0.27597281125648393,-0.9611082762167057,-0.010482787556223404,0.3634806744736196,-0.08026526386583888,-0.033912876693805924,0.9961964686801985,0.050848537992431726,0.0,0.0,0.0,1.0
1544580842444568000,-0.9579557702574115,-0.27312017331813854,-0.08789831145818362,-1.9187840646813568,0.27509675914580206,-0.9613538064726951,-0.010983254887868258,0.4019822134112769,-0.08150162782427611,-0.03470201301257602,0.9960689007066049,0.05657437129324021,0.0,0.0,0.0,1.0
1544580842455643000,-0.9580470474835338,-0.272755045373599,-0.08803715142668178,-1.9388758292640516,0.2747436353311827,-0.9614536017908569,-0.01108631807185697,0.4062279968336704,-0.08161978714187491,-0.034808861323374504,0.9960554972090099,0.05718502158998817,0.0,0.0,0.0,1.0
1544580842545405000,-0.9582298889453442,-0.2723435512254779,-0.08731821137474934,-2.1315201836374147,0.27437056907456486,-0.9615505607133275,-0.01188738901463814,0.446648633364237,-0.08072342136882994,-0.03534839880081011,0.9961095421411886,0.0629924587516338,0.0,0.0,0.0,1.0
1544580842556490000,-0.9582981115804867,-0.27213809734488487,-0.08721000696466806,-2.154530349719973,0.27416550460254363,-0.9616082923583369,-0.011948562830517134,0.45145745391323927,-0.08061020671915052,-0.035360260762445146,0.9961182894272713,0.06367625632365559,0.0,0.0,0.0,1.0
1544580842646274000,-0.9582692321438023,-0.27273092814037986,-0.08566165747996103,-2.3362339479054803,0.27473615978111215,-0.9614405280146169,-0.012335055723475366,0.48967037262071533,-0.07899443800201442,-0.035354659193115444,0.9962479243833252,0.06887774681504645,0.0,0.0,0.0,1.0
1544580842657348000,-0.9582816539544674,-0.2726949269332351,-0.08563730798647091,-2.339207533656854,0.2747004602449033,-0.9614505200654343,-0.012351299815962325,0.4903018446254125,-0.07896789749975196,-0.035360631934146104,0.9962498164986983,0.06895802713291327,0.0,0.0,0.0,1.0
1544580842747142000,-0.9582414947894877,-0.2735241402175059,-0.08341332256832104,-2.5302969938656688,0.27544660845058666,-0.9612382104679885,-0.012258410556361858,0.5308038040721582,-0.07682710170690008,-0.034722434456310215,0.9964396363998905,0.07394134019813761,0.0,0.0,0.0,1.0
1544580842758219000,-0.9582572320665409,-0.27348293331570384,-0.08336763387079436,-2.535338041031459,0.27540151020446085,-0.9612514904051611,-0.012230305431900262,0.531868510839437,-0.07679248250499009,-0.03467935090069055,0.9964438053657773,0.07406772624894427,0.0,0.0,0.0,1.0
1544580842847999000,-0.958433522623394,-0.2732391322127079,-0.08213135417950625,-2.736822681391232,0.27505772637643006,-0.9613590607084711,-0.011489279975514587,0.5741764872811217,-0.07581840061846665,-0.03360257462417127,0.996555285524234,0.07885515068136408,0.0,0.0,0.0,1.0
1544580842859084000,-0.9584610992820077,-0.27315428964719035,-0.08209174873558403,-2.7443668975046855,0.2749712432536926,-0.9613838071682766,-0.011488720474794243,0.5757372626945089,-0.07578348465627012,-0.03358436186630841,0.9965585552747959,0.07902037633189227,0.0,0.0,0.0,1.0
1544580842875279322,-0.95844830740416,-0.27322374663789095,-0.08200991590813395,-2.767436526745198,0.2750425989951698,-0.9613626930650859,-0.011547342578491524,0.5805027484237704,-0.07568626541247847,-0.03362375136411988,0.9965646153522193,0.07951835583274638,0.0,0.0,0.0,1.0
1544580842948847000,-0.9583325691692891,-0.2741318099295202,-0.08031461669058144,-2.9539276630561258,0.2758764715632347,-0.9611269084054932,-0.011279998968063634,0.6184523993361009,-0.07410033270647279,-0.03296690345884271,0.99670573589657,0.08307671446301883,0.0,0.0,0.0,1.0
1544580842959941000,-0.9583753244635188,-0.2740108835461465,-0.08021703782679906,-2.9640845890383813,0.27575103850761573,-0.9611630483753638,-0.011267617305946007,0.6204961949609158,-0.07401420283578589,-0.03291853787826144,0.9967137340493232,0.08324852123909873,0.0,0.0,0.0,1.0
1544580843049724000,-0.9584781823631531,-0.27397809655694966,-0.07909220278170218,-3.18665364111734,0.2756874903480539,-0.9611802465670135,-0.01135523117203593,0.6650502352734943,-0.07291077834876629,-0.03268847222507322,0.9968026295030377,0.08660624028263023,0.0,0.0,0.0,1.0
1544580843060799000,-0.9585399002659374,-0.2737786457874126,-0.07903488286180409,-3.1995874233488046,0.2754887490881957,-0.9612367166935941,-0.011398403657422944,0.667647427230408,-0.07285059178887578,-0.032699045718907624,0.9968066832064706,0.08678573766774286,0.0,0.0,0.0,1.0
1544580843150573000,-0.9584821666311334,-0.2741345504952758,-0.07849958264118552,-3.433476998941993,0.27573856729869173,-0.961178891497072,-0.010167646951264311,0.7153715200586701,-0.07266483849945812,-0.03139087073041418,0.9968622946428642,0.08979373951842991,0.0,0.0,0.0,1.0
1544580843161655000,-0.9585518379228527,-0.273891650808427,-0.0784967364427034,-3.449178722102495,0.2754913875638815,-0.9612502744646797,-0.010119546417964566,0.7185983669776591,-0.07268335017628136,-0.03132528465972235,0.9968630082153433,0.08998295711516971,0.0,0.0,0.0,1.0
1544580843251433000,-0.9588802776831726,-0.27268015120825106,-0.07870291104711248,-3.693540093568656,0.2742332402248232,-0.9616168689897957,-0.009440721903493593,0.7689897965363875,-0.07310774942534728,-0.030635476351927173,0.9968534117725876,0.09239232728366434,0.0,0.0,0.0,1.0
1544580843262494000,-0.9590027957139523,-0.27225751602954384,-0.07867326596910332,-3.712283143967823,0.27379845186003937,-0.9617420886551065,-0.009303906080514712,0.772900986579539,-0.07313033277559115,-0.030463090367387338,0.9968570381721785,0.09256160649795543,0.0,0.0,0.0,1.0
1544580843352279000,-0.9585422985176449,-0.27308456997968084,-0.08137247440948654,-3.9672600139637826,0.2746131148468035,-0.9615214572015826,-0.00800777716227726,0.826165128239452,-0.07605457978745461,-0.030021741787527395,0.9966515920387621,0.09489924477985702,0.0,0.0,0.0,1.0
1544580843363356000,-0.9586105865301267,-0.2727616217197757,-0.08165072632356322,-3.9891923836002348,0.274300784206557,-0.9616102548699279,-0.00804969022108433,0.8307306259146224,-0.07632052919127177,-0.030113376525808002,0.9966284971734358,0.09509981313517209,0.0,0.0,0.0,1.0
1544580843453137000,-0.9582018590451433,-0.272950866344111,-0.08571477051494922,-4.255997843176268,0.27456236933656136,-0.9615409577026874,-0.0073818699861949695,0.8865342525082522,-0.08040337472223895,-0.030607372023725852,0.9962923697946681,0.09784841038955173,0.0,0.0,0.0,1.0
1544580843464187000,-0.9582611999471294,-0.27260365930728764,-0.08615519489944792,-4.281365689296155,0.2742147509002055,-0.9616413472314161,-0.007224242775905422,0.8918886425626674,-0.08088104267765427,-0.030547736859259284,0.9962555358481845,0.09811204100396093,0.0,0.0,0.0,1.0
1544580843554005000,-0.9577566071520806,-0.272901610630753,-0.09070276937157826,-4.561608536887171,0.2746009271756086,-0.961535817295497,-0.006572887658861573,0.9513792462005014,-0.08542020985006722,-0.03120229115017388,0.9958563173350599,0.10139174694679619,0.0,0.0,0.0,1.0
1544580843565056000,-0.9578303948859977,-0.27248846202094085,-0.0911645364053082,-4.590990162305871,0.2742100337208178,-0.9616466179078338,-0.006681292783202257,0.9576508940170141,-0.08584749291249398,-0.03139777590672598,0.9958134301307414,0.10178666425906775,0.0,0.0,0.0,1.0
1544580843654850000,-0.9569611633650054,-0.2743756280071053,-0.09456926861724348,-4.884873421541601,0.27618553259061385,-0.9610833292267862,-0.006354987804442404,1.021114776835074,-0.08914529375538148,-0.032200140342267834,0.9954979997786073,0.10593643461949483,0.0,0.0,0.0,1.0
1544580843665928000,-0.9570029065844053,-0.27417657400293277,-0.09472403632139341,-4.918186803360183,0.27599779237135086,-0.9611367302342257,-0.0064346251482758155,1.0283725296414148,-0.0892785270663851,-0.032301579878889326,0.9954827736039369,0.10641037061294001,0.0,0.0,0.0,1.0
1544580843755715000,-0.9551390238755686,-0.27956201247720314,-0.09774725699333897,-5.22542817744939,0.28154130050048676,-0.9595250412529018,-0.006796419727731643,1.0955733178444502,-0.09189092002216726,-0.03401141555885435,0.9951880638498252,0.11068546945764843,0.0,0.0,0.0,1.0
1544580843766793000,-0.9551377372337275,-0.2794916739674433,-0.09796074262127709,-5.262741297882409,0.28149356000388587,-0.9595378398573327,-0.006964880347888886,1.103795268507881,-0.09205041329822607,-0.03422773823667394,0.9951659074480133,0.1111729790151869,0.0,0.0,0.0,1.0
1544580843856554000,-0.9541635853416427,-0.2829247105284007,-0.09759846607608784,-5.5476404691954295,0.28500363833409975,-0.9584949544947807,-0.007768419683124878,1.1661469214980404,-0.09134975941024898,-0.035228261104801255,0.9951955541878293,0.114436917353589,0.0,0.0,0.0,1.0
1544580843867648000,-0.9541684387703286,-0.2829136570376747,-0.097583057526225,-5.553487985345951,0.28499650580508734,-0.9584966749170638,-0.007817662810949075,1.167414129871104,-0.09132131259179395,-0.03527019753990719,0.9951966795724412,0.11449993896575773,0.0,0.0,0.0,1.0
1544580843876216406,-0.9541661635524286,-0.28292261592159484,-0.09757933045332269,-5.5541569470633,0.2850055491982084,-0.9584939702394037,-0.007819587005326622,1.1675590163723573,-0.09131686184853438,-0.035271835999679875,0.9951970299027976,0.1145071556720378,0.0,0.0,0.0,1.0
1544580843957432000,-0.9533965528701993,-0.2862249536497481,-0.09544783330921487,-5.81359491977066,0.28843325045009355,-0.9574487579600496,-0.00990635733005817,1.2232436699078133,-0.08855096278425227,-0.036975015739773576,0.9953851391300891,0.11699345539948099,0.0,0.0,0.0,1.0
1544580843968496000,-0.9534140525193191,-0.28618669959138954,-0.09538772161908224,-5.822572507350343,0.2883987009794582,-0.957458451895362,-0.009975077317780065,1.2251514917353636,-0.08847504581548787,-0.03702007389407172,0.9953902151401874,0.11706218711575772,0.0,0.0,0.0,1.0
1544580844058282000,-0.9528364117672198,-0.28922334375925096,-0.09193818485965521,-6.128274514003591,0.29164602007866347,-0.9564265600302317,-0.013814276709739714,1.2892972934433167,-0.08393671057913722,-0.039976151558842855,0.9956688886993005,0.11843999593652003,0.0,0.0,0.0,1.0
1544580844069353000,-0.9528962046997922,-0.2890828615378974,-0.09176013422937762,-6.140823617469841,0.2915124522575472,-0.956464754117951,-0.013988005893465686,1.2919198808431482,-0.08372164145263998,-0.04007833947588936,0.9956828880006585,0.11849733822006855,0.0,0.0,0.0,1.0
1544580844159127000,-0.9510246767605753,-0.29459957630846617,-0.09361171845082764,-6.459105180970316,0.2974658827836552,-0.954563051876155,-0.01798412001245309,1.3585173605234528,-0.08406017351984424,-0.04494963438953696,0.9954463408923978,0.12075739448058416,0.0,0.0,0.0,1.0
1544580844170236000,-0.9510046557390688,-0.2946194171376527,-0.09375256694131115,-6.475407748410549,0.2975045455805668,-0.9545482373342095,-0.01813030504583623,1.3619733218423447,-0.0841498076142538,-0.04513381933344634,0.9954304336471042,0.12092317682208995,0.0,0.0,0.0,1.0
1544580844260009000,-0.9488296053142228,-0.30117726812707646,-0.0949454224424136,-6.80571526500347,0.3042379118385617,-0.9524014369503377,-0.01925606125466889,1.4331108353605453,-0.08462666884244277,-0.04715671806268408,0.9952962226705125,0.12514625020288087,0.0,0.0,0.0,1.0
1544580844271093000,-0.948799437096835,-0.30126151457858563,-0.09497961885871212,-6.825827731037274,0.3043302111422645,-0.9523704925628103,-0.019327893878416783,1.437480681057078,-0.08463303581247353,-0.04724346229359282,0.9952915675919689,0.1254313944450593,0.0,0.0,0.0,1.0
1544580844360893000,-0.9472503761167087,-0.30650604998147546,-0.09365236927867103,-7.166171082799229,0.30954755944843876,-0.9506834253192767,-0.019527756213301342,1.5131792013434426,-0.08304837979317249,-0.04748753676454174,0.9954134319295506,0.129652972399852,0.0,0.0,0.0,1.0
1544580844371927000,-0.9472778848326374,-0.30643611015120276,-0.09360298767883667,-7.190100529690069,0.30946906315355305,-0.9507104406782646,-0.01945653967693667,1.518545792641927,-0.08302715132934607,-0.04739797865667409,0.9954194712589252,0.12992096403051573,0.0,0.0,0.0,1.0
1544580844461724000,-0.9456961416364533,-0.3120455791082016,-0.09102946914574535,-7.54148020246235,0.3149152897847041,-0.9489353644160639,-0.018709206834197606,1.5967760700135574,-0.0805429571951868,-0.04635979637115939,0.9956724367615482,0.13275669314125965,0.0,0.0,0.0,1.0
1544580844472784000,-0.9457306440821824,-0.3119853869195257,-0.09087720942334615,-7.569465985826347,0.3148424920867637,-0.9489608092909809,-0.01864370152088597,1.6029693402035625,-0.0804223477678791,-0.04624392693616039,0.9956875740919072,0.13290354990495792,0.0,0.0,0.0,1.0
1544580844562579000,-0.9452718793634132,-0.3147198697669321,-0.0860957470415735,-7.931902065553583,0.31743616462039653,-0.9480777624626229,-0.01956623916231931,1.681491624970211,-0.07546757897172936,-0.04582531939604462,0.99609471669435,0.13424013692778458,0.0,0.0,0.0,1.0
1544580844573643000,-0.945421697794948,-0.3143283093370204,-0.08588089012027952,-7.964284905792679,0.3170438336039946,-0.9482062123269472,-0.01970244853479091,1.6883141664996506,-0.07523975619447666,-0.04585512898153656,0.9961105793203298,0.13436384910579724,0.0,0.0,0.0,1.0
1544580844663436000,-0.9441861451568448,-0.31887632710706193,-0.08264630242529258,-8.339611163619345,0.3215175204890784,-0.946680620745959,-0.020549606385576166,1.7657261960231343,-0.071686869874606,-0.04597488787105818,0.9963670520309404,0.13647606995810765,0.0,0.0,0.0,1.0
1544580844674502000,-0.9443423984887283,-0.31840942947924106,-0.0826611736866942,-8.376591467943815,0.3210636174185327,-0.9468305538066623,-0.020737790342644162,1.773201129842251,-0.07166301686842011,-0.04612307011544082,0.9963619193929714,0.13678853478906403,0.0,0.0,0.0,1.0
1544580844764298000,-0.9434157257685059,-0.32148592641379387,-0.08132384330899203,-8.765975792124598,0.32421138959650564,-0.9457165201407145,-0.02252195348633845,1.8495281639767616,-0.06966881101744478,-0.047613681340575385,0.9964332361581554,0.14155539551583587,0.0,0.0,0.0,1.0
1544580844775341000,-0.9436696200232043,-0.32072128014200074,-0.08139722789713492,-8.807843987304878,0.32346493002874843,-0.9459664368646264,-0.02275828128705942,1.8574261681731108,-0.06969998053629299,-0.04780544728082135,0.9964218744706101,0.14208564392014186,0.0,0.0,0.0,1.0
1544580844865154000,-0.9429240136796662,-0.3226366351644551,-0.08246154301243348,-9.210259847428711,0.3255720949387438,-0.9451950494390449,-0.0246805492872517,1.9319949000161654,-0.06997939284840785,-0.05011905990419344,0.9962885949416915,0.14592211263631535,0.0,0.0,0.0,1.0
1544580844876134457,-0.9429311277870602,-0.3225847699429044,-0.08258301551231872,-9.256581180867713,0.3255612865584516,-0.9451856162134435,-0.02517934863373533,1.9404575266827382,-0.0699338040194499,-0.050628224382218756,0.9962660517910231,0.14607821269210813,0.0,0.0,0.0,1.0
1544580844876218000,-0.9485186197251498,-0.3067675820599208,-0.07877866863443851,-9.151441614999122,0.30970348628681615,-0.9504227597930915,-0.027934356070463625,1.9095247640696784,-0.06630368478823175,-0.05089428518398637,0.9965006739180443,0.13893591856075863,0.0,0.0,0.0,1.0
1544580844966011000,-0.9470221797105598,-0.3105564062675172,-0.08187618495304738,-9.411756291717966,0.31384587535977454,-0.948980023214789,-0.030621594650111567,1.972218938876277,-0.0681891315087623,-0.054695832249469764,0.9961719772602612,0.14732764465188936,0.0,0.0,0.0,1.0
1544580844977054000,-0.9470301541617767,-0.3105231511112205,-0.08191007100644394,-9.415157119548232,0.31381574859504374,-0.9489893580678894,-0.03064105428384475,1.9730177897836318,-0.06821702897411121,-0.05472267261246948,0.9961685931909792,0.14741752990972604,0.0,0.0,0.0,1.0
1544580845066868000,-0.9461064810257949,-0.31293689964791793,-0.08338479117762528,-9.672377395816318,0.31636672474792377,-0.9481182932631651,-0.03136554561961061,2.032822036340141,-0.06924320929346928,-0.05605531927027875,0.9960236840297769,0.15197171709015733,0.0,0.0,0.0,1.0
1544580845077926000,-0.9461231989392622,-0.31287505506651847,-0.08342716791345925,-9.67840060474979,0.31630932341175516,-0.9481364054119171,-0.03139695296304263,2.0342003283284957,-0.06927701171193093,-0.05609417661120478,0.9960191458996042,0.1520268066344088,0.0,0.0,0.0,1.0
1544580845167742000,-0.94551263602726,-0.3144686569301796,-0.08435234982684679,-9.933097400483415,0.3179610370768687,-0.9475827099809788,-0.03142907326203558,2.090666574284319,-0.07004736978491449,-0.0565373465386964,0.9959402062536584,0.15357237206630958,0.0,0.0,0.0,1.0
1544580845178811000,-0.9455222980130327,-0.3144353010017446,-0.0843683912617552,-9.941794505891878,0.31792577594717186,-0.9475958342536986,-0.03139006042405744,2.092515006728339,-0.07007699300442384,-0.056502888324231094,0.9959400778472979,0.15360124738232267,0.0,0.0,0.0,1.0
1544580845268562000,-0.9446704323492674,-0.31679604475458634,-0.08507667290685803,-10.195523233526357,0.32035061390120245,-0.9467701601904478,-0.03165040198913796,2.1423241174785077,-0.07052133307144523,-0.05715356332549081,0.9958715839810999,0.15343595266203489,0.0,0.0,0.0,1.0
1544580845279648000,-0.9446955837411878,-0.3166824641198437,-0.08522013247396694,-10.206686562533264,0.32025099079155755,-0.9468010526720493,-0.031734359236096334,2.144321721460907,-0.07063679605505194,-0.05727114088337235,0.9958566460414859,0.15336712753883497,0.0,0.0,0.0,1.0
1544580845369414000,-0.9443624311195075,-0.31745092385279866,-0.08604946039960286,-10.459804225628776,0.3211130229908259,-0.9464882758207422,-0.03234764596646743,2.1847275825780543,-0.07117601531240726,-0.05817950394153197,0.9957655949897879,0.1498243700801384,0.0,0.0,0.0,1.0
1544580845380514000,-0.9444368947599145,-0.3172022378116057,-0.0861492434299781,-10.473571647364805,0.32087526873679023,-0.946566204648047,-0.032426565209479584,2.1866703439159907,-0.07126018333782407,-0.058268006191236114,0.9957544003041929,0.14949404410126543,0.0,0.0,0.0,1.0
1544580845470302000,-0.9449714335466068,-0.31534010013551467,-0.08711837364985377,-10.725214063310895,0.3192071422144028,-0.9470610777189682,-0.03438190554784329,2.2176623904281487,-0.07166442729964788,-0.060298725660745865,0.9956044764581495,0.1405187381344658,0.0,0.0,0.0,1.0
1544580845481384000,-0.9451000529263585,-0.3149074004724256,-0.0872881382909224,-10.741174342624566,0.31881089309640376,-0.9471808231730023,-0.0347577711653822,2.2193541577804474,-0.07173217131572879,-0.06067798069325654,0.99557655569892,0.139784854454078,0.0,0.0,0.0,1.0
1544580845571184000,-0.9453484219071123,-0.31384299447858116,-0.08842474774887395,-10.99086131805211,0.31792739349345833,-0.9474192860067921,-0.036316235609401136,2.2420451952758373,-0.07237771524572485,-0.06244414559507008,0.9954206121116402,0.12592240295346166,0.0,0.0,0.0,1.0
1544580845582250000,-0.9454804394521429,-0.31338675074070144,-0.08863116310625312,-11.009128481357525,0.31749134260674156,-0.9475611760755823,-0.03642890286610615,2.2434013497025247,-0.07256711364765012,-0.06258244206200693,0.9953981374115637,0.12473535497584752,0.0,0.0,0.0,1.0
1544580845672005000,-0.9463951894503303,-0.3095624360138567,-0.09223472011363537,-11.25644055219188,0.3141068396491479,-0.9485730765821573,-0.039319354891516174,2.256966171348806,-0.07531957694317448,-0.06618320476243897,0.9949606749698573,0.10597620761901251,0.0,0.0,0.0,1.0
1544580845683110000,-0.94651241094857,-0.3091119566174263,-0.09254217523094162,-11.27684948050509,0.313680841217796,-0.9487112974067877,-0.03938532754245218,2.257690954364986,-0.07562133146952707,-0.06630740870277206,0.9949295159848774,0.10424596061425809,0.0,0.0,0.0,1.0
1544580845772879000,-0.9469295517771874,-0.30677786773170185,-0.09597793413616665,-11.52236141475575,0.31165267744297426,-0.949336801606538,-0.04040106134860631,2.2617541268998624,-0.0787212335630086,-0.06816873906314022,0.9945632158897009,0.08109153309596011,0.0,0.0,0.0,1.0
1544580845783914000,-0.947027035918841,-0.3063511635194751,-0.09637820214674447,-11.544643723998432,0.31129222168476534,-0.9494336107876042,-0.04090197336772276,2.261616232028798,-0.07897433733395672,-0.06873705926990935,0.9945040325336005,0.07872037605807822,0.0,0.0,0.0,1.0
1544580845873752000,-0.9483233955930026,-0.30159064387945594,-0.09861957663330106,-11.788858754387384,0.30684227890630894,-0.9507905724174016,-0.042954665378435584,2.2541593062710157,-0.08081183852962934,-0.07099556976717684,0.994197704597481,0.05005524713989998,0.0,0.0,0.0,1.0
1544580845874735342,-0.9476493926533108,-0.302641381029386,-0.1018274181762474,-13.83203706855919,0.3084927541844211,-0.9500487557720844,-0.04732422499761455,2.819408169077456,-0.08241874313240412,-0.07625979376145708,0.9936757995623811,0.16105389163688769,0.0,0.0,0.0,1.0
1544580845884818000,-0.947842731629108,-0.3020857880896386,-0.10167759208467446,-11.578036993694296,0.30789809177527727,-0.9502573001758767,-0.04700881346722102,2.351243147578621,-0.08241917967936245,-0.0758632987465901,0.993706112854435,0.07527800308382385,0.0,0.0,0.0,1.0
