1544681931133362188,-0.5077772090732433,-0.8385031833236387,-0.1976732594508231,-4.4304195096337815e-05,0.8024560007227926,-0.5438392420515451,0.24556719184122042,5.8918349903606524e-05,-0.3134113476723038,-0.03393066991565825,0.9490110835966578,7.674620240962237e-05,0.0,0.0,0.0,1.0
1544681931159665000,-0.5083598520935467,-0.8366414800488696,-0.20396395426905065,-0.11215699197403738,0.7977313576242329,-0.546732095981525,0.2543790405804778,0.16399439718166417,-0.3243376972268604,-0.03339235070026698,0.9453517911720954,-0.01230546633560579,0.0,0.0,0.0,1.0
1544681931231570000,-0.5083598520935467,-0.8366414800488696,-0.20396395426905065,-0.11215699197403738,0.7977313576242329,-0.546732095981525,0.2543790405804778,0.16399439718166417,-0.3243376972268604,-0.03339235070026698,0.9453517911720954,-0.01230546633560579,0.0,0.0,0.0,1.0
1544681931260506000,-0.5069411672920776,-0.8376535765553127,-0.20333995817015907,-0.1246270087115781,0.7990598373082488,-0.5451478443369923,0.25360836779500734,0.17906414394628228,-0.32328629619187954,-0.033916271888673716,0.945693215157914,-0.0055483471333805535,0.0,0.0,0.0,1.0
1544681931332447000,-0.5069873117096522,-0.837012739614111,-0.20584834099185947,-0.18710079911834465,0.7972151088351292,-0.5461454444346375,0.25724156695270833,0.2687642578231444,-0.32773760237484484,-0.03368719707802412,0.9441680129842425,-0.007407545601802124,0.0,0.0,0.0,1.0
1544681931361392000,-0.5048006683318895,-0.8368787024746982,-0.21168448832152034,-0.2776044426301554,0.7948775858381162,-0.5462722348949769,0.26411412100646164,0.39796844325666975,-0.3366688414211294,-0.03493827023643539,0.9409747119285621,-0.009181001303811727,0.0,0.0,0.0,1.0
1544681931433284000,-0.5048006683318895,-0.8368787024746982,-0.21168448832152034,-0.2776044426301554,0.7948775858381162,-0.5462722348949769,0.26411412100646164,0.39796844325666975,-0.3366688414211294,-0.03493827023643539,0.9409747119285621,-0.009181001303811727,0.0,0.0,0.0,1.0
1544681931462225000,-0.5028099164580253,-0.8368379898204592,-0.21652798134358553,-0.36726030559275735,0.7922133686782529,-0.5463408269571086,0.2718633467153683,0.5230167451613703,-0.3458036529577587,-0.034840774863349806,0.9376598285135135,-0.010153276349463624,0.0,0.0,0.0,1.0
1544681931534118000,-0.5028099164580253,-0.8368379898204592,-0.21652798134358553,-0.36726030559275735,0.7922133686782529,-0.5463408269571086,0.2718633467153683,0.5230167451613703,-0.3458036529577587,-0.034840774863349806,0.9376598285135135,-0.010153276349463624,0.0,0.0,0.0,1.0
1544681931563064000,-0.5018334635897088,-0.8360052938796255,-0.22194216234595465,-0.45699249702270217,0.7889685772049595,-0.5475884354753179,0.27870322839334727,0.6466815640408181,-0.35453033580321114,-0.035242785629612576,0.9343801084442713,-0.009658378100249613,0.0,0.0,0.0,1.0
1544681931634999000,-0.5018334635897088,-0.8360052938796255,-0.22194216234595465,-0.45699249702270217,0.7889685772049595,-0.5475884354753179,0.27870322839334727,0.6466815640408181,-0.35453033580321114,-0.035242785629612576,0.9343801084442713,-0.009658378100249613,0.0,0.0,0.0,1.0
1544681931663918000,-0.4988582885679102,-0.8364923053769716,-0.22676205805252178,-0.5464542789705857,0.7866254836298838,-0.5468366186811677,0.2866880900445607,0.7696412695119962,-0.3638141784361192,-0.035360083632040115,0.9308001439913864,-0.007621035904371616,0.0,0.0,0.0,1.0
1544681931735870000,-0.4988582885679102,-0.8364923053769716,-0.22676205805252178,-0.5464542789705857,0.7866254836298838,-0.5468366186811677,0.2866880900445607,0.7696412695119962,-0.3638141784361192,-0.035360083632040115,0.9308001439913864,-0.007621035904371616,0.0,0.0,0.0,1.0
1544681931764802000,-0.49772948449474963,-0.8367225376435865,-0.22838729225565016,-0.5694250864324087,0.7860101197154287,-0.5464664063457904,0.289071891474168,0.8011905954503551,-0.3666789494496882,-0.035635119401986236,0.9296648247060222,-0.007074450189689896,0.0,0.0,0.0,1.0
1544681931836692000,-0.49638874872230415,-0.8366863116701351,-0.23141786017015273,-0.6304761981110748,0.784200020456346,-0.5465229753474047,0.29384173518015827,0.8860254602752827,-0.3723285351113602,-0.03561815943092788,0.9274172786079529,-0.005509213430399235,0.0,0.0,0.0,1.0
1544681931865652000,-0.4923824929572027,-0.8382235802008068,-0.23439434768055062,-0.7197019242139255,0.7826577941887115,-0.5442217382582288,0.30210838585324407,1.0099044741369285,-0.380796872131206,-0.03469768295626493,0.9240074745220167,-0.0023033598174104983,0.0,0.0,0.0,1.0
1544681931937575000,-0.4923824929572027,-0.8382235802008068,-0.23439434768055062,-0.7197019242139255,0.7826577941887115,-0.5442217382582288,0.30210838585324407,1.0099044741369285,-0.380796872131206,-0.03469768295626493,0.9240074745220167,-0.0023033598174104983,0.0,0.0,0.0,1.0
1544681931966531000,-0.49134129655536257,-0.838787747616574,-0.2345609616871674,-0.7659476908933284,0.7812325557475193,-0.5434952537075181,0.30706449328699537,1.0898730899433513,-0.38504470407926994,-0.03237319331971418,0.9223299584285396,0.009067513799383203,0.0,0.0,0.0,1.0
1544681932038427000,-0.4891217096841032,-0.8396450612313024,-0.23612734755970377,-0.8129319539153465,0.7805180617172327,-0.5421859579900946,0.3111686717706938,1.133510557647905,-0.3892961706064854,-0.032102306899118235,0.9205530584615315,0.0019138621032115941,0.0,0.0,0.0,1.0
1544681932067355000,-0.48974644721883015,-0.8394014739094289,-0.2356980760108399,-0.8394716825078313,0.7796313680353769,-0.5426458800002799,0.31258659423271956,1.1678177014503763,-0.3902862377945483,-0.030669439469928696,0.9201826112629911,0.003157901121891933,0.0,0.0,0.0,1.0
1544681932132284734,-0.491437186476832,-0.8388365078478478,-0.23418540699489265,-0.9072513759355915,0.7777200307391835,-0.5437090382599985,0.315486981508635,1.255166449139299,-0.391970720251881,-0.027088647364064286,0.9195787946930968,0.006343315314637571,0.0,0.0,0.0,1.0
1544681932139298000,-0.491437186476832,-0.8388365078478478,-0.23418540699489265,-0.9072513759355915,0.7777200307391835,-0.5437090382599985,0.315486981508635,1.255166449139299,-0.391970720251881,-0.027088647364064286,0.9195787946930968,0.006343315314637571,0.0,0.0,0.0,1.0
1544681932168226000,-0.49257657410459477,-0.8383175694865455,-0.23364924851912244,-0.9350138247678527,0.7769653748146716,-0.5445644281180767,0.31587084380728886,1.2911046813259006,-0.3920371474522251,-0.025946797848704517,0.9195834049714691,0.007684250451680967,0.0,0.0,0.0,1.0
1544681932240157000,-0.49584988972535937,-0.8367160955722178,-0.23246303420056433,-1.003769894127702,0.7749245188118588,-0.5471435165677442,0.3164268674150353,1.3813615724047434,-0.39195009504216105,-0.023241077605530583,0.9196928700974981,0.011390999737762282,0.0,0.0,0.0,1.0
1544681932269063000,-0.4964537477628871,-0.8363291857080037,-0.23256648396786025,-1.0223962867517356,0.77441025830348,-0.5477488754000202,0.3166384710238955,1.4062270283325082,-0.39220202468437426,-0.02290551529655989,0.9195938827561205,0.012489861389520967,0.0,0.0,0.0,1.0
1544681932341003000,-0.49887473558054485,-0.8349979703350129,-0.23216887762112523,-1.0918755234235549,0.7730500811205636,-0.5498267921298171,0.3163606655950192,1.5006528511380586,-0.39181318288047806,-0.021653826281881464,0.9197899442418483,0.016563797757949562,0.0,0.0,0.0,1.0
1544681932369921000,-0.5009350454075272,-0.8343089286886902,-0.23020141570565875,-1.1834918333594506,0.7733048507982597,-0.5509048322165954,0.3138526303415122,1.6278202036200449,-0.3886691240817028,-0.020796089794415325,0.92114267876091,0.02118415553459563,0.0,0.0,0.0,1.0
1544681932441856000,-0.5009350454075272,-0.8343089286886902,-0.23020141570565875,-1.1834918333594506,0.7733048507982597,-0.5509048322165954,0.3138526303415122,1.6278202036200449,-0.3886691240817028,-0.020796089794415325,0.92114267876091,0.02118415553459563,0.0,0.0,0.0,1.0
1544681932471791000,-0.5023832355634775,-0.8340092447908477,-0.2281220380151163,-1.280165590345138,0.774989074427468,-0.5513276126010096,0.30891713792168707,1.7614011690094409,-0.38340972750156727,-0.021597295827736167,0.9233258025583947,0.025316744935246962,0.0,0.0,0.0,1.0
1544681932542705000,-0.5023832355634775,-0.8340092447908477,-0.2281220380151163,-1.280165590345138,0.774989074427468,-0.5513276126010096,0.30891713792168707,1.7614011690094409,-0.38340972750156727,-0.021597295827736167,0.9233258025583947,0.025316744935246962,0.0,0.0,0.0,1.0
1544681932572676000,-0.5025549711229842,-0.8344042884722042,-0.22629181244307506,-1.3573788099838464,0.7763835281428912,-0.5507268020612907,0.3064777426172131,1.8667789542650624,-0.38035130896051134,-0.02166732264357271,0.924588237488172,0.03451097236675546,0.0,0.0,0.0,1.0
1544681932643562000,-0.5035149003296658,-0.8341148772221321,-0.2252223717633617,-1.3818586952796876,0.7772791526818648,-0.5511410130984711,0.30344802271056304,1.9008472457770786,-0.37723979635261967,-0.0222700533788826,0.9258478172844262,0.02903515491660459,0.0,0.0,0.0,1.0
1544681932673500000,-0.5037806347084387,-0.833977131697039,-0.22513821510161733,-1.40791652704572,0.7777180010491064,-0.5513212906917327,0.301992624536069,1.9365861027537783,-0.375978434138108,-0.02295600654254559,0.9263440175370463,0.029767475727982527,0.0,0.0,0.0,1.0
1544681932744421000,-0.5051424379527159,-0.8331844096553146,-0.22502190312614334,-1.4799118673126648,0.7781202432288987,-0.552468300717284,0.2988438786054598,2.035667391373794,-0.3733095290192644,-0.02413537258633711,0.9273928398114438,0.03140479044953447,0.0,0.0,0.0,1.0
1544681932774359000,-0.5043048191419232,-0.8337530750455254,-0.22479425980741422,-1.5881204061238028,0.7795602894635292,-0.5515451552133577,0.2967889769722075,2.186522240897569,-0.37143290710674576,-0.025568566889922532,0.9281076682720746,0.0336075232516396,0.0,0.0,0.0,1.0
1544681932845278000,-0.5043048191419232,-0.8337530750455254,-0.22479425980741422,-1.5881204061238028,0.7795602894635292,-0.5515451552133577,0.2967889769722075,2.186522240897569,-0.37143290710674576,-0.025568566889922532,0.9281076682720746,0.0336075232516396,0.0,0.0,0.0,1.0
1544681932875236000,-0.5016193490431636,-0.8355024931829492,-0.22430696054868787,-1.652972480112289,0.7809979963465795,-0.5488838898689021,0.29794060674069545,2.299564874052494,-0.37204859678292607,-0.025730513548323255,0.9278565526547712,0.03623490320630689,0.0,0.0,0.0,1.0
1544681932946137000,-0.5031878831075351,-0.8351020090865796,-0.22227592922608025,-1.6977349540320434,0.7820978528441027,-0.5494830479221459,0.2939240184517606,2.343707778090643,-0.36759339339873953,-0.02594252234744374,0.9296246998998309,0.03513367222389077,0.0,0.0,0.0,1.0
1544681932976073000,-0.5021543608084365,-0.8362890930941977,-0.22013984349216764,-1.809235073851907,0.7838265162773549,-0.5476912226440627,0.2926607541491663,2.5049951390091216,-0.36531765670656813,-0.025590572684818035,0.9305311022679923,0.03520621895318811,0.0,0.0,0.0,1.0
1544681933046996000,-0.5021543608084365,-0.8362890930941977,-0.22013984349216764,-1.809235073851907,0.7838265162773549,-0.5476912226440627,0.2926607541491663,2.5049951390091216,-0.36531765670656813,-0.025590572684818035,0.9305311022679923,0.03520621895318811,0.0,0.0,0.0,1.0
1544681933076925000,-0.5030078335204161,-0.8361324541997972,-0.21878217123642263,-1.90545654718434,0.7841544422031911,-0.5479557210024768,0.2912839483968488,2.6447530269942443,-0.36343490502440506,-0.02504090362752821,0.9312829983176001,0.03480951702284859,0.0,0.0,0.0,1.0
1544681933132455649,-0.5030078335204161,-0.8361324541997972,-0.21878217123642263,-1.90545654718434,0.7841544422031911,-0.5479557210024768,0.2912839483968488,2.6447530269942443,-0.36343490502440506,-0.02504090362752821,0.9312829983176001,0.03480951702284859,0.0,0.0,0.0,1.0
1544681933147852000,-0.5030078335204161,-0.8361324541997972,-0.21878217123642263,-1.90545654718434,0.7841544422031911,-0.5479557210024768,0.2912839483968488,2.6447530269942443,-0.36343490502440506,-0.02504090362752821,0.9312829983176001,0.03480951702284859,0.0,0.0,0.0,1.0
1544681933139932764,-0.5030078335204161,-0.8361324541997972,-0.21878217123642263,-1.90545654718434,0.7841544422031911,-0.5479557210024768,0.2912839483968488,2.6447530269942443,-0.36343490502440506,-0.02504090362752821,0.9312829983176001,0.03480951702284859,0.0,0.0,0.0,1.0
1544681933177803000,-0.5046860892326678,-0.8344139471983806,-0.22146177109346324,-2.0369248161999582,0.7825220275718155,-0.5505008664767032,0.2908746678095116,2.8302668235382313,-0.36462477658536974,-0.026498315592068142,0.9307774232172003,0.03387633885467597,0.0,0.0,0.0,1.0
1544681933248744000,-0.5046860892326678,-0.8344139471983806,-0.22146177109346324,-2.0369248161999582,0.7825220275718155,-0.5505008664767032,0.2908746678095116,2.8302668235382313,-0.36462477658536974,-0.026498315592068142,0.9307774232172003,0.03387633885467597,0.0,0.0,0.0,1.0
1544681933278663000,-0.504561563716898,-0.8337957154693468,-0.2240587719428097,-2.1573492806234342,0.7823111725073176,-0.5513104848317564,0.2899068448395099,3.0013721894018843,-0.36524903530301944,-0.029007829624674148,0.9304577841206338,0.032417614739087976,0.0,0.0,0.0,1.0
1544681933349572000,-0.504561563716898,-0.8337957154693468,-0.2240587719428097,-2.1573492806234342,0.7823111725073176,-0.5513104848317564,0.2899068448395099,3.0013721894018843,-0.36524903530301944,-0.029007829624674148,0.9304577841206338,0.032417614739087976,0.0,0.0,0.0,1.0
1544681933382403000,-0.5027818762833675,-0.8345107289344865,-0.22539349629971403,-2.3091354958012924,0.7831933140270716,-0.5501282028040886,0.28977093253609415,3.187845365920953,-0.36581227117781356,-0.0308351061742431,0.930177713387584,0.024186566209825365,0.0,0.0,0.0,1.0
1544681933450433000,-0.5061841047072146,-0.8319178700343968,-0.2273550299843601,-2.2781722922762957,0.7805314243992703,-0.5540369640444882,0.2895060241128178,3.1747131266941464,-0.3668083255148412,-0.0309143977751397,0.9297827447007175,0.030108862263641855,0.0,0.0,0.0,1.0
1544681933483263000,-0.5066320502491016,-0.8305185515667401,-0.23143660290428925,-2.3875688491797304,0.7784377640623891,-0.5560375335450544,0.2913020919435393,3.333762083076459,-0.37061922932025704,-0.03257601560380227,0.9282134399293301,0.028310803849923207,0.0,0.0,0.0,1.0
1544681933551294000,-0.5066320502491016,-0.8305185515667401,-0.23143660290428925,-2.3875688491797304,0.7784377640623891,-0.5560375335450544,0.2913020919435393,3.333762083076459,-0.37061922932025704,-0.03257601560380227,0.9282134399293301,0.028310803849923207,0.0,0.0,0.0,1.0
1544681933584116000,-0.5068584619856261,-0.829275282350732,-0.23536568483039663,-2.500482670778307,0.7770649314048889,-0.5577408232802893,0.2917109295644264,3.4954008009798105,-0.37318171430856883,-0.035038266634374655,0.9270963962700841,0.02713404960622704,0.0,0.0,0.0,1.0
1544681933652163000,-0.5068584619856261,-0.829275282350732,-0.23536568483039663,-2.500482670778307,0.7770649314048889,-0.5577408232802893,0.2917109295644264,3.4954008009798105,-0.37318171430856883,-0.035038266634374655,0.9270963962700841,0.02713404960622704,0.0,0.0,0.0,1.0
1544681933684969000,-0.5090312605929239,-0.8273623354283997,-0.23739996135982508,-2.6152852782643357,0.7756609851759757,-0.56048586966819,0.29018205660951907,3.66041536956903,-0.37314502785782394,-0.03643014983170978,0.9270575129776053,0.026968763421913827,0.0,0.0,0.0,1.0
1544681933752997000,-0.5090312605929239,-0.8273623354283997,-0.23739996135982508,-2.6152852782643357,0.7756609851759757,-0.56048586966819,0.29018205660951907,3.66041536956903,-0.37314502785782394,-0.03643014983170978,0.9270575129776053,0.026968763421913827,0.0,0.0,0.0,1.0
1544681933785862000,-0.5107506088614526,-0.826390657314586,-0.23709132639306624,-2.732405467662972,0.7759390871120821,-0.5618476468913146,0.28678520668675067,3.8284462325113684,-0.37020581929424895,-0.0374927084359133,0.9281928399717456,0.028037481818829105,0.0,0.0,0.0,1.0
1544681933853880000,-0.5107506088614526,-0.826390657314586,-0.23709132639306624,-2.732405467662972,0.7759390871120821,-0.5618476468913146,0.28678520668675067,3.8284462325113684,-0.37020581929424895,-0.0374927084359133,0.9281928399717456,0.028037481818829105,0.0,0.0,0.0,1.0
1544681933886723000,-0.5115572876211435,-0.8259938212379775,-0.23673476457500878,-2.852377466624065,0.7759668203195256,-0.5624231876925099,0.2855795015560522,3.997769588810472,-0.36903202468743285,-0.037608047310148815,0.9286554794608235,0.029281834460662876,0.0,0.0,0.0,1.0
1544681933954762000,-0.5115572876211435,-0.8259938212379775,-0.23673476457500878,-2.852377466624065,0.7759668203195256,-0.5624231876925099,0.2855795015560522,3.997769588810472,-0.36903202468743285,-0.037608047310148815,0.9286554794608235,0.029281834460662876,0.0,0.0,0.0,1.0
1544681933987578000,-0.5140957015117164,-0.8241604671471137,-0.23762393414601332,-2.975100642082758,0.7730219093823016,-0.5652347154297046,0.2880049376105245,4.1687584682214895,-0.371675580718074,-0.0356264068487651,0.9276788354990803,0.03157236814321793,0.0,0.0,0.0,1.0
1544681934055620000,-0.5140957015117164,-0.8241604671471137,-0.23762393414601332,-2.975100642082758,0.7730219093823016,-0.5652347154297046,0.2880049376105245,4.1687584682214895,-0.371675580718074,-0.0356264068487651,0.9276788354990803,0.03157236814321793,0.0,0.0,0.0,1.0
1544681934088439000,-0.516220706937921,-0.8224212831572637,-0.2390385214530799,-3.076514114688416,0.7696876872819317,-0.5678966283213902,0.29167496222300143,4.321615885109142,-0.375628867068422,-0.0334163515536643,0.9261675343444814,0.024052224164254257,0.0,0.0,0.0,1.0
1544681934132373453,-0.5165589450566719,-0.8222938147175185,-0.23874618019824123,-3.1014306619738075,0.7693512763494422,-0.5681184190041061,0.2921302373390345,4.340412274609898,-0.37585298969334313,-0.032777191240064146,0.9260994470751985,0.03431544188004991,0.0,0.0,0.0,1.0
1544681934156443000,-0.5165589450566719,-0.8222938147175185,-0.23874618019824123,-3.1014306619738075,0.7693512763494422,-0.5681184190041061,0.2921302373390345,4.340412274609898,-0.37585298969334313,-0.032777191240064146,0.9260994470751985,0.03431544188004991,0.0,0.0,0.0,1.0
1544681934189259000,-0.5176743304361231,-0.8214484905449639,-0.23923976464817348,-3.140571074119633,0.7677736178394032,-0.5694062521079106,0.2937689428959737,4.392507899327128,-0.3775406724543826,-0.031605338818374844,0.925453479760527,0.035197383226539654,0.0,0.0,0.0,1.0
1544681934257319000,-0.5187837802890123,-0.8203780931974686,-0.24050607790808493,-3.2306154457405296,0.7644433812899306,-0.5711018801113957,0.2991136227844676,4.513096934084269,-0.3827397367808334,-0.028677983452768317,0.9234109957944094,0.037565675649529846,0.0,0.0,0.0,1.0
1544681934292563000,-0.5229133420694975,-0.8171291949041424,-0.24261392276829294,-3.363063335929731,0.7571122624757032,-0.576014400886806,0.308201933770602,4.691993245034031,-0.39158991138004784,-0.022523072754940473,0.919864148936701,0.042729139412888806,0.0,0.0,0.0,1.0
1544681934358169000,-0.5229133420694975,-0.8171291949041424,-0.24261392276829294,-3.363063335929731,0.7571122624757032,-0.576014400886806,0.308201933770602,4.691993245034031,-0.39158991138004784,-0.022523072754940473,0.919864148936701,0.042729139412888806,0.0,0.0,0.0,1.0
1544681934393394000,-0.5300750981002172,-0.8118613741182301,-0.24474782856831884,-3.499763110696937,0.7466652392338736,-0.5836913119009005,0.31905402823225687,4.878129793186646,-0.40188482292053507,-0.013622100655451948,0.9155888965468412,0.049099799770610096,0.0,0.0,0.0,1.0
1544681934459038000,-0.5300750981002172,-0.8118613741182301,-0.24474782856831884,-3.499763110696937,0.7466652392338736,-0.5836913119009005,0.31905402823225687,4.878129793186646,-0.40188482292053507,-0.013622100655451948,0.9155888965468412,0.049099799770610096,0.0,0.0,0.0,1.0
1544681934494257000,-0.5346719730123374,-0.8082029968063538,-0.24684772072742664,-3.59789092301248,0.7398934534937164,-0.5888396147119411,0.32530844689776467,4.980095862574622,-0.4082689784348525,-0.008707703435661403,0.9128201450168804,0.04567674097204316,0.0,0.0,0.0,1.0
1544681934559898000,-0.5398426120095765,-0.8034881660273664,-0.25095163142059634,-3.642302555811744,0.7334348009610501,-0.5952809538778353,0.32819807843666776,5.072321355501769,-0.4130899986660358,-0.006881351922041429,0.9106642081458016,0.055556373396173045,0.0,0.0,0.0,1.0
1544681934595127000,-0.5424092879245316,-0.801358896398916,-0.25222228992600143,-3.678969412947823,0.7300996097427709,-0.5981634288628513,0.33038624702685543,5.122850960985903,-0.41562810808059775,-0.0049428264535068735,0.9095212170367399,0.057158074691883776,0.0,0.0,0.0,1.0
1544681934660745000,-0.5470185787236393,-0.7966710825857416,-0.2570717034269515,-3.76829999713888,0.7219389671338595,-0.6044116761108964,0.33688373886923384,5.247360097943123,-0.4237626720994518,-0.001308416020041452,0.9057723145375178,0.06079288404879684,0.0,0.0,0.0,1.0
1544681934695984000,-0.5513439990385459,-0.7910002588718684,-0.2652138480336624,-3.90602784858965,0.7116297019604455,-0.611813526219858,0.3453510915316633,5.443418935404159,-0.4354342223710405,0.0016732002454158562,0.9002189946835525,0.06592839029788028,0.0,0.0,0.0,1.0
1544681934761605000,-0.5513439990385459,-0.7910002588718684,-0.2652138480336624,-3.90602784858965,0.7116297019604455,-0.611813526219858,0.3453510915316633,5.443418935404159,-0.4354342223710405,0.0016732002454158562,0.9002189946835525,0.06592839029788028,0.0,0.0,0.0,1.0
1544681934796869000,-0.5546265979860955,-0.785744717848624,-0.2738513742513594,-4.048794132403398,0.700350201158764,-0.6185236066603513,0.35628379662952875,5.653730120169996,-0.4493316509475501,0.00581260499766171,0.8933461149408382,0.07006002843812664,0.0,0.0,0.0,1.0
1544681934862440000,-0.5546265979860955,-0.785744717848624,-0.2738513742513594,-4.048794132403398,0.700350201158764,-0.6185236066603513,0.35628379662952875,5.653730120169996,-0.4493316509475501,0.00581260499766171,0.8933461149408382,0.07006002843812664,0.0,0.0,0.0,1.0
1544681934897710000,-0.5567150896797783,-0.7820490888896787,-0.28012056598840007,-4.1995421456506765,0.6923483121054601,-0.62315784049044,0.3637693232805825,5.8784815885647905,-0.4590447948158858,0.008574870384806666,0.8883717397296725,0.07226954271590195,0.0,0.0,0.0,1.0
1544681934963318000,-0.5567150896797783,-0.7820490888896787,-0.28012056598840007,-4.1995421456506765,0.6923483121054601,-0.62315784049044,0.3637693232805825,5.8784815885647905,-0.4590447948158858,0.008574870384806666,0.8883717397296725,0.07226954271590195,0.0,0.0,0.0,1.0
1544681934998574000,-0.557953442780353,-0.7804668426324047,-0.2820628710783431,-4.36008797971574,0.6888097362363709,-0.6251081351279998,0.36712527380007,6.114950283990908,-0.4628488986219303,0.010551158618881645,0.8863743961195317,0.07406471000797289,0.0,0.0,0.0,1.0
1544681935064177000,-0.557953442780353,-0.7804668426324047,-0.2820628710783431,-4.36008797971574,0.6888097362363709,-0.6251081351279998,0.36712527380007,6.114950283990908,-0.4628488986219303,0.010551158618881645,0.8863743961195317,0.07406471000797289,0.0,0.0,0.0,1.0
1544681935099427000,-0.5587568109149357,-0.7788802116528045,-0.28484459298335707,-4.4691422706870965,0.6863400745716934,-0.62708763135636,0.3683726437139346,6.274669258970336,-0.4655406838216124,0.010330464440361028,0.8849661876090812,0.07565535120396272,0.0,0.0,0.0,1.0
1544681935131674672,-0.5587568109149357,-0.7788802116528045,-0.28484459298335707,-4.4691422706870965,0.6863400745716934,-0.62708763135636,0.3683726437139346,6.274669258970336,-0.4655406838216124,0.010330464440361028,0.8849661876090812,0.07565535120396272,0.0,0.0,0.0,1.0
1544681935165024000,-0.5587568109149357,-0.7788802116528045,-0.28484459298335707,-4.4691422706870965,0.6863400745716934,-0.62708763135636,0.3683726437139346,6.274669258970336,-0.4655406838216124,0.010330464440361028,0.8849661876090812,0.07565535120396272,0.0,0.0,0.0,1.0
