1559194816098152294,-0.15517560163425756,0.9878756724715909,-0.004710456055314487,2.1434276122974715e-06,-0.9866244291141781,-0.1552165173340094,-0.04980028736683062,-6.699276406149025e-06,-0.049927632955747196,-0.003080338537264841,0.9987480878489491,-3.2052698898153492e-06,0.0,0.0,0.0,1.0
1559194816162231000,-0.17346150927689194,0.9848144146127314,-0.007188433095352808,-0.005502299941553803,-0.9836114146049387,-0.17360495825611533,-0.04868165494068846,-0.01635315827212912,-0.04919034314023863,-0.0013737684943957824,0.9987884775576191,0.005014043634697067,0.0,0.0,0.0,1.0
1559194816182542000,-0.17636278621052165,0.984291988974557,-0.008089998799477064,-0.008011533283893047,-0.9830777804766169,-0.1765469764472301,-0.04887987971047385,0.004690136726666701,-0.049540338848568614,-0.0006674937115259663,0.9987719005252965,0.005620644257860882,0.0,0.0,0.0,1.0
1559194816263083000,-0.17415392225372722,0.9846877609838052,-0.0077733346992728955,0.0007475464382540294,-0.9834590904371285,-0.1743248848743396,-0.049183858633891096,-0.0011019316520404425,-0.04978582931129041,-0.000920805219654782,0.998759492229003,-0.00012202821686180638,0.0,0.0,0.0,1.0
1559194816283406000,-0.17613246004233749,0.9843334435480574,-0.008064020849266447,0.0008541943502122299,-0.983109284228162,-0.17631550646561378,-0.04908133498764672,-0.001269523805070565,-0.04973421140251369,-0.0007170025084129121,0.9987622310257683,-0.00013722928563470908,0.0,0.0,0.0,1.0
1559194816363957000,-0.15910868385984753,0.9872501492208954,-0.0046443065905824935,0.008284651054571785,-0.9859886886650591,-0.1591406234541245,-0.05000567758954004,-0.029559971984647822,-0.05010721050850288,-0.0033771037817847036,0.998738135161117,0.0012798736016571854,0.0,0.0,0.0,1.0
1559194816384292000,-0.18773814857506216,0.9821711868608717,-0.009702951608417863,0.001643995739879404,-0.9809728632214978,-0.18798827023713488,-0.048504142877346945,-0.002739181653329024,-0.04946341266657409,0.0004122542389959428,0.9987758511567151,-0.00030914326271142196,0.0,0.0,0.0,1.0
1559194816464778000,-0.1444538779329274,0.9895079801095082,-0.002652253709496339,0.02141155604966341,-0.9882252835797862,-0.14440220824044514,-0.05058449514359638,-0.0500607634954947,-0.05043675290686462,-0.0046861023125792664,0.9987162632105906,0.004134737327552186,0.0,0.0,0.0,1.0
1559194816485146000,-0.1993353720831107,0.9798655351467667,-0.011355283705422622,0.0024519056854219443,-0.9786957480219268,-0.1996523919163395,-0.04789107647447341,-0.0047453476807615335,-0.0491939248310907,0.001566982331579901,0.9987880167112955,-0.0010652604758443415,0.0,0.0,0.0,1.0
1559194816565646000,-0.1299040705148092,0.991526425163219,-0.0005297798895787522,0.03135838467568101,-0.9902307462406114,-0.1297615887571939,-0.05103919359642333,-0.07925994122760646,-0.05067545425003832,-0.006105594668567892,0.9986965104826875,0.002465431840289319,0.0,0.0,0.0,1.0
1559194816585973000,-0.21110829150821395,0.9773768744860375,-0.01295123455065756,0.0030520943787989015,-0.9762680776595238,-0.2114866467706363,-0.04662658877391847,-0.008947114562948619,-0.0483107627704567,0.0028006173631700657,0.9988284270799057,-0.0034959870931384244,0.0,0.0,0.0,1.0
1559194816666509000,-0.11412524638567204,0.9934634218535086,0.0024202430719618556,0.023794030370061465,-0.9922169421095246,-0.11385923763885326,-0.050414420507682974,-0.11863372987716449,-0.04980931567725015,-0.008154964341854042,0.9987254520779695,-8.484268180363682e-05,0.0,0.0,0.0,1.0
1559194816686831000,-0.22293153732561818,0.9747265625848003,-0.01447956688769604,0.00320790911034621,-0.9736788716866868,-0.22336569075320503,-0.0453566205232057,-0.016760499376953376,-0.047444541272724794,0.003987027208590892,0.9988659164860201,-0.006249247089942556,0.0,0.0,0.0,1.0
1559194816767346000,-0.09977820699758068,0.994999005985425,0.0046138374880619155,0.04168541631459478,-0.9937178530310972,-0.09941137904830531,-0.051402395692980336,-0.12769822005651685,-0.050686664672391864,-0.009713691560497041,0.9986673651525103,-0.00025787525660452975,0.0,0.0,0.0,1.0
1559194816787703000,-0.23474579341965168,0.9719216288620103,-0.0162098680437493,0.002316976815559057,-0.9709252210566652,-0.2352443214149646,-0.044320698980074166,-0.02926606696329391,-0.04688952535319444,0.005334472066685541,0.9988858372306231,-0.008269267887610014,0.0,0.0,0.0,1.0
1559194816868222000,-0.08468225584498199,0.9963719596199867,0.008475472141845356,0.04980419979175748,-0.9950787805852123,-0.08412701330772145,-0.05235328128177166,-0.15457106038360854,-0.05145032530558915,-0.012867156443618742,0.9985926598523538,0.0035709391294290707,0.0,0.0,0.0,1.0
1559194816888528000,-0.24655617123016033,0.9689577010980055,-0.018194172451368628,-5.792143319113398e-06,-0.9679819715463632,-0.24713401443885663,-0.043996382448500695,-0.04707205471858607,-0.04712703247122746,0.006764051315650188,0.998866002234661,-0.009076513697534924,0.0,0.0,0.0,1.0
1559194816969081000,-0.06969461238378045,0.9975116808940577,0.010635200260810735,0.06747956360553199,-0.9962387624162001,-0.06904750877111936,-0.05235236185632962,-0.18676935703106584,-0.051487758390790235,-0.014243876312830925,0.9985720418294701,0.007498853116717948,0.0,0.0,0.0,1.0
1559194816989399000,-0.25850326652551486,0.9657976442186732,-0.020272434913026362,-0.004141120972017415,-0.9648425733292477,-0.2591654822256822,-0.043727125610164355,-0.07052559408769804,-0.047485470272873954,0.008256103463135007,0.9988378080892673,-0.009609527737748006,0.0,0.0,0.0,1.0
1559194817069950000,-0.056422429917966234,0.9983285372045158,0.012515638427204965,0.0495672976651921,-0.9970611017719885,-0.055691268524365144,-0.05260838282416785,-0.24782632751287909,-0.051823438089143456,-0.015447149032603042,0.9985367879309142,0.01212045983169985,0.0,0.0,0.0,1.0
1559194817090270000,-0.27033806565725815,0.962506650899281,-0.022322124256905364,-0.010522655400688039,-0.9615821446809382,-0.2710823921064141,-0.04329105820693944,-0.100257679649649,-0.047719066289105466,0.009761335180869714,0.9988130991571866,-0.010880242991894907,0.0,0.0,0.0,1.0
1559194817098687149,-0.2718334382032406,0.9620537976236637,-0.02364471087774644,0.003147855403494825,-0.9611703234016788,-0.27263311669608825,-0.04269418101442086,-0.07887669756480357,-0.04752043020133368,0.011120888384681192,0.9988083572713117,-0.014703524845944189,0.0,0.0,0.0,1.0
1559194817170808000,-0.04178215273132751,0.9990235433492802,0.014360067791741036,0.07764800879170021,-0.9978077382875987,-0.04098440435226051,-0.051961485864790755,-0.2662592260420621,-0.05132220890143425,-0.016499649503483114,0.9985458389276589,0.01725457047794403,0.0,0.0,0.0,1.0
1559194817191125000,-0.2823063566124535,0.9589896316303191,-0.0253378657693917,-0.0021249972771397734,-0.9580423857582889,-0.28319573014961036,-0.044214991977763324,-0.12454696994193588,-0.04957729426628854,0.011792576078840088,0.9987006693913137,-0.01513750070117337,0.0,0.0,0.0,1.0
1559194817271661000,-0.02882477701345967,0.9994331850209371,0.01739082830185886,0.06274411291262655,-0.9982024699547308,-0.027866009177487775,-0.05305953739714067,-0.3093269044083307,-0.05254484947549829,-0.018888997099384127,0.9984399053434206,0.015548754774304983,0.0,0.0,0.0,1.0
1559194817292009000,-0.293013893881428,0.9557244488061879,-0.027085714805977348,-0.004817032657694017,-0.9547190920909329,-0.2939972747470713,-0.04557474781455651,-0.17507035991623476,-0.0515200270720816,0.012505214728389343,0.9985936643175195,-0.015991689499582424,0.0,0.0,0.0,1.0
1559194817372529000,-0.014758757351821038,0.9996903258825232,0.020035753500343204,0.08492182963020346,-0.9985246516753467,-0.013688410839695084,-0.052546621254912024,-0.35413433852344317,-0.05225609130095288,-0.020781716617742668,0.9984174583691753,0.03164206079354294,0.0,0.0,0.0,1.0
1559194817392864000,-0.30375191140068447,0.9523085403356337,-0.029038256219091237,-0.005351995996003589,-0.9512319952770683,-0.30484715267550083,-0.0471794941351298,-0.23142788354148186,-0.05378166492065049,0.013291256880189915,0.9984642582530988,-0.016703712544642955,0.0,0.0,0.0,1.0
1559194817473402000,-0.002193987927553046,0.9997738987953001,0.021150359444165767,0.08418790418803511,-0.9986407383176896,-0.001089099122428916,-0.05211036015419495,-0.40013856514999757,-0.05207554310107706,-0.02123594007208483,0.9984173339140232,0.03383115855083438,0.0,0.0,0.0,1.0
1559194817493716000,-0.3144302626874507,0.9487724252522426,-0.031056319602946466,-0.0041826960378484315,-0.9475906930984482,-0.31565373565612903,-0.04934164082731429,-0.2943299109933588,-0.056617031532056654,0.013914174330880697,0.9982990070581002,-0.016811602290700035,0.0,0.0,0.0,1.0
1559194817574239000,0.009498433800855122,0.9996975417155906,0.022684903419085013,0.07423219897204132,-0.9986051771949424,0.010661470090817898,-0.05171105428203663,-0.46289788744317517,-0.051937268264589206,-0.022162087972595227,0.9984044080541256,0.04654461330800841,0.0,0.0,0.0,1.0
1559194817594553000,-0.32510225568229306,0.9450963642847936,-0.03318712952253261,-0.001392407640821034,-0.9437937700100587,-0.32646907494357363,-0.05168426061861339,-0.3640628552278042,-0.059681178276653,0.014519136377500378,0.9981118933458116,-0.016538115355890254,0.0,0.0,0.0,1.0
1559194817675099000,0.020370922988381845,0.9994680646307013,0.025467887230030004,0.05369877737497756,-0.9984330513373484,0.021664553708998467,-0.05159543690856875,-0.5388369865180836,-0.05211974188153247,-0.024376933686377906,0.9983432764386454,0.055958574778362004,0.0,0.0,0.0,1.0
1559194817695415000,-0.33572061633261024,0.9413046509574138,-0.03517416459846831,0.0031972789998218286,-0.939879960686581,-0.3372262263603732,-0.05388999679473088,-0.44139021390703964,-0.06258855541588006,0.014967509501902244,0.9979271748931706,-0.0164966962328323,0.0,0.0,0.0,1.0
1559194817775960000,0.03129384737192774,0.9991291081866974,0.0275992806195388,0.07897216613663632,-0.9981692300408211,0.03266982723105979,-0.0509005951675233,-0.5811464866612637,-0.0517579299854416,-0.02595587722937283,0.9983222972171257,0.0654009062692208,0.0,0.0,0.0,1.0
1559194817796301000,-0.3464917709822633,0.9373218914714532,-0.03702869711388282,0.009240970993024483,-0.9357902382560802,-0.34812668581443984,-0.0557175071990905,-0.5273356427746563,-0.06511591684220841,0.015345435550382801,0.9977597080367413,-0.01684886399326601,0.0,0.0,0.0,1.0
1559194817876827000,0.042043779088455614,0.9987095616621853,0.028487402206704007,0.10328313912415504,-0.9978000287233345,0.04343414466553141,-0.050085704116931584,-0.601438116700753,-0.05125839755275384,-0.0263189384607204,0.9983385648960102,0.06217554681732526,0.0,0.0,0.0,1.0
1559194817897106000,-0.35717527285008577,0.9332315361971042,-0.038790776115685655,0.016478248980067566,-0.9315995532230884,-0.3589342750630688,-0.05734508365580998,-0.6230281163994613,-0.0674395796176805,0.015655223797174666,0.9976005298058191,-0.017530881355189046,0.0,0.0,0.0,1.0
1559194817977666000,0.05166935884234414,0.9981964425714813,0.030563694057877757,0.07302583788075145,-0.9973334705943532,0.05315576150959336,-0.050004134334626485,-0.6708486171465593,-0.051538585438883275,-0.02789851350839073,0.9982812465207286,0.06041011958827088,0.0,0.0,0.0,1.0
1559194817997995000,-0.3679784457901785,0.9289398132165128,-0.040776057375833834,0.024280647956119315,-0.92722560531135,-0.3698756700641371,-0.058691273198041724,-0.7294770712856403,-0.06960273190648832,0.016211480989655774,0.9974430548132959,-0.018566703900619194,0.0,0.0,0.0,1.0
1559194818078520000,0.06190849953601721,0.9975768656787349,0.03174483812825035,0.09272404840362697,-0.996779186931782,0.06342088178650003,-0.04908201557633166,-0.7002967173278676,-0.05097636888609508,-0.028604000000224408,0.9982901487038605,0.056373339144431885,0.0,0.0,0.0,1.0
1559194818098866000,-0.3786015152862383,0.9245668830566438,-0.042859904081651544,0.032129295507080505,-0.9227861036173012,-0.38064431008493554,-0.05979729233639646,-0.8474721923699413,-0.07160097481015534,0.016911178400344545,0.9972899841326723,-0.020011109782640698,0.0,0.0,0.0,1.0
1559194818099145482,-0.3984999252641763,0.9158520331350001,-0.049120901528073774,0.003867556422850801,-0.9144573885771178,-0.400866599754414,-0.05544054182687357,-0.8336980161928695,-0.07046626172267871,0.022825919561301485,0.997252968586714,-0.0013954790901564503,0.0,0.0,0.0,1.0
1559194818179386000,0.0698536149704684,0.9969335736670839,0.03526928083941346,0.050304348362378695,-0.9962854969607955,0.07150565590379639,-0.04798072237207872,-0.852242365650278,-0.05035554608120219,-0.03178664608196085,0.9982253894335295,0.08394522633906662,0.0,0.0,0.0,1.0
1559194818199692000,-0.38847624870568315,0.9203332867523768,-0.045528512902651905,0.012531564098417294,-0.9189082283264867,-0.3906014665623018,-0.055119526787273346,-0.9700379694001808,-0.06851183916254341,0.020423898132963064,0.9974412224685831,-0.0033742368985110014,0.0,0.0,0.0,1.0
1559194818280232000,0.07505156275914437,0.996585779137168,0.03440999489929108,0.03654895967684997,-0.9959888587813567,0.0766031817142938,-0.04624008796120163,-1.006550055953675,-0.048718129180243645,-0.03080158068680865,0.9983375213405383,0.09500089604007705,0.0,0.0,0.0,1.0
1559194818300538000,-0.3820843239111515,0.9231138383986431,-0.04327136210335368,0.017356114008574897,-0.9217089259100097,-0.3840517775880055,-0.05437727493454808,-1.1056245643226232,-0.06681485852093635,0.019106896357447594,0.9975824282696713,-0.004913807166698928,0.0,0.0,0.0,1.0
1559194818381111000,0.07801391302357874,0.996340566464663,0.034918547959863676,-0.0029716522890998035,-0.9957832716462653,0.07957028690782524,-0.045653536017132554,-1.1470661717017203,-0.04826494881599568,-0.031209694940550682,0.9983468583901624,0.08801472486704764,0.0,0.0,0.0,1.0
1559194818401420000,-0.3762442781040597,0.9256069153528331,-0.04113491758798901,0.0202666149107689,-0.9242308958106837,-0.37806371697688596,-0.05352641529749618,-1.2540838359840858,-0.06509603999426308,0.01787915424834118,0.9977188188164199,-0.00586338691247508,0.0,0.0,0.0,1.0
1559194818481960000,0.07859989790656369,0.9963662107041991,0.032808995961964654,-0.011884386221662793,-0.9958267946100544,0.08000337965957913,-0.043914170602574326,-1.3002298647103612,-0.04637942631969928,-0.0292204279571638,0.9984964273367524,0.09808082675070447,0.0,0.0,0.0,1.0
1559194818502291000,-0.36995564414785764,0.9282418324686751,-0.038728824128001195,0.022548795144779737,-0.9268465782922871,-0.37162659183075025,-0.05337692902503029,-1.4163529851104832,-0.06393935932604641,0.016148581964232016,0.9978231214145715,-0.006247008332992087,0.0,0.0,0.0,1.0
1559194818582820000,0.07853775913491412,0.9963403354688711,0.03373064345431807,-0.013196172702546966,-0.9958517240908339,0.0799688309385656,-0.04340886664766211,-1.4256165680664088,-0.04594740488190258,-0.030181484325582087,0.9984878136404685,0.08721578634019633,0.0,0.0,0.0,1.0
1559194818603156000,-0.3633678665240486,0.9309422302280277,-0.036198861250400796,0.024117227828076057,-0.9295087850413526,-0.3648907947328488,-0.05355489193507005,-1.5927782973212632,-0.06306514178773806,0.014187032716368092,0.9979085709592825,-0.006080661039745941,0.0,0.0,0.0,1.0
1559194818683681000,0.0783314352101153,0.9964915783779635,0.02947406452660392,0.026384422373347944,-0.9960000653304395,0.07949924796985601,-0.04078896215876574,-1.610606617618888,-0.04298902324646753,-0.026161112247423946,0.9987329673572846,0.07347321167309195,0.0,0.0,0.0,1.0
1559194818706335000,-0.35631815205567047,0.9337684136360339,-0.03337550316142829,0.024096737680567207,-0.9322497778672538,-0.3576867351325794,-0.054502763018513166,-1.788713700311546,-0.06283093332179601,0.011693981607764527,0.9979556726689168,-0.0055063344202835665,0.0,0.0,0.0,1.0
1559194818784526000,0.07831009848783933,0.9965841126595189,0.026222792937932237,0.09195624590628602,-0.9961297652905726,0.079273319214914,-0.03796355571861222,-1.8119067650443237,-0.03991264432450874,-0.02314837478725262,0.9989349996710158,0.08386326329130299,0.0,0.0,0.0,1.0
1559194818807148000,-0.34890792673053106,0.9366483873031677,-0.030871624948770982,0.022105491191063472,-0.9350485917931047,-0.3501424785027217,-0.055537156334327376,-1.9991201398735619,-0.06282825519092082,0.009489115361593765,0.9979792417877845,-0.004688581340977733,0.0,0.0,0.0,1.0
1559194818885393000,0.07457336861429051,0.9969125717959274,0.024579196259125,0.0968204549422113,-0.9964804403462101,0.07544197199537316,-0.03654094783765653,-1.9959066217523749,-0.038282433320548745,-0.0217677067390356,0.9990298405164793,0.09971696500716032,0.0,0.0,0.0,1.0
1559194818908020000,-0.34079426944131996,0.9397225786214254,-0.027941745562092588,0.01888483062359107,-0.938106837197279,-0.3418603730164677,-0.055561203773501176,-2.2248526041165433,-0.0617642932419332,0.007277402705755217,0.9980642321465023,-0.003619089665713228,0.0,0.0,0.0,1.0
1559194818986267000,0.06956081455470318,0.9973255423035031,0.022428904286824675,0.12533131377862353,-0.9969292665267405,0.07030855672928878,-0.03447817270532617,-2.1910121485742535,-0.03596290618039933,-0.019961701321922414,0.9991537418532738,0.0998610292120583,0.0,0.0,0.0,1.0
1559194819008867000,-0.33274543418654134,0.9427062881148371,-0.024193601979744937,0.01498553516729672,-0.941049979633788,-0.3335982543895424,-0.05601018210554521,-2.4667264403755,-0.060872094257192914,0.004130256286730141,0.9981370292318348,-0.0021302289240088404,0.0,0.0,0.0,1.0
1559194819087111000,0.06255394211250834,0.9977974392144595,0.022074297797492055,0.12334557242230841,-0.9974249992778262,0.06327733914452797,-0.033754246642710366,-2.4077944350193174,-0.035076703690818924,-0.019905995274182638,0.9991863570977797,0.09550374518184637,0.0,0.0,0.0,1.0
1559194819098452346,-0.3258949313676003,0.9451969271132997,-0.019881214361342364,0.010959694329701942,-0.943577167075833,-0.3264999738689047,-0.05531633426717051,-2.7251115401957735,-0.058776045137962016,0.000732146965595925,0.9982709253898767,-9.141758524291958e-05,0.0,0.0,0.0,1.0
1559194819109723000,-0.3258949313676003,0.9451969271132997,-0.019881214361342364,0.010959694329701942,-0.943577167075833,-0.3264999738689047,-0.05531633426717051,-2.7251115401957735,-0.058776045137962016,0.000732146965595925,0.9982709253898767,-9.141758524291958e-05,0.0,0.0,0.0,1.0
1559194819187958000,0.05348112088666449,0.998381153293956,0.01936084853861416,0.15133450356790568,-0.9980184830942037,0.05408523606535026,-0.032154232102568216,-2.6945432702489027,-0.03314931539348011,-0.017602840315829017,0.9992953832084671,0.10182469221635096,0.0,0.0,0.0,1.0
1559194819210581000,-0.31693215428992966,0.9483217791133965,-0.015485891525710418,0.007574333652008574,-0.9467104816405233,-0.31729722839541874,-0.055332926947310075,-2.972301040619584,-0.05738705018656477,-0.002876127915640026,0.9983478624002244,0.0024517357067404206,0.0,0.0,0.0,1.0
1559194819288826000,0.03441235683864959,0.9988779468391636,0.032536702586273954,0.1935689439918863,-0.9987372710742851,0.03556333877576894,-0.03548397246943662,-3.156601815598912,-0.03660127134269027,-0.031274530428099856,0.9988404530667562,0.02897040714205591,0.0,0.0,0.0,1.0
1559194819311459000,-0.308858909255878,0.9510507920359199,-0.01041945973265161,0.004944006788949462,-0.9495175164513286,-0.30895721959559125,-0.05442354648368279,-3.2328639604239275,-0.054978724297398446,-0.006915737676674936,0.9984635759240365,0.005265214346152442,0.0,0.0,0.0,1.0
1559194819389666000,0.017774485939957785,0.9994033204484523,0.029615379892452276,0.22651725489043079,-0.9991620560695171,0.01884681085619387,-0.03633157623182174,-3.4253804206346565,-0.03686805338647614,-0.028944788773713467,0.9989008688765569,0.03535647144013497,0.0,0.0,0.0,1.0
1559194819412318000,-0.301742081945393,0.9533730573902656,-0.00561510690856914,0.0034307844876795826,-0.9520643359127474,-0.3016278519223199,-0.05093269311307436,-3.5062686563581775,-0.050251529989477725,-0.010022593829038884,0.9986863027731263,0.007970413504339094,0.0,0.0,0.0,1.0
1559194819490517000,-0.0027513677684343433,0.9995359518664487,0.030336626408271755,0.17883870659485443,-0.9992414995221489,-0.001569621306115294,-0.03890966360278212,-3.6985584998028465,-0.038843990630844,-0.03042067085696208,0.9987821219747988,0.03336754533080201,0.0,0.0,0.0,1.0
1559194819513176000,-0.293118045683746,0.9560747520592591,-0.0016969883226033223,0.002959754452133178,-0.9549448545818557,-0.2928570386016742,-0.04811527459236285,-3.793708034357148,-0.04649877420085565,-0.012482924989094703,0.9988403478942656,0.010780664812643937,0.0,0.0,0.0,1.0
1559194819591373000,-0.02773515408094797,0.9992207313645173,0.02808364718947851,0.173531451942157,-0.9988250101622401,-0.02658535140480956,-0.040519355437701146,-4.026500743810617,-0.03974116634561761,-0.029174459755749015,0.9987840059769933,0.04318144830209722,0.0,0.0,0.0,1.0
1559194819614013000,-0.28207121945486663,0.9593916764335385,0.0018542775650345054,0.004291302134873278,-0.9583369018247325,-0.28166936962772643,-0.04746313110716736,-4.0962819957456444,-0.045013439728832094,-0.015165005887343258,0.9988712694037275,0.013982311011727568,0.0,0.0,0.0,1.0
1559194819692231000,-0.0544074975089323,0.9980799196621761,0.029602334062647236,0.15740936458158983,-0.9976642176449411,-0.05311074432414029,-0.04295762642704506,-4.307421179908343,-0.04130294233738398,-0.03187040640589418,0.9986382448864043,0.059642957725648996,0.0,0.0,0.0,1.0
1559194819714883000,-0.26827601546632324,0.9633229479167367,0.00607268824482368,0.009018567169551373,-0.9623107894514106,-0.26769188060430393,-0.04794790468769566,-4.413976291231574,-0.044563707553601305,-0.018707086238542545,0.9988313776076226,0.01823303032337583,0.0,0.0,0.0,1.0
1559194819793098000,-0.08525936355260602,0.9959210488872929,0.029531429187227783,0.1649760972260034,-0.995465276522891,-0.08389052190174605,-0.0448471133102096,-4.6422783558064245,-0.04218677712045028,-0.033221148659979965,0.9985572748309947,0.03562027293708404,0.0,0.0,0.0,1.0
1559194819815729000,-0.2543859991668509,0.9670428221848615,0.010767705819721089,0.017844383714426204,-0.9660882005201507,-0.25359351102595407,-0.04862016023488429,-4.746131147690911,-0.04428715664410505,-0.022770841580108215,0.9987592985950693,0.023935614826383986,0.0,0.0,0.0,1.0
1559194819893951000,-0.11909286392829507,0.992565379036931,0.025116888713170322,0.13808594144464126,-0.9920415387132391,-0.1179125066617073,-0.044161365923426135,-5.005494168402012,-0.04087144759886086,-0.030176300469508945,0.9987086240045939,0.052132874525786035,0.0,0.0,0.0,1.0
1559194819916627000,-0.2398922369496573,0.9706775370538973,0.0153894025311702,0.030267325771486105,-0.9697837272037158,-0.23888612331395312,-0.04952718989505406,-5.092724270977428,-0.044398615993742584,-0.026805580519871447,0.9986542062950692,0.03076935346703373,0.0,0.0,0.0,1.0
1559194819994841000,-0.1585647241855555,0.9870329547183384,0.024963464181572782,0.10168633514801884,-0.9864182850446248,-0.1572673852858947,-0.04739131201986149,-5.353036418156455,-0.042850847991428485,-0.03213900784598085,0.9985644140470332,0.07061603871196633,0.0,0.0,0.0,1.0
1559194820017487000,-0.22410267771815282,0.9743753975441609,0.01925031169119484,0.04669620344327647,-0.9735610649537185,-0.22293142987306894,-0.0498039193330625,-5.453255706219886,-0.04423621418858979,-0.02990254563416885,0.9985734800798879,0.03743021616860187,0.0,0.0,0.0,1.0
1559194820095677000,-0.20325938650070452,0.9788877874281646,0.021548118789177277,0.06236845116461994,-0.9781646056979397,-0.20203637971225338,-0.048737105295274454,-5.740641289671876,-0.04335465325836964,-0.030983881241085757,0.9985791772033328,0.04207487930157199,0.0,0.0,0.0,1.0
1559194820098067025,-0.23736432390118745,0.9711702589520115,0.022056877975267532,0.018656093066550524,-0.9699795286602818,-0.23571471336942118,-0.05981879204025366,-5.828647478530702,-0.052895101086165186,-0.035593567231387756,0.9979655335996487,-0.0037116206151288082,0.0,0.0,0.0,1.0
1559194820118322000,-0.233708072928795,0.9720730108704049,0.021321308244333176,0.016568685393954057,-0.9708830484719393,-0.23212346494070138,-0.0592013784785561,-5.886510996305641,-0.05259888627858506,-0.03453633682461964,0.9980183358040016,0.0001835922285217393,0.0,0.0,0.0,1.0
1559194820196521000,-0.18625418373697245,0.9823419308426717,0.017711858986749877,0.06013852367256451,-0.9814236934090709,-0.1851754035328137,-0.050175730605163546,-6.106679402419637,-0.04600992344893046,-0.026728277811187747,0.9985833395913806,0.03564379386958297,0.0,0.0,0.0,1.0
1559194820219183000,-0.2188110222872542,0.9756080522345303,0.017625689794905846,0.0020632883412804877,-0.9743638255421944,-0.21749220267311517,-0.05755238701548221,-6.213399756297165,-0.05231512210049539,-0.029766931174313806,0.9981868852114198,0.017760858305338093,0.0,0.0,0.0,1.0
1559194820297399000,-0.19657984621738134,0.9803771971681539,0.014728045826448124,-0.0034960695373500127,-0.979134984843377,-0.1954976612219771,-0.05545580143232437,-6.491263909753444,-0.05148830466149515,-0.025322237844479813,0.9983525122689053,0.029011137317206837,0.0,0.0,0.0,1.0
1559194820320032000,-0.19338374860366705,0.9810336432235033,0.013255815312920962,-0.00012275071043875644,-0.9797669384557397,-0.19238863592494632,-0.055166648221605045,-6.567544856624876,-0.051570069663144806,-0.023655942816869106,0.9983891647470868,0.03159763179179912,0.0,0.0,0.0,1.0
1559194820398256000,-0.1992312633812763,0.9798432986598674,0.014629209235302735,-0.091484698953934,-0.9786156176460679,-0.1981577750756279,-0.055181238444669226,-6.855135529774364,-0.05117007514857799,-0.02531020048175424,0.9983691787915246,0.02529955510833757,0.0,0.0,0.0,1.0
1559194820420886000,-0.1779191544800317,0.9840113068964799,0.008156124630465604,0.012909860191857393,-0.9827139121942743,-0.17724139274529543,-0.05346826607937967,-6.923664830330578,-0.05116777549335124,-0.017528165836305416,0.9985362397797487,0.04006592282455958,0.0,0.0,0.0,1.0
1559194820499114000,-0.2034425004707914,0.9789454269519434,0.016643318541397507,-0.2203130341079494,-0.9777377853538939,-0.20224075033961586,-0.0559240734687454,-7.215737342042858,-0.051380658748799324,-0.02765013475459917,0.9982962976764934,-0.01764842507135753,0.0,0.0,0.0,1.0
1559194820521734000,-0.16351888820420685,0.9865365996088609,0.002666614453173021,0.02256700666413187,-0.9852524907257592,-0.1631667925027636,-0.05151822340736617,-7.308706469954003,-0.050389510011026956,-0.011051491145622365,0.9986684944586512,0.04423839172379864,0.0,0.0,0.0,1.0
1559194820599967000,-0.2059853853999604,0.9784106975448645,0.016808567202550445,-0.35188150899142256,-0.9772980231855748,-0.2048200577482721,-0.05419702779274104,-7.667050806654997,-0.04958422006246204,-0.027590775157054468,0.9983887791071335,-0.03116097745801047,0.0,0.0,0.0,1.0
1559194820622591000,-0.14745556561017623,0.9890636986739985,-0.0031394483416148614,0.027799561343674086,-0.987779131158587,-0.14742460484633094,-0.05058037102960373,-7.723876986186717,-0.05049004078204112,-0.004357275663745032,0.9987150594291745,0.04481708879765027,0.0,0.0,0.0,1.0
1559194820700816000,-0.20695061234629372,0.9781882120071043,0.017868014434714946,-0.4805973939757773,-0.977167612838758,-0.20576757443279822,-0.05294489334250398,-7.925637113319645,-0.048113412563449316,-0.028417023109179297,0.9984375655638733,-0.04268864541342997,0.0,0.0,0.0,1.0
1559194820723463000,-0.1283711591381,0.9916849485643705,-0.009044793663730108,0.027701207695250776,-0.9905451040663228,-0.12865792130997294,-0.04761865279947802,-8.16864411714103,-0.04838638560360817,0.002846414424434382,0.9988246370675613,0.0414990669275465,0.0,0.0,0.0,1.0
1559194820801686000,-0.210071317259235,0.9775198238671139,0.01802874404327007,-0.5928363538182037,-0.9765450395557317,-0.20889983194873704,-0.05215981145372539,-8.345044477912815,-0.0472210481043016,-0.028563160864952714,0.9984759979375248,-0.02510252054009711,0.0,0.0,0.0,1.0
1559194820824307000,-0.10499450181147496,0.9943577083195766,-0.015129523944807355,0.021236512611622273,-0.9934519037942968,-0.10556375528453818,-0.0436990665542757,-8.64381259659749,-0.045049633037895484,0.010442292643977738,0.9989301722780682,0.03401622386062891,0.0,0.0,0.0,1.0
1559194820902519000,-0.21441835094626563,0.9765947823792653,0.01695292915932917,-0.7036942673960616,-0.9756759405283265,-0.2133414075947731,-0.05041728750785956,-8.762201042115288,-0.045620498152185204,-0.027350956748857607,0.998584345617971,-0.029412805680179458,0.0,0.0,0.0,1.0
1559194820925188000,-0.08273695254531951,0.9963734046377023,-0.0198654276114069,0.008479821622834107,-0.995814230499286,-0.08343457149229393,-0.03731877027736456,-9.148167523206164,-0.038840893638418965,0.01669463418490464,0.9991059374114462,0.020553140391205604,0.0,0.0,0.0,1.0
1559194821003393000,-0.21741379544064723,0.9759234993293754,0.01745179099120722,-0.7520379458264278,-0.97499656299683,-0.21629585614904626,-0.05096866446281157,-9.046193849645698,-0.04596676730491449,-0.028096727023966764,0.9985477606174276,-0.018365885817057295,0.0,0.0,0.0,1.0
1559194821026023000,-0.06855608728784014,0.997360231511954,-0.02392971989390424,-0.009461084920443431,-0.9969992634788772,-0.06935622565125386,-0.0343828821652624,-9.682578339998281,-0.03595179436912727,0.021500757238549283,0.9991222077002454,0.0022674996040822916,0.0,0.0,0.0,1.0
1559194821098750435,-0.057531795923390056,0.9979897456678943,-0.0265811963530185,-0.025245941295137346,-0.997769249197554,-0.0583813839668863,-0.03237498049207206,-10.081508434358714,-0.03386174557787083,0.024659309557230596,0.9991222651100229,-0.012995931633060521,0.0,0.0,0.0,1.0
1559194821104240000,-0.22039879412491906,0.9752240998213506,0.01903488050710303,-0.9399173753171212,-0.974341542204223,-0.2192023908737904,-0.05107710808487453,-9.407100398823188,-0.0456391354363957,-0.029803807858258344,0.9985132960325416,-0.03498720185552809,0.0,0.0,0.0,1.0
1559194821126882000,-0.053431129244732686,0.9981700335101747,-0.028314283143425073,-0.03200589782404627,-0.9980247882736502,-0.05431858243866841,-0.03155968303376642,-10.242809043399953,-0.03303992159450302,0.026572086936237187,0.9991007395537671,-0.019622217189093495,0.0,0.0,0.0,1.0
