1559194816098152294,-0.1561372815349279,0.987712638648396,-0.0067002066466600695,2.175626650117021e-06,-0.986403535454714,-0.15627530764462225,-0.050853647489770816,-6.629439053959548e-06,-0.05127586720200628,-0.0013310427506454637,0.9986836404827506,-2.9231173538511328e-06,0.0,0.0,0.0,1.0
1559194816162231000,-0.17397378828888233,0.9847178750111064,-0.007989219112272674,-0.005786329374313004,-0.9834439105259658,-0.17415502921846404,-0.050080940958748224,-0.01629147076593103,-0.05070696044738585,-0.0008558221338428726,0.9987132079484378,0.005011744337570092,0.0,0.0,0.0,1.0
1559194816182542000,-0.17682814247693657,0.9842027147090098,-0.008764952228773656,-0.008326404182328542,-0.9829158809038981,-0.17704501421095178,-0.05031335816613129,0.004761609027020566,-0.05107033478513471,-0.00028160692526829075,0.9986950193139394,0.005651279740097352,0.0,0.0,0.0,1.0
1559194816263083000,-0.17466571266838893,0.9845904573978933,-0.008574381555058859,0.0004760236494435066,-0.983290350805605,-0.17487557865004194,-0.05058278367588764,-0.0010365494038980785,-0.05130277605190793,-0.0004039713122849783,0.9986830638278336,-9.804845307665766e-05,0.0,0.0,0.0,1.0
1559194816283406000,-0.17659776621072137,0.9842443078777333,-0.008739072013904848,0.0005400495070583478,-0.9829472112038172,-0.17681355437171462,-0.050514819380843866,-0.001194253012434449,-0.0512641098237563,-0.00033075779861810556,0.998685076309471,-0.00010940025864961894,0.0,0.0,0.0,1.0
1559194816363957000,-0.15994859503615325,0.9871037218760932,-0.006533697599511126,0.008046140307919454,-0.9857753752753825,-0.16007239631391643,-0.051222431014165175,-0.028992951947110702,-0.051607716929168226,-0.0017521976719578345,0.998665896762613,0.0013953230166580037,0.0,0.0,0.0,1.0
1559194816384292000,-0.18793241800795793,0.9821345151407698,-0.009654037025346243,0.0009785460502923001,-0.9808537578469176,-0.18818021161866724,-0.05014093809193494,-0.0026083863578574887,-0.051061844652030036,4.609075789929466e-05,0.9986954920777269,-0.000249195700504695,0.0,0.0,0.0,1.0
1559194816464778000,-0.1456238401187406,0.9893239981657415,-0.005632392247202071,0.02120892678454675,-0.9879774930036999,-0.14571961306406006,-0.0516359146969169,-0.04899795709034551,-0.05190539959578621,-0.0019547434142047323,0.9986500931111876,0.004359235996667409,0.0,0.0,0.0,1.0
1559194816485146000,-0.19925868873776045,0.9798897189819479,-0.010588370790022108,0.001382874398946039,-0.9786266943367519,-0.19953930668559997,-0.0497378952002852,-0.004576185916730271,-0.050850448316932056,0.00045135452646593357,0.9987061771036841,-0.0009620746469546754,0.0,0.0,0.0,1.0
1559194816565646000,-0.13140509613218757,0.9913180694482824,-0.004602813902340055,0.03119273622680911,-0.9899589490384358,-0.13146610852718743,-0.05194171278878283,-0.07769300227667875,-0.052095872477629104,-0.002268808948900209,0.9986395108229754,0.002782624374441163,0.0,0.0,0.0,1.0
1559194816585973000,-0.21075977113268782,0.9774706296443785,-0.011466780486345357,0.001598289217712598,-0.9762574891483243,-0.2110694188606065,-0.04869307244007235,-0.00875050810469949,-0.05001633487077179,0.0009319895229974811,0.9987479650250255,-0.003339288608084648,0.0,0.0,0.0,1.0
1559194816666509000,-0.11595582088130543,0.9932505744440401,-0.002746628901975537,0.02365227341370418,-0.991935980525993,-0.11594389497877246,-0.051186167614809035,-0.11653182879586824,-0.05115914523995448,-0.003210854050521165,0.9986853519875915,0.00024600602232254984,0.0,0.0,0.0,1.0
1559194816686831000,-0.22230956405310148,0.9748989082283587,-0.012270960258917957,0.0014562576053610908,-0.9737344094858222,-0.22264385054603297,-0.04765517387790949,-0.016569751003681382,-0.04919103082694934,0.0013544553118687024,0.9987884700661053,-0.006030183379308343,0.0,0.0,0.0,1.0
1559194816767346000,-0.10193265507226107,0.994789931693878,-0.0016509483367737427,0.041617155697367,-0.9934336934733207,-0.10188007984051452,-0.05205714171607356,-0.12511044363782828,-0.05195411920027432,-0.0036662149666575683,0.9986427431098377,0.00022168640652407348,0.0,0.0,0.0,1.0
1559194816787703000,-0.23384965498489654,0.972182291179281,-0.013263920266897117,0.00042756932386924163,-0.9710538897511966,-0.23421764451144797,-0.046866173287138733,-0.029138845045556448,-0.04866910788699606,0.0019203429148604006,0.9988131107572503,-0.00797878604219433,0.0,0.0,0.0,1.0
1559194816868222000,-0.0871595037197027,0.9961937499233204,0.001110641727621496,0.04974787338466951,-0.9948038644903252,-0.08697890557458456,-0.05291447042315471,-0.1514785968184884,-0.05261646231409504,-0.005716869664375051,0.9985984304487922,0.004133570147051064,0.0,0.0,0.0,1.0
1559194816888528000,-0.24538765453939293,0.9693166803265356,-0.014493869062558442,-0.001795032486642148,-0.9681893412427797,-0.24580212344418872,-0.046805081072561115,-0.04709149248280033,-0.04893156960016811,0.0025474204748156047,0.9987988847337527,-0.008705525728044828,0.0,0.0,0.0,1.0
1559194816969081000,-0.07250426469066139,0.99736573930633,0.0021710964050174557,0.06741500960316177,-0.9959833434280408,-0.0722887579694361,-0.0528347904807202,-0.1831984249154947,-0.052538664006347956,-0.005993123490263428,0.9986009068968729,0.008208359329541908,0.0,0.0,0.0,1.0
1559194816989399000,-0.25706353639143126,0.9662653065435672,-0.01580176028787916,-0.005513145756729702,-0.9651359001440902,-0.2575286638286284,-0.04681539874554401,-0.07079982052321011,-0.04930550183290008,0.003216314180198698,0.9987785654548758,-0.009147796500387434,0.0,0.0,0.0,1.0
1559194817069950000,-0.0595503532982054,0.9982209439130199,0.002950009399589733,0.04938964125359398,-0.9968299820023617,-0.05931065413114544,-0.05303049394177106,-0.24366369692955955,-0.05276118273154581,-0.006098642466510753,0.998588535963054,0.012676064971679547,0.0,0.0,0.0,1.0
1559194817090270000,-0.2686280996521296,0.9630926965027995,-0.01707050146448098,-0.011075831179358448,-0.9619689042670317,-0.2691419278162638,-0.046673867577396375,-0.10092243090469544,-0.049545648654270115,0.003883379238344541,0.998764310568374,-0.01031817447272585,0.0,0.0,0.0,1.0
1559194817098687149,-0.27031753679010845,0.9625980034573809,-0.01826233948850066,0.0031476565730329917,-0.9615116921963547,-0.2708852759562434,-0.04600470671372584,-0.07887674068641151,-0.049231037704223886,0.0051235739454468954,0.998774275758335,-0.014703082835720372,0.0,0.0,0.0,1.0
1559194817170808000,-0.04524564086819286,0.9989690593061878,0.0036946625475987116,0.07748759923946838,-0.9976152582526947,-0.04499074040526728,-0.05234147284129156,-0.26166141699788903,-0.05212128628340126,-0.006054075214268714,0.9986224109689625,0.018077202785063716,0.0,0.0,0.0,1.0
1559194817191125000,-0.2803471821602146,0.9597080434422126,-0.019129265724246863,-0.002545667565841025,-0.9585215711719831,-0.28095648562717174,-0.047956759502926195,-0.1253357194611867,-0.05139897910289464,0.004891271445191033,0.998666220721834,-0.014591706259726105,0.0,0.0,0.0,1.0
1559194817271661000,-0.03259290346593252,0.9994529085539305,0.005620162519690129,0.06257366908324534,-0.9980514905856204,-0.03224682623585249,-0.05341689187452945,-0.30412542717530705,-0.053206435545719646,-0.007350223180427024,0.9985564828469708,0.016198543868841432,0.0,0.0,0.0,1.0
1559194817292009000,-0.2906378111046877,0.9566233486114438,-0.02003575922466562,-0.005885253938305936,-0.9553401662577424,-0.29128998783842114,-0.049752484558247274,-0.1764947294403055,-0.05343060444073583,0.004681012339763272,0.9985605933705615,-0.014982591438497912,0.0,0.0,0.0,1.0
1559194817372529000,-0.018857190070159638,0.9997965292307904,0.007162857022368999,0.08452166112593104,-0.9984290956410613,-0.018452376771193678,-0.05290416589335588,-0.34848750413345503,-0.052761229705492164,-0.008149228770804347,0.9985739044809857,0.032519068732422045,0.0,0.0,0.0,1.0
1559194817392864000,-0.30095416405833597,0.9534039500549352,-0.021154175842977786,-0.007217180196246131,-0.9520060354067317,-0.30166245625871846,-0.05180995110125966,-0.233358856808431,-0.05577723267701527,0.004546482552987297,0.998432886984042,-0.015323706578156735,0.0,0.0,0.0,1.0
1559194817473402000,-0.006617991261804935,0.9999523576888782,0.007175273103729675,0.08370561187891885,-0.9986027199193344,-0.006232509116448427,-0.052476314655539674,-0.39393751461800675,-0.05242909460759821,-0.007512535029390577,0.9985963908687332,0.03465934344125811,0.0,0.0,0.0,1.0
1559194817493716000,-0.31121159571487855,0.9500780045167492,-0.0223411733368499,-0.00691273829698869,-0.9485265697787545,-0.31198354178827886,-0.05443910430004411,-0.296664421786934,-0.05869147396640124,0.004249115991529562,0.9982671265232255,-0.015163859421895335,0.0,0.0,0.0,1.0
1559194817574239000,0.004755349651432825,0.9999597591365685,0.007607020259515522,0.07342846816590311,-0.9986282566548713,0.00514541188448325,-0.05210690690295108,-0.45609326827685276,-0.05214395132847518,-0.007348798818520176,0.9986125392241874,0.047178837083959806,0.0,0.0,0.0,1.0
1559194817594553000,-0.32146246688618624,0.9466271667936254,-0.023640843295502957,-0.004982106316739736,-0.9449018259244012,-0.322306620688317,-0.057262392765341515,-0.3667237805884269,-0.06182573694007446,0.003930565958160971,0.9980792197531515,-0.01473016499505368,0.0,0.0,0.0,1.0
1559194817675099000,0.015323351620969667,0.9998394604711166,0.009286989820389037,0.0525238931539798,-0.9985200103835266,0.015786539333830313,-0.05204396256578223,-0.5313616445226385,-0.052182216882643226,-0.008475757233742448,0.9986016111445662,0.05621471824763289,0.0,0.0,0.0,1.0
1559194817695415000,-0.33165235067320153,0.9430758285154919,-0.02479314346263637,-0.0011713776277179479,-0.9411737868683205,-0.332559917998847,-0.05996502190899338,-0.44432641815634666,-0.06479676847564142,0.0034471162468112542,0.9978925273719068,-0.014646235573164558,0.0,0.0,0.0,1.0
1559194817775960000,0.025922864277902233,0.9996107177213112,0.01031591606757889,0.07758977827853084,-0.9983278215375504,0.02642019754012295,-0.05141530809038712,-0.5732595067246261,-0.05166784156240677,-0.008965833961476736,0.9986240774033309,0.06598475914190145,0.0,0.0,0.0,1.0
1559194817796301000,-0.3419884778472285,0.9393497673606169,-0.02580495261170012,0.004262087481042382,-0.9372855711325027,-0.3429485787591428,-0.06230594252480005,-0.5305303672053321,-0.06737684443898427,0.0028786953018111643,0.9977234456234882,-0.01508037388183262,0.0,0.0,0.0,1.0
1559194817876827000,0.03634064247377966,0.9992883959609611,0.01010244536546291,0.10203035597544995,-0.9980369665047887,0.03680738586597811,-0.05066981187685331,-0.5931354480969236,-0.05100559963882099,-0.008241240409196642,0.9986643634184619,0.06309753810424874,0.0,0.0,0.0,1.0
1559194817897106000,-0.3522283902146971,0.9355327949414919,-0.026712370088109998,0.01115334651299907,-0.933311517266393,-0.3532328497485006,-0.06446833018201766,-0.6265008141901705,-0.06974792373015327,0.002223386496873584,0.9975621703371751,-0.015980159053394623,0.0,0.0,0.0,1.0
1559194817977666000,0.045663466534587714,0.9988954460505924,0.011078613786550994,0.0715656496474086,-0.9976476248498753,0.04616842451439759,-0.05067241073072512,-0.6617721477135854,-0.05112792246365497,-0.00873867479915213,0.998653879533498,0.060673832407055414,0.0,0.0,0.0,1.0
1559194817997995000,-0.36258370610854723,0.9315355707499884,-0.02783049572112686,0.018973748393070998,-0.9291697059524443,-0.3636457947213581,-0.06637313855558143,-0.7332899473594723,-0.07194938224083983,0.0017934349621714634,0.9974066723188664,-0.017375321420368232,0.0,0.0,0.0,1.0
1559194818078520000,0.05557824519376091,0.9983919034758904,0.011165381093721232,0.09135697758119442,-0.9971823564973789,0.056068254654584766,-0.0498367205012756,-0.6907814433304648,-0.050382601674742816,-0.008364083558555552,0.9986949662207723,0.056912507916217034,0.0,0.0,0.0,1.0
1559194818098866000,-0.3727537062299454,0.9274758774494539,-0.029037411062363683,0.027309284943205784,-0.9249761501262915,-0.37388003990749014,-0.06806495027779201,-0.8517332643623265,-0.07398510788925515,0.001487450213695785,0.9972582370191153,-0.019326920683806748,0.0,0.0,0.0,1.0
1559194818099145482,-0.390381462170006,0.9201238375528209,-0.031215982462144354,0.0038673494184086454,-0.9177865635653549,-0.3916157639317835,-0.06561186766902308,-0.8336982951649892,-0.07259571428742319,0.0030359524359097547,0.9973568294546843,-0.0013948645408533504,0.0,0.0,0.0,1.0
1559194818179386000,0.063200042857933,0.9979082349221862,0.013598134329380616,0.047504411840403785,-0.9967666555925027,0.06379344795992475,-0.048853150321415656,-0.8418455455326388,-0.049618432882325474,-0.010466645683735738,0.9987134025567254,0.08342374130227935,0.0,0.0,0.0,1.0
1559194818199692000,-0.38191871513865233,0.9236847856079495,-0.0307329117273194,0.008003078225832563,-0.9214621167273943,-0.38313423563598675,-0.06415391585787855,-0.9749674372029008,-0.07103282665860944,0.003817632777897683,0.9974666727349155,-0.002872341000816097,0.0,0.0,0.0,1.0
1559194818280232000,0.06803503991672906,0.9976149093779783,0.011650147222177913,0.032568109342533874,-0.9965332420548746,0.06851243761401253,-0.04719685764738838,-0.9954657891334173,-0.04788246884957819,-0.00839871888774955,0.998817666392576,0.09396200224799112,0.0,0.0,0.0,1.0
1559194818300538000,-0.3766041968872429,0.9258643439609981,-0.030732644998180646,0.010233455075254605,-0.9237505574928845,-0.3778259363414248,-0.0627094040739402,-1.114841186628766,-0.0696719916357899,0.004772673191756362,0.9975585372157896,-0.004046389692373656,0.0,0.0,0.0,1.0
1559194818381111000,0.0706604479506578,0.9974389856236531,0.011071181214003037,-0.0076703122593471664,-0.9963755205504538,0.07110337173982781,-0.04669188982081866,-1.1350637904481067,-0.04735950953318688,-0.007731784094809083,0.9988479846160205,0.08585856909135035,0.0,0.0,0.0,1.0
1559194818401420000,-0.3718249367345478,0.9277894000818175,-0.03087143531114731,0.0117635109391238,-0.9257885004770516,-0.3730587213616698,-0.06117877736968618,-1.2673661799291946,-0.0682778793373364,0.005832624779300842,0.9976492929288232,-0.004728570789779968,0.0,0.0,0.0,1.0
1559194818481960000,0.07085201597046871,0.9974557013626328,0.007881348367915686,-0.01785275945863048,-0.9964508688347796,0.07113623185726832,-0.04500336115849384,-1.2875619701336343,-0.045449508592869343,-0.004664797565272773,0.9989557456826305,0.09544631914544409,0.0,0.0,0.0,1.0
1559194818502291000,-0.36657449168941475,0.9298804796419268,-0.030747936899020077,0.013666140995625041,-0.9279411618942655,-0.3678060381452421,-0.0603648769254478,-1.4333917532200287,-0.06744139756092978,0.006404052217088226,0.9977026841751127,-0.004975052403279164,0.0,0.0,0.0,1.0
1559194818582820000,0.07040998875393806,0.9974882694458806,0.00771918399393554,-0.019736304893926204,-0.9965030845372611,0.07068524588448571,-0.0445555666777341,-1.4123273053074534,-0.04498928751819242,-0.00455503371136288,0.9989770846603493,0.08429316746049763,0.0,0.0,0.0,1.0
1559194818603156000,-0.3610455663603699,0.9320484580815614,-0.030524920954892194,0.015679973746850453,-0.9301502186552604,-0.36227006973705816,-0.05984118404811127,-1.6132162697544417,-0.06683314856486397,0.006787367714302139,0.9977410795854876,-0.004786152704350332,0.0,0.0,0.0,1.0
1559194818683681000,0.06969287282242037,0.9975656263863981,0.0023925990197069895,0.018747237533262327,-0.9966849171141444,0.06973186796815935,-0.04191232022734277,-1.5970666406760996,-0.04197713037983935,0.000536322647652932,0.9991184278568233,0.07122882412573193,0.0,0.0,0.0,1.0
1559194818706335000,-0.3551139144885636,0.9343381552563688,-0.03010513857687142,0.016806987065430545,-0.9324313085648268,-0.3563238211173521,-0.060043228697455285,-1.8122207726162267,-0.06682785754979494,0.006748787776472399,0.9977416956902471,-0.004276036664025423,0.0,0.0,0.0,1.0
1559194818784526000,0.06906775255309082,0.9976100895075392,-0.0019377487010766416,0.08234612288843432,-0.9968563459620075,0.06893972213868074,-0.03904792218182605,-1.798403316011018,-0.03882101328586807,0.004628609316514392,0.9992354601910666,0.08299159368887869,0.0,0.0,0.0,1.0
1559194818807148000,-0.34886219028199617,0.9366908960054451,-0.03008882736433636,0.0164474994670078,-0.9347762027969048,-0.3500854155605208,-0.06027978513909544,-2.025192972950321,-0.06699718558452737,0.007096981916893234,0.9977279238206258,-0.0036009076846030296,0.0,0.0,0.0,1.0
1559194818885393000,0.06471745179246836,0.997892675684575,-0.004675387531745795,0.08517981537548004,-0.9972100409663617,0.06449710796010351,-0.037580011450899814,-1.9818439309670788,-0.037199269204604986,0.007094425971499824,0.9992826844746076,0.0986070418523737,0.0,0.0,0.0,1.0
1559194818908020000,-0.3419817511765423,0.9392343060424492,-0.02978926342124902,0.015109688246854908,-0.937382204568126,-0.34319269036275135,-0.05944223953195824,-2.2529017800918982,-0.06605364805387104,0.007595764249276763,0.9977871616453314,-0.002750009511324072,0.0,0.0,0.0,1.0
1559194818986267000,0.05900149871256538,0.9982265073367763,-0.007916009088839226,0.11186831552281123,-0.9976475835358816,0.05868632608098353,-0.03542900218933852,-2.176631557119429,-0.03490160762324274,0.009987751565790045,0.9993408440587082,0.09918492868602065,0.0,0.0,0.0,1.0
1559194819008867000,-0.33526585547633103,0.9416811509918853,-0.02886894556999451,0.013086581398274476,-0.9398615729719287,-0.3364259537316004,-0.05897288619799481,-2.4960656605744727,-0.0652459178988522,0.0073612174523770045,0.9978420629915117,-0.0015543723190324576,0.0,0.0,0.0,1.0
1559194819087111000,0.05127394333698603,0.9986406739697141,-0.009369473196992719,0.10784411025747909,-0.998103475992738,0.05092183719846264,-0.03458927156717267,-2.392745737167461,-0.03406514268119022,0.011125232116542117,0.9993576913520302,0.09435464870744512,0.0,0.0,0.0,1.0
1559194819098452346,-0.33042532189600005,0.9434258627537182,-0.02769021735792523,0.010960968932969675,-0.9416917075495818,-0.3315087807775597,-0.057607778986255395,-2.7251106119046264,-0.06352821878722482,0.007040579150956538,0.9979552072427593,-9.403887527479082e-05,0.0,0.0,0.0,1.0
1559194819109723000,-0.32987939218628815,0.9436178333973357,-0.027658111022328985,0.010671324755766078,-0.9419006201052608,-0.3309599645385184,-0.05734739504098147,-2.7517806960492583,-0.06326775210270434,0.007133468103286025,0.997971094359294,0.00010265030423722579,0.0,0.0,0.0,1.0
1559194819187958000,0.041340612297416736,0.9990582169515425,-0.013176984347028199,0.13244791979551213,-0.9986256917170625,0.0408903295684876,-0.03278275141592507,-2.6791872631472247,-0.03221306594369098,0.014514134124624472,0.9993756342302522,0.1010647227321779,0.0,0.0,0.0,1.0
1559194819210581000,-0.322339707988364,0.9462563287015666,-0.02638319628494583,0.00818803590222558,-0.944590808959171,-0.3233481434160582,-0.05651709280604812,-2.998491146681848,-0.062010614283655396,0.006703621530272878,0.9980529771382578,0.0022877826166425026,0.0,0.0,0.0,1.0
1559194819288826000,0.02140095919232888,0.999770331165132,-0.0011330788208728517,0.1712942171792615,-0.9991248268732994,0.021346374269907913,-0.03597099708000485,-3.141090759409901,-0.03593854853842879,0.0019019010213548262,0.9993521919230741,0.029013071226997467,0.0,0.0,0.0,1.0
1559194819311459000,-0.31577433298123325,0.9485125845070056,-0.02470723906257164,0.005676893048117867,-0.9469483013725728,-0.31668080751778194,-0.05479215890517663,-3.257741400352292,-0.05979536067173776,0.006094520631024345,0.998192051491301,0.004703931279916391,0.0,0.0,0.0,1.0
1559194819389666000,0.0036780850969804204,0.9999798993705307,-0.005164546923341092,0.20061004321972145,-0.9993316334811219,0.0034877668585394303,-0.03638848452870972,-3.4096543239182093,-0.0363697403616667,0.005294935055739146,0.999324374589543,0.0361131523750569,0.0,0.0,0.0,1.0
1559194819412318000,-0.3102631737751913,0.9503600321633975,-0.023506855709182664,0.003178361567526344,-0.9490413149613224,-0.31108143065915644,-0.05048688934304107,-3.5289148508070722,-0.055293268084193326,0.006644754731240162,0.9984480465898712,0.006981406604001822,0.0,0.0,0.0,1.0
1559194819490517000,-0.017934977527775675,0.9998237317071761,-0.005553566081252576,0.14928991692475865,-0.9990938740988046,-0.018135755075153023,-0.03850357290039257,-3.681399370232454,-0.0385975040555729,0.0048579731364746925,0.9992430298869655,0.03219405326573139,0.0,0.0,0.0,1.0
1559194819513176000,-0.3032905461841499,0.952611408051712,-0.023374127685437958,0.00023620980316262148,-0.9514946190406335,-0.30408355814652044,-0.046810037403058724,-3.8131101588358036,-0.05169946355664021,0.00804331490658878,0.9986302972337991,0.009360465358112073,0.0,0.0,0.0,1.0
1559194819591373000,-0.044159296351966255,0.9989849024865692,-0.008895007003911444,0.13869151918255032,-0.9982292968627154,-0.0444775788403415,-0.03949703616060018,-4.008516781456784,-0.03985257119270744,0.007135095262263164,0.999180095370664,0.04163330791603263,0.0,0.0,0.0,1.0
1559194819614013000,-0.29388457955987,0.9555459549554483,-0.023744091163894143,-0.0028087136271655925,-0.9545200506725634,-0.2946933834103624,-0.04524690749879484,-4.111329973992943,-0.05023272599580865,0.00936684271426665,0.9986936144266632,0.01214255222354246,0.0,0.0,0.0,1.0
1559194819692231000,-0.07213737400216325,0.9973587888381978,-0.008464372349636129,0.11747354497871199,-0.9965186034137102,-0.07242703787567827,-0.04129161216204708,-4.288381096442826,-0.041795601711876795,0.005456236042947058,0.9991112836745362,0.05743153942962108,0.0,0.0,0.0,1.0
1559194819714883000,-0.28169696822118817,0.9592161436137511,-0.023477817738360718,-0.004812672823846577,-0.958219317175878,-0.2825012319787521,-0.04481957297297279,-4.423462632772294,-0.04962417038080941,0.009871360658576977,0.9987191787248114,0.015999107984544427,0.0,0.0,0.0,1.0
1559194819793098000,-0.10445314059037926,0.994483637795583,-0.009583088107386548,0.12000270577431377,-0.9935941433835093,-0.10476790546603683,-0.04235993647600148,-4.622660827549011,-0.04313026379235095,0.005097071818900071,0.9990564549634184,0.03387374008985704,0.0,0.0,0.0,1.0
1559194819815729000,-0.2692667476137499,0.9628002479436721,-0.02260754717159176,-0.005535291242728498,-0.9618147231225318,-0.27003896767428914,-0.044625041424386336,-4.748725971725643,-0.04906991964776026,0.009728231956850568,0.9987479684528776,0.02133257293281807,0.0,0.0,0.0,1.0
1559194819893951000,-0.13996248219273552,0.9900437811188496,-0.014960449402939498,0.08548601327941667,-0.9892524952194793,-0.14046429231560614,-0.040611368929298605,-4.984451136516208,-0.042308442189282744,0.00911559390087296,0.9990630118602882,0.04980855307916801,0.0,0.0,0.0,1.0
1559194819916627000,-0.2560594987259773,0.9664212839507447,-0.021527541410884272,-0.005940645769658566,-0.965429324497541,-0.25679366884532523,-0.04475746911055072,-5.086961672545082,-0.048782707104324655,0.009322744657711803,0.9987659054651489,0.027817974024944514,0.0,0.0,0.0,1.0
1559194819994841000,-0.18106968581725166,0.9833382813851778,-0.016111897482472486,0.041132831670703515,-0.9824433219121487,-0.18160481667865233,-0.04271779242112876,-5.33025002492375,-0.04493203877261122,0.00809412883248808,0.998957254826341,0.06756555396257985,0.0,0.0,0.0,1.0
1559194820017487000,-0.24109095462758265,0.9702815746633036,-0.020707908287935926,-0.006041011629364759,-0.9693137190244308,-0.24179660480575568,-0.04433188486218552,-5.437561477024461,-0.04802151296852535,0.009384443153931636,0.9988022159160949,0.034198604792836006,0.0,0.0,0.0,1.0
1559194820095677000,-0.22755827017050542,0.973550933130586,-0.020391524650545757,-0.005890131402403472,-0.9726695420685735,-0.2282453355133628,-0.04263834833226132,-5.716145432372552,-0.04616487419151267,0.010131506154509176,0.9988824540324671,0.038692577952635615,0.0,0.0,0.0,1.0
1559194820098067025,-0.23260403675873037,0.9723853897918826,-0.019026712875097645,0.018654665860475126,-0.970763511470405,-0.23331951865497552,-0.056393324181655866,-5.828647519825577,-0.059275348005643755,0.0053531237514722555,0.9982273173906392,-0.0037097477984252246,0.0,0.0,0.0,1.0
1559194820118322000,-0.23014401143735305,0.972966655022217,-0.019225561484663763,0.02562989455462217,-0.9713707683518977,-0.23087314248883015,-0.05600377191558737,-5.888229474578418,-0.05892846842541266,0.005786215707078689,0.998245438415233,0.0009097382193328617,0.0,0.0,0.0,1.0
1559194820196521000,-0.22856708466810616,0.9733063912890244,-0.020778750738741643,-0.0799975476610949,-0.9725337798500415,-0.22924605166591525,-0.040302541435717085,-6.058880743282492,-0.04399016772998077,0.01099620259583274,0.9989714453734686,0.03033992692179954,0.0,0.0,0.0,1.0
1559194820219183000,-0.2191097583426927,0.9754776396591575,-0.020839585504674164,0.053887814064325544,-0.9739126540989496,-0.21995073279610333,-0.05581950670144755,-6.222657222586601,-0.05903436274698623,0.008065337405016538,0.9982233689648816,0.021959914738985876,0.0,0.0,0.0,1.0
1559194820297399000,-0.23167475239891808,0.9725987374670494,-0.019455204404038175,-0.22282935112192578,-0.971789718667714,-0.23229766284663234,-0.04077423853015835,-6.416804653441098,-0.04417637142887388,0.009460005998694208,0.9989789569825188,0.02112661921550116,0.0,0.0,0.0,1.0
1559194820320032000,-0.20416655330021935,0.9786618862818897,-0.023171768440997963,0.07781311640771704,-0.977205486018761,-0.20515538698848,-0.054595835779293694,-6.589868274779248,-0.05818467674862037,0.011496935625697084,0.9982396324845424,0.03870738264506661,0.0,0.0,0.0,1.0
1559194820398256000,-0.23431528546478878,0.9719641706947311,-0.019544766134690302,-0.3243377226013623,-0.971166567773402,-0.23493732515834911,-0.040496307074454764,-6.777153719693088,-0.043952754598351164,0.009492319692540297,0.9989885140631354,0.01963347630187525,0.0,0.0,0.0,1.0
1559194820420886000,-0.19338046271720574,0.9808028493272756,-0.02509516668156763,0.1069998898466573,-0.9794326084439547,-0.19448514400077002,-0.05373354892119337,-6.9490487499906735,-0.05758265499216124,0.014188006008446335,0.9982399202243699,0.048761420312309824,0.0,0.0,0.0,1.0
1559194820499114000,-0.2384826946640825,0.9709879884722348,-0.01755934476008769,-0.46525226867300684,-0.9701352156143079,-0.2390203847433562,-0.041314877491233755,-7.133308831991568,-0.04431329112958718,0.007182055401047697,0.9989918669886559,-0.022451237615626507,0.0,0.0,0.0,1.0
1559194820521734000,-0.18439550200975846,0.9824753364055877,-0.02721235368902341,0.12512495779674154,-0.9812106813559486,-0.18561646001657606,-0.05265100724494792,-7.335245983981498,-0.056779376815548926,0.016992443192254795,0.9982421345759727,0.05384988410511305,0.0,0.0,0.0,1.0
1559194820599967000,-0.241064391415108,0.9703543420261697,-0.01733234267560573,-0.6132768700887914,-0.9695734035904032,-0.24157760436962464,-0.03959388989669201,-7.579551961070903,-0.042607208800647334,0.00726030150847931,0.999065520263923,-0.03393913185269012,0.0,0.0,0.0,1.0
1559194820622591000,-0.17429040846992805,0.9842478334521453,-0.029648876203718578,0.13104750498891815,-0.9830465464741754,-0.1756610109254468,-0.05256136133932832,-7.749748624136583,-0.05694155758827801,0.01998528422133956,0.9981774628962581,0.054633056717328585,0.0,0.0,0.0,1.0
1559194820700816000,-0.24207134088765828,0.9701227221625043,-0.01622867415608809,-0.7512346468256543,-0.969384570648459,-0.2425292152713668,-0.038381426869729,-7.83330069647977,-0.0411706219233133,0.006440782861456194,0.9991313708449846,-0.04604693306328736,0.0,0.0,0.0,1.0
1559194820723463000,-0.1616022708516807,0.9863281986589801,-0.032270583907199654,0.12382648343423498,-0.9853233491466913,-0.1630867607747734,-0.050404425265413874,-8.192078819804424,-0.054978210974212655,0.023651490230497257,0.998207394947538,0.05077319517678904,0.0,0.0,0.0,1.0
1559194820801686000,-0.24519369749857758,0.9693414125034526,-0.016039847654765307,-0.8797475321342509,-0.9686324114247324,-0.24563656687419697,-0.03760224131304242,-8.24791186432683,-0.040389382818781856,0.006316883730941929,0.9991640479598165,-0.026270361771876014,0.0,0.0,0.0,1.0
1559194820824307000,-0.14495439014112588,0.988811907942719,-0.035202776729895066,0.1023364514197589,-0.9880794495938193,-0.1465276878947919,-0.047208452321358396,-8.663074252562293,-0.05183846129261343,0.027940067839700572,0.9982645573894351,0.04194524916039095,0.0,0.0,0.0,1.0
1559194820902519000,-0.24955413462012344,0.9682107007881918,-0.017052060674352262,-1.0060926860196406,-0.9675774414796356,-0.2500217587127487,-0.03581919750503557,-8.660658731075289,-0.03894391651749912,0.007560360403088764,0.999212796313605,-0.02836258262976266,0.0,0.0,0.0,1.0
1559194820925188000,-0.12940543490669637,0.990906380180356,-0.03686162143032779,0.06663493513799904,-0.9905261101696672,-0.13090000247535494,-0.04151161794122622,-9.161600772524018,-0.04595931340604597,0.031140569516565107,0.9984578140519648,0.026305926701756067,0.0,0.0,0.0,1.0
1559194821003393000,-0.2525091897880021,0.9674525453686117,-0.01657351901084682,-1.0654623767755067,-0.9667921002777886,-0.2529601974609949,-0.03638919263950276,-8.942448926790126,-0.03939725768460298,0.006834541703049992,0.9992002527655015,-0.014928111618328702,0.0,0.0,0.0,1.0
1559194821026023000,-0.12127874366454197,0.9918826857088295,-0.03821261736900378,0.0176515595683326,-0.9916645760842976,-0.12275970306992258,-0.03913341081137326,-9.68866926591802,-0.04350672217827536,0.03314804810579357,0.9985030656097541,0.004981964801894853,0.0,0.0,0.0,1.0
1559194821098750435,-0.114072379283044,0.992707174720952,-0.038986632866290796,-0.025245444270698175,-0.9925956452689984,-0.11553226614320239,-0.03749907295966497,-10.081509063963827,-0.04172981281677949,0.03442035353336471,0.9985358591382248,-0.012996319756504305,0.0,0.0,0.0,1.0
1559194821104240000,-0.2554763105686546,0.9666990188665964,-0.014995387977303418,-1.2662133550569732,-0.9660212514256843,-0.2558642638996719,-0.03655708211868457,-9.296305166891758,-0.039176479323460627,0.005146394994611369,0.9992190541049437,-0.03262708139902005,0.0,0.0,0.0,1.0
1559194821126882000,-0.11147798862077161,0.9929623172877446,-0.03998117681634871,-0.04383386404248151,-0.9929191996647748,-0.1129541123874351,-0.03678085686640665,-10.240229523446889,-0.041038043205391804,0.03559782214293,0.9985232466340237,-0.020820399133496766,0.0,0.0,0.0,1.0
