1559194803104782469,0.9942812630125412,0.10638552358749695,0.009321501660039243,-2.2235786269292142e-08,-0.10622224614301924,0.9942047859056868,-0.01654321935300536,-1.1974966338500394e-07,-0.011027440614931083,0.015458462188844413,0.9998196994959837,5.062277710422541e-07,0.0,0.0,0.0,1.0
1559194803151577000,0.9942379445403213,0.10680122940682898,0.00918733004874936,-0.002303762753680053,-0.10662799085484653,0.9941425249480915,-0.017638357522628965,0.00820564200839986,-0.011017313760329052,0.016557097783947473,0.9998022210969931,0.0023522227738775213,0.0,0.0,0.0,1.0
1559194803169225000,0.9942656649173236,0.10650645697303984,0.009600114038995253,0.007418700783245976,-0.10633502529971568,0.9941870276567445,-0.016882429729136315,0.00506788722331052,-0.011342396617141065,0.015764791850842997,0.9998113929021186,0.007253769783619047,0.0,0.0,0.0,1.0
1559194803252452000,0.9942746901681686,0.10642595889589943,0.009558020929030771,0.00028762992261695036,-0.10625835949875483,0.9941999426441642,-0.01660226138124026,-5.2969120400393086e-05,-0.011269495446773073,0.015491588666950034,0.9998164877380991,0.0016135664265462897,0.0,0.0,0.0,1.0
1559194803270105000,0.9942747603949728,0.10642652211870915,0.009544434568705618,0.00030462971163830514,-0.1062588498701215,0.9941994697220985,-0.016627423990933077,-4.9822388191071544e-05,-0.01125867069415262,0.015518047364639265,0.9998161993787609,0.0017217584087677487,0.0,0.0,0.0,1.0
1559194803353271000,0.994252724864721,0.10663464664384345,0.00951689204632655,-0.011710308523905923,-0.10646288534948414,0.9941708747979835,-0.017027206067897743,0.005504991593681019,-0.011277106993436535,0.015916150243029017,0.999809733408962,0.0023438970895769753,0.0,0.0,0.0,1.0
1559194803370953000,0.9942682236665515,0.10647216366848616,0.009714822217307226,0.0004181751263199008,-0.10630104328554589,0.9941937838348248,-0.016697556126491812,-7.102596696697866e-05,-0.011436240788270814,0.015569153732426221,0.9998133895126081,0.0028679589747755683,0.0,0.0,0.0,1.0
1559194803454120000,0.9942710350825248,0.10650272542131708,0.009070737222154708,0.0024309585617678384,-0.1063354653929925,0.99418034088645,-0.017269006762276006,-0.0028454492497717652,-0.010857144909114687,0.01620553216439998,0.9998097334651688,0.004688068764001972,0.0,0.0,0.0,1.0
1559194803471797000,0.9942602007897857,0.10655763863752511,0.009598060921295294,0.0005315133210743641,-0.10638711294349386,0.994182766492245,-0.016805029288132194,-0.0001248164649111578,-0.011332930997872175,0.015687461803024178,0.9998127165710478,0.0038514191242623214,0.0,0.0,0.0,1.0
1559194803554986000,0.99424266656639,0.10677593269695045,0.00896772968226058,0.0002162233829623451,-0.10660427575106846,0.9941416696180635,-0.017828884446356153,0.008859839154660544,-0.010818889524711847,0.016770239285940472,0.9998008355186264,0.005302615116168382,0.0,0.0,0.0,1.0
1559194803572656000,0.9942678119248403,0.1064922492756031,0.009535146270968223,0.000723832600484089,-0.106323180171368,0.9941903011957056,-0.016763841046687808,-0.00013335094368223998,-0.011264969082639437,0.015653940482017598,0.9998140100133378,0.0047544356719977756,0.0,0.0,0.0,1.0
1559194803655859000,0.994237918031646,0.10682894839424616,0.008862174286123379,0.000983121384533846,-0.10665546240909182,0.994130117824113,-0.018163732362136076,0.009140422036406061,-0.01075056679440322,0.017113872150977778,0.9997957494876641,0.007808789807428358,0.0,0.0,0.0,1.0
1559194803673512000,0.9942737106549161,0.10645195484215132,0.00936854368559981,0.000860107516902913,-0.10628469627417876,0.9941931950232498,-0.016836101311364194,-7.224136977771515e-05,-0.011106378276016567,0.01574396010365679,0.999814370811827,0.005644284780378596,0.0,0.0,0.0,1.0
1559194803756705000,0.9943057529732722,0.10623268357173563,0.008407529090094252,0.004231530716638702,-0.10606881132669374,0.9941959834486066,-0.01799315865544596,0.0003698556484712526,-0.010270193181998998,0.01699892454848991,0.9998027603963711,0.003672560748337326,0.0,0.0,0.0,1.0
1559194803774416000,0.9942852890105717,0.10634873303043635,0.009311876286917818,0.0009672048343682419,-0.10618261268190587,0.9942044665677265,-0.016814619259050485,6.704295718714614e-06,-0.011046122451168967,0.015729769216472133,0.9998152617054774,0.006443913961719853,0.0,0.0,0.0,1.0
1559194803857550000,0.9943257293691398,0.10603565455566072,0.008531346756670484,0.0071704959432731955,-0.10587509613784571,0.9942259181527477,-0.01747248382813881,-0.00021899030042523543,-0.010334792321660081,0.016470083068256945,0.9998109463450544,0.005667727354720352,0.0,0.0,0.0,1.0
1559194803875220000,0.994283665941847,0.10636746190859579,0.009271175134226674,0.0011556303477279189,-0.1062010002108149,0.9942009932732652,-0.01690362471999201,0.00010444198009019127,-0.011015407185779487,0.015822389881914423,0.9998141391193451,0.0071851945589953645,0.0,0.0,0.0,1.0
1559194803958438000,0.9943333949382838,0.10597887653364842,0.008341309200257736,0.0017563822052584792,-0.10581928890249576,0.9942280873622663,-0.01768582472314577,0.00566056119219692,-0.010167487726999548,0.01670293473116194,0.9998087988033956,0.005189638725660512,0.0,0.0,0.0,1.0
1559194803976088000,0.9942816939912451,0.10637710370715986,0.009371488717145538,0.0012196945318134703,-0.10621086834020363,0.9942027020123034,-0.016740333265931776,0.00014924888385653762,-0.011097947572386342,0.015649252963340216,0.9998159512837206,0.007894705550866046,0.0,0.0,0.0,1.0
1559194804059286000,0.9942487941143705,0.10674506395520306,0.008650244119195464,-0.006145811882656651,-0.10657474082356293,0.9941379486170899,-0.018208891723318976,0.010493448597288667,-0.010543245255253093,0.017182271113005295,0.9997967841210967,0.006381506832528098,0.0,0.0,0.0,1.0
1559194804076924000,0.9942713800894644,0.10647781348542,0.009321908085540497,0.0011870577356856173,-0.10631221254237758,0.9941916665179403,-0.01675242342543355,0.00030497113581936836,-0.011051524751612614,0.015665422485358346,0.9998162122805482,0.008463580391534392,0.0,0.0,0.0,1.0
1559194804102429431,0.9942678712829777,0.10650955153639763,0.009333571981083304,0.0011875828440977198,-0.1063442252745009,0.994188942438501,-0.016710849283740153,0.00034660280873649596,-0.011059199120050293,0.015622489063302948,0.9998167991938772,0.008601663142949835,0.0,0.0,0.0,1.0
1559194804160158000,0.9942983245881429,0.10628203122707683,0.008658611866890435,-0.008826856946876132,-0.10611800412973607,0.9941977492818613,-0.017601264795484038,0.008775834583507995,-0.010479070604597386,0.01658207348693363,0.9998075934489282,0.005604382807565813,0.0,0.0,0.0,1.0
1559194804177803000,0.9942656571616135,0.10652451241720254,0.0093984702616779,0.001195576136942839,-0.10635830439555856,0.9941876374809976,-0.016698879185556147,0.0004507429351530858,-0.011122682908548055,0.015603516726345273,0.9998163912392551,0.009010608729867243,0.0,0.0,0.0,1.0
1559194804261016000,0.9942283748978017,0.10692087170732387,0.008824156697346893,-0.011617936502299524,-0.10674575855122571,0.994116541111417,-0.018375138638784604,0.015479768482850972,-0.010736925975193393,0.017327142927127573,0.9997922226835865,0.0036854741549415446,0.0,0.0,0.0,1.0
1559194804278661000,0.9942680380803077,0.10649912489426837,0.009434238108596808,0.0011176252601367556,-0.10633180717982714,0.994189637581053,-0.01674847182070849,0.0006013925829349205,-0.011163119358260925,0.015649310630567268,0.9998152248505632,0.009545044618468492,0.0,0.0,0.0,1.0
1559194804361862000,0.9942829722115277,0.10644463673163007,0.008420836139127889,-0.009888631883725718,-0.10627887251742069,0.9941706505964027,-0.0181526512980266,0.010171222763994065,-0.01030400051613688,0.017153915115600958,0.9997997653378264,0.004353375878738293,0.0,0.0,0.0,1.0
1559194804379508000,0.9942601631139742,0.1065638944532747,0.009532284276239759,0.0009712379894846329,-0.10639475318007108,0.9941824774832171,-0.0167737283000465,0.0007890643844931831,-0.011264303809980385,0.015663264802820917,0.9998138714757826,0.010002764729849664,0.0,0.0,0.0,1.0
1559194804462735000,0.9942705187182235,0.10656702180605089,0.008342989343508977,-0.01013913227349198,-0.10640046163258444,0.9941538476760751,-0.01835943668040453,0.014791322242074051,-0.01025072544603747,0.01736654871405515,0.9997966421295856,0.00811602073861187,0.0,0.0,0.0,1.0
1559194804480378000,0.994268059953199,0.10647648803396802,0.009684134078583961,0.0008856129430473838,-0.10630465129248569,0.9941916356756189,-0.016802162545942852,0.0010076802579352378,-0.01141692035895723,0.015676385061279354,0.9998119347561957,0.010421143510615143,0.0,0.0,0.0,1.0
1559194804563574000,0.9942445135256941,0.10680474883870748,0.008401961054366813,-0.009477015231829079,-0.10663388484533415,0.9941229751400514,-0.018674177397713782,0.012200719482773705,-0.010347073347110275,0.017670764674736127,0.9997903190914386,0.006523724291293864,0.0,0.0,0.0,1.0
1559194804581255000,0.9942642203136467,0.10649581303374338,0.009864178139812057,0.0007481381804614333,-0.10632121366454472,0.9941899517951656,-0.016797001947522344,0.001193485231617934,-0.011595677168249415,0.015651886653332073,0.9998102613572242,0.010727729897450697,0.0,0.0,0.0,1.0
1559194804664425000,0.9942206793097066,0.10701918301935343,0.008493250191778573,-0.009921441610597612,-0.10684357743104453,0.9940948436378144,-0.018970814807087944,0.014675425662504737,-0.010473337323238976,0.017953727150055172,0.9997839631073996,0.004655631458718031,0.0,0.0,0.0,1.0
1559194804682071000,0.9942595407375316,0.10651519673958752,0.010123167286889091,0.0005270374751261026,-0.10633606162777719,0.9941876736847324,-0.01683779946533043,0.0013915338534275117,-0.01185780965798502,0.01566468502294313,0.9998069863694936,0.010899366742103681,0.0,0.0,0.0,1.0
1559194804765289000,0.9941979902816604,0.10720937585488251,0.008746762184835676,-0.010436016427466636,-0.10702989828183236,0.9940760437275363,-0.018905558991708035,0.007285010688508405,-0.01072179992781578,0.017859703687769245,0.9997830134536665,0.0035050704324089098,0.0,0.0,0.0,1.0
1559194804782949000,0.9942564825536286,0.10652670664838265,0.010300857766913253,0.0003903515096982566,-0.10634488181753586,0.9941868613887416,-0.016830055056914466,0.0016854539891477728,-0.012033827790823362,0.015637947840230006,0.9998053018343376,0.0109952756515096,0.0,0.0,0.0,1.0
1559194804866166000,0.9942900238957048,0.10638806354651299,0.008302307890296875,-0.0058725829087401,-0.10622328825370356,0.9941747017768827,-0.01825583138112627,0.0014630927478522006,-0.010196147019965457,0.017269692575974115,0.9997988779270951,0.004622794707895458,0.0,0.0,0.0,1.0
1559194804883831000,0.994257320719211,0.10650181745750607,0.010475832878728646,0.00032254359696556184,-0.10631803252252128,0.9941908032591258,-0.016766713318935977,0.0020669318560356605,-0.012200662145767186,0.01555665752105123,0.9998045480242531,0.010996469044224603,0.0,0.0,0.0,1.0
1559194804967021000,0.9942901514456971,0.10641402097209389,0.007946752710953407,-0.0040401541771481675,-0.10625117467591577,0.9941637855597539,-0.018683023349663746,0.00025294819511999445,-0.009888509396581936,0.01773199430540287,0.9997938756363074,0.003975597823497386,0.0,0.0,0.0,1.0
1559194804987330000,0.9942529024438314,0.1065134481393988,0.010772713097013399,0.0002526691603326393,-0.10632606483078,0.9941913133405031,-0.016685335354412714,0.002452996835750566,-0.012487350384120844,0.01544402291321703,0.9998027546654608,0.010807087921277112,0.0,0.0,0.0,1.0
1559194805067850000,0.9942363922960232,0.1068925256715547,0.00824525255797679,-0.01091597620074037,-0.10671972410894257,0.9941050232150738,-0.019133826189965227,0.014685919307657594,-0.010241909992767575,0.018143615243734486,0.9997829326936867,0.005524170991142018,0.0,0.0,0.0,1.0
1559194805088200000,0.9942493725893647,0.10649581521195885,0.011261724912069539,0.0003354796883050819,-0.10630295883842816,0.9941964460845983,-0.016525965477270903,0.0027497310193157812,-0.012956313050028501,0.015233776127432623,0.9998000130111279,0.010608121829599805,0.0,0.0,0.0,1.0
1559194805099066752,0.9942487190488011,0.10650059874372539,0.011274180105239747,0.00035058782824199053,-0.10630758988001232,0.9941959989874894,-0.01652307269156431,0.0027677457927812728,-0.012968461887231388,0.015229512943476766,0.9997999204499801,0.010595109461102764,0.0,0.0,0.0,1.0
1559194805168700000,0.994223791850902,0.10702865247044176,0.007994952656459603,-0.01700748306551149,-0.1068567073368786,0.9940831884052308,-0.019500221209250268,0.01502850585891409,-0.010034730426783833,0.018533269556408827,0.9997778863851766,0.004296185109687874,0.0,0.0,0.0,1.0
1559194805189035000,0.9942387218636137,0.10655193050896951,0.011664049546206118,0.0005236872780433554,-0.10635225688712967,0.9941903099264655,-0.016577849780142723,0.002972366216187348,-0.013362686931102168,0.015241842182973715,0.9997945413157913,0.010368117884215097,0.0,0.0,0.0,1.0
1559194805269558000,0.9942761862678637,0.10653031897402244,0.008133668294431677,-0.011909060779655657,-0.10636400389098305,0.9941514566761613,-0.018697054980447922,0.0037643953204599943,-0.010077901413971916,0.017724906994283526,0.9997921101784797,0.004544545284941344,0.0,0.0,0.0,1.0
1559194805289915000,0.9942126716810725,0.10675896853442503,0.01198691395841779,0.0008213170285972951,-0.10655360587427358,0.9941678187956369,-0.016633614950387343,0.003314510708581213,-0.01369279167923328,0.01526010185396477,0.9997897962809179,0.010001065406070596,0.0,0.0,0.0,1.0
1559194805370427000,0.994279931420321,0.10653010867243165,0.007665110634879732,-0.006541542867132539,-0.1063670342968812,0.994141090619404,-0.019223578151409272,0.0076626062249608015,-0.009668091315820344,0.018298302880246822,0.9997858271259967,0.007494550670660775,0.0,0.0,0.0,1.0
1559194805390749000,0.9942036274074583,0.10677616276394286,0.012569738074215991,0.0013851055824606537,-0.1065626952991613,0.9941677494923282,-0.016579440278158917,0.0037864763473444913,-0.014266717226627057,0.015143874496537969,0.999783538494614,0.009609163775146732,0.0,0.0,0.0,1.0
1559194805471298000,0.9942591788919283,0.10668545205736904,0.008179211970830887,-0.014021292078177705,-0.10651706736779357,0.9941327542522522,-0.018819704625485115,0.00975841852613268,-0.010139011219731146,0.017840438395411003,0.9997894374363762,0.006565250043600686,0.0,0.0,0.0,1.0
1559194805491608000,0.9941994006065479,0.10674815172715271,0.0131295063277705,0.0021117897382155657,-0.10652797462164587,0.9941734344732808,-0.016461251793700768,0.0041957103598309915,-0.014810214602911032,0.014967106949651355,0.9997782970503883,0.00921954614065351,0.0,0.0,0.0,1.0
1559194805572153000,0.9942496629273282,0.10680445283967806,0.007772813037312971,-0.009199552901013956,-0.10663659673683311,0.9941066978557739,-0.01950665308733906,0.0060773696680707845,-0.009810402911300177,0.018565616927556473,0.9997795126240686,0.0043268714974570716,0.0,0.0,0.0,1.0
1559194805592456000,0.994196981453158,0.10671374422661217,0.013584508182651105,0.0031251106839894956,-0.10648812442187733,0.9941791720954545,-0.016372328139552274,0.004548687591400949,-0.01525258753583031,0.014830730418139355,0.9997736783936311,0.008776612725059526,0.0,0.0,0.0,1.0
1559194805673002000,0.9942171845329554,0.1070768513347588,0.008169326018580399,-0.014224490809341468,-0.106901556720811,0.9940781504241647,-0.01951122804783329,0.005950169561425226,-0.01021014936379884,0.018525084547751293,0.9997762620168933,0.0029131745698352646,0.0,0.0,0.0,1.0
1559194805693315000,0.9941842927634403,0.10679600315457373,0.01386382821108922,0.004513040061297112,-0.10656584901005811,0.9941704258845664,-0.016397686460807834,0.005020801209710597,-0.015534215372005077,0.014824911693150526,0.9997694284914264,0.00832820285604893,0.0,0.0,0.0,1.0
1559194805773885000,0.9942274515614828,0.10700981309853927,0.0077893813732676466,-0.004903643166628987,-0.10683868356251801,0.9940791044358406,-0.019804792820428803,-0.0004698250774438074,-0.009862568437816497,0.01885826144287185,0.9997735222134875,0.006629168596057735,0.0,0.0,0.0,1.0
1559194805794183000,0.9941806496349853,0.10679059581049975,0.01416349313544707,0.006229659711911558,-0.10655760931387068,0.9941729775108635,-0.016296216876865544,0.005550075395951991,-0.015821244852159685,0.014692155513188126,0.9997668872180696,0.007845477647354685,0.0,0.0,0.0,1.0
1559194805874721000,0.9943034882260386,0.10632457355290818,0.0074604530910776165,-0.00024290956961939554,-0.10616512486838942,0.9941623647055166,-0.019239513112636074,-0.0038997870528700556,-0.009462534713866917,0.018337875065675725,0.9997870687175673,0.007541533352850342,0.0,0.0,0.0,1.0
1559194805895020000,0.9941759921096067,0.10678023535228726,0.014562899813830698,0.008309822137389964,-0.10654411078360537,0.994177162945081,-0.016128271321018184,0.006077249295197497,-0.01620028302865146,0.014482748930490877,0.9997638725285141,0.00734816519453523,0.0,0.0,0.0,1.0
1559194805975608000,0.9942665797760696,0.10665457985331729,0.007666090053656689,-0.006296885390348795,-0.10648969190218995,0.9941243912196153,-0.01940722290291978,-0.0028906158126383802,-0.009690916312456808,0.0184795935707296,0.9997822716784327,0.007146286425211814,0.0,0.0,0.0,1.0
1559194805995887000,0.9941746334893309,0.10672801440841155,0.015030936989641279,0.010857813864667486,-0.10648706024344347,0.9941851565759461,-0.016011884485347,0.006642726229159881,-0.016652451082587564,0.014318009096962044,0.9997588161593998,0.006790153900912428,0.0,0.0,0.0,1.0
1559194806076467000,0.9942090470656171,0.10717138639820963,0.007916101967762547,-0.013311430659964063,-0.10699642453304417,0.9940593010260226,-0.019946708520348275,0.009665965247172349,-0.01000679119513147,0.018984203463321567,0.9997697055566565,0.005963300331967046,0.0,0.0,0.0,1.0
1559194806096775000,0.9941641247127261,0.1067968569177801,0.015235632138486017,0.013900675777016012,-0.10655358318117401,0.9941786099992568,-0.015975773258316856,0.007308641900034099,-0.01685310195271936,0.014259129441577695,0.9997562953951037,0.006227726481339075,0.0,0.0,0.0,1.0
1559194806099657080,0.9942023422423676,0.10631730113872366,0.016072776933966016,-6.656831964814547e-05,-0.10607386872318626,0.9942403901877926,-0.015309503366314226,0.004071204118462883,-0.01760786908990842,0.013515842474846378,0.9997536121206622,-0.002094351496079206,0.0,0.0,0.0,1.0
1559194806177319000,0.9942027832426655,0.10722222521812268,0.008013751419357102,-0.012361541783474542,-0.10704527217210918,0.994053783622818,-0.01995958343139908,0.006121157994232399,-0.010106210869366045,0.018986039198056522,0.9997686706520825,0.0064903949237307395,0.0,0.0,0.0,1.0
1559194806197608000,0.9942013620746553,0.10639219371630028,0.015631787010151034,-0.0012339472647560912,-0.10614831052224988,0.9942266208538622,-0.015683193513520387,0.0027965602742888655,-0.01721010813939042,0.01393296457125119,0.999754812279536,4.011217962155225e-06,0.0,0.0,0.0,1.0
1559194806278161000,0.9942610083730109,0.10673759462416903,0.0072203270652869906,-0.016657506786640946,-0.10657352094113264,0.9940994966020466,-0.020205828113853033,0.006885760305719605,-0.00933444499116602,0.019320371357797184,0.9997697691905384,0.003203823814555664,0.0,0.0,0.0,1.0
1559194806298503000,0.9941941443831492,0.10653089351500718,0.015138427961667745,-0.001977574053599808,-0.10629066506865367,0.9942083428934892,-0.015876568906675582,0.0018435696971794814,-0.01674209644936285,0.014175318263772859,0.9997593523236511,0.00195238287801343,0.0,0.0,0.0,1.0
1559194806378998000,0.9943083912745858,0.10631506248534532,0.006923187826745128,-0.0012204065349834248,-0.10616010579005956,0.9941511069750252,-0.01983956750971117,-0.007798127756565209,-0.008991939701231867,0.01899168210207281,0.9997792061407081,0.0056132577387147725,0.0,0.0,0.0,1.0
1559194806399328000,0.9941905957604099,0.10662113690393062,0.014730664169390352,-0.002401600567114146,-0.10638386220107392,0.9941955885049177,-0.016050098459160448,0.0011564442286912235,-0.01635644107809101,0.01438975200199924,0.9997626727741856,0.0037718974656502885,0.0,0.0,0.0,1.0
1559194806479886000,0.9942653350104053,0.10671349889680029,0.00697658583065843,-0.016389298731063144,-0.10655264757010022,0.9940983839237686,-0.02036998713671856,0.014591937075528472,-0.009109165299405066,0.019509798393390496,0.9997681685641916,0.008249662318470796,0.0,0.0,0.0,1.0
1559194806500204000,0.9941958529306683,0.10664637047422824,0.014183006738133806,-0.002662865926257395,-0.10641303843876498,0.994188400347402,-0.016299995856017834,0.0006231663129246307,-0.01583891617789091,0.014696131441637715,0.9997665489777908,0.005401668412543099,0.0,0.0,0.0,1.0
1559194806580703000,0.9942440295209719,0.10690000122499606,0.007155382589041887,-0.015980679511633896,-0.10673482374230825,0.9940770550779566,-0.020456929589588457,0.007020055649808245,-0.009299847450257515,0.019575451607329163,0.9997651296838541,0.003517630796697861,0.0,0.0,0.0,1.0
1559194806601045000,0.994199799884642,0.10667604772234789,0.013674017393402722,-0.0026656318271523725,-0.10644586576672957,0.9941802054382436,-0.016583026742605127,0.00017741022385528316,-0.015363449173514298,0.015031299249029585,0.9997689855523545,0.00675315792736346,0.0,0.0,0.0,1.0
1559194806681576000,0.9942633807895823,0.10672689994832701,0.0070497126388296485,-0.01458919698829516,-0.10656452985160914,0.9940969093393964,-0.020379789482783683,0.012293298858840925,-0.009183169299088466,0.01951162907798676,0.999767455827777,0.007705277691780364,0.0,0.0,0.0,1.0
1559194806701882000,0.9942035379056462,0.10669192524999695,0.013272464064534154,-0.0025202232863836462,-0.10646315166578406,0.9941731446589683,-0.016892476913931864,-0.00015733321379648877,-0.01499741822059956,0.015381531957139344,0.9997692163301343,0.008080695219149395,0.0,0.0,0.0,1.0
1559194806782455000,0.994276947400856,0.10658798449669268,0.007235566886503684,-0.017457294409804057,-0.1064258714230347,0.9941201422829133,-0.01996688757029364,0.00909652113344158,-0.00932125308549826,0.019082564511351905,0.9997744595520464,0.00591525633120749,0.0,0.0,0.0,1.0
1559194806802775000,0.9942154719055037,0.10661501348162995,0.012993626284585221,-0.0023742311163359826,-0.1063886683392666,0.9941789548547607,-0.01701931176315576,-0.00029021138693581414,-0.01473250395245918,0.015538488478797696,0.9997707280687333,0.009313489262185825,0.0,0.0,0.0,1.0
1559194806883310000,0.9942093392270575,0.1071968090223911,0.007525551748357224,-0.014346025484631725,-0.1070244600056021,0.9940461620315946,-0.02044487003534173,0.0075981431422804885,-0.009672370661290789,0.019521062616308125,0.9997626585145717,0.006316271450185696,0.0,0.0,0.0,1.0
1559194806903636000,0.9942135121007526,0.10668550631103864,0.012557670940180218,-0.002131704694076651,-0.10646227830659909,0.9941666593675371,-0.01727532054003587,-0.00044426468467483597,-0.014327444086534946,0.015838438848259178,0.9997719080874407,0.010362033275210583,0.0,0.0,0.0,1.0
1559194806984165000,0.9942160832296878,0.10715215967924162,0.00726598400060237,-0.011774553057345283,-0.1069821587443319,0.9940447190576631,-0.020734373006457873,-0.0041745959171108,-0.009444445871793175,0.019837116464917787,0.9997586164932684,0.002348446331596759,0.0,0.0,0.0,1.0
1559194807004476000,0.994220959264779,0.10665102868226847,0.012257334116062167,-0.0017567474382470239,-0.10642918559792296,0.9941659922834335,-0.01751594245429559,-0.0006552813387570239,-0.01405391801533454,0.016110179021762344,0.9997714486422921,0.011349053917667088,0.0,0.0,0.0,1.0
1559194807084999000,0.9942684896026006,0.10668234222304249,0.007003459229019326,-0.005608954178974298,-0.1065214035714875,0.9941026996559728,-0.02032272417427446,-0.006535828594148484,-0.009130233541763094,0.019460225962435306,0.9997689425267037,0.0053653730496396376,0.0,0.0,0.0,1.0
1559194807098751534,0.9942242973461362,0.10665647242711093,0.011934967783322998,-0.0014899374218405035,-0.10643673585317254,0.9941611949111662,-0.017740907353400212,-0.0007099694824510029,-0.013757464428664531,0.016368122134347667,0.999771382242105,0.012197790425877476,0.0,0.0,0.0,1.0
1559194807105314000,0.9942258989279045,0.10664447336890515,0.01190874472255778,-0.0014770993510435375,-0.10642497133963107,0.9941622002032603,-0.017755144673411265,-0.0007067250362647364,-0.013732711908321638,0.016385236857728126,0.999771442199047,0.012243192649764244,0.0,0.0,0.0,1.0
1559194807185877000,0.9942413630593928,0.10693804629648061,0.006954583819196959,-0.01478720122919742,-0.10677452090863612,0.9940676261453214,-0.020706432201938758,0.008916560625519784,-0.00912763203342364,0.019844619021138828,0.9997614102521503,0.009170014435903135,0.0,0.0,0.0,1.0
1559194807206187000,0.9942251554111486,0.1066969672800856,0.011493368562373365,-0.0011745222287291484,-0.10648029809445857,0.9941509028176552,-0.01805349120135793,-0.0006281815598292235,-0.01335239549270212,0.016725417784752845,0.9997709607377762,0.012970927607292746,0.0,0.0,0.0,1.0
1559194807286738000,0.9942086747735743,0.1072210608792516,0.007263271225900524,-0.017450440910262276,-0.10705014455870039,0.9940352818052189,-0.020835668368879255,0.006508207164872021,-0.009453970326505272,0.01993746800234349,0.9997565302686049,0.006300489354684997,0.0,0.0,0.0,1.0
1559194807307054000,0.9942387609588503,0.10661241116652977,0.011094142250245194,-0.0008349982137574231,-0.10639920666423135,0.9941550331318103,-0.018302429344573094,-0.0006097116559156819,-0.012980563478991453,0.017016576740038994,0.9997709443106562,0.013580871312280434,0.0,0.0,0.0,1.0
1559194807387598000,0.9943195941017274,0.1062549725988464,0.0061988372616827315,-0.008205951011042607,-0.10610676619257496,0.9941395376283038,-0.0206865630865734,-0.004889139514476421,-0.008360559403090544,0.019911316435610345,0.9997667930693983,0.006661926653320663,0.0,0.0,0.0,1.0
1559194807407931000,0.9942376918034825,0.10667830218783636,0.010542866763783076,-0.0006591385839203155,-0.10647073251661218,0.994141774556717,-0.01860417153752913,-0.0006802215363992243,-0.012465765706697166,0.017374461820223966,0.9997713402382598,0.014053362069024047,0.0,0.0,0.0,1.0
1559194807488456000,0.9943092011906576,0.10633341775907534,0.0065128100903841125,-0.011413770210824346,-0.10618066738229175,0.9941357497984669,-0.02048845643012297,0.005790295203518056,-0.008653224939321911,0.019680326224734132,0.9997688765198871,0.008778563939978416,0.0,0.0,0.0,1.0
1559194807508817000,0.9942430809878238,0.1066900952727826,0.009895427152076149,-0.0005629961605302447,-0.10648896214537716,0.9941321007659992,-0.01901228991423709,-0.0007438410375910015,-0.011865784804974047,0.01784908393355508,0.9997702802912759,0.014350586551306069,0.0,0.0,0.0,1.0
1559194807589315000,0.9942517408655117,0.10685830261001733,0.0066917074955157255,-0.012751825615661993,-0.10669698760043357,0.9940688023423709,-0.021046829846638512,0.0043047372494911034,-0.008901046168426444,0.02021186218304581,0.9997560962575838,0.005849382647738962,0.0,0.0,0.0,1.0
1559194807609628000,0.994251770554958,0.10666846955256512,0.009233328307888847,-0.0005799365554068857,-0.10647524890666914,0.9941268097331939,-0.019362529276165812,-0.0008449943422073328,-0.011244470578496013,0.01826810808543064,0.9997698925794848,0.014509772803599203,0.0,0.0,0.0,1.0
1559194807690177000,0.9942535245952498,0.10684166394046739,0.006692359550584351,-0.015683377806126775,-0.10668060204152587,0.9940711865507947,-0.02101725999149185,0.008374916244582701,-0.00889820082823433,0.02018253987794097,0.9997567139589996,0.007316066342985386,0.0,0.0,0.0,1.0
1559194807710486000,0.9942555835121238,0.1067072197729798,0.008330900508691565,-0.0009126606481931357,-0.10652562105993743,0.9941120963218995,-0.019835120475471653,-0.001150570263172131,-0.010398399528744169,0.018833724931696428,0.9997685552628867,0.014558827841662738,0.0,0.0,0.0,1.0
1559194807791011000,0.994266127394861,0.10672894292068671,0.006618206574196593,-0.013752699344619557,-0.10657022490999128,0.9940850018030322,-0.0209235836533164,0.007249530051585073,-0.008812211859674087,0.0200983067270925,0.9997591724954779,0.009561095094250906,0.0,0.0,0.0,1.0
1559194807811357000,0.9942655468115854,0.10665318691590414,0.007817937332900596,-0.001514762454931,-0.10647858348629098,0.9941116821223315,-0.020106584161972158,-0.0016181067735553595,-0.00991633411160391,0.0191588410033245,0.9997672754842513,0.014377116113130172,0.0,0.0,0.0,1.0
1559194807891861000,0.9942849080755165,0.1065636583478838,0.006458195783540974,-0.010511399676956032,-0.1064089133554022,0.994104043404839,-0.020839722758877497,-0.0013099922752694672,-0.00864087563765981,0.020033412232066776,0.999761970502257,0.00969587889623926,0.0,0.0,0.0,1.0
1559194807912185000,0.9942693292300848,0.10666533587923627,0.007141923699213948,-0.0024500634348935276,-0.10649979669341168,0.9941007868528149,-0.020528489542101166,-0.0022401534260971944,-0.009289470201132912,0.019650234105165646,0.9997637591166226,0.014078293650203553,0.0,0.0,0.0,1.0
1559194807992710000,0.9942554339379007,0.10683709437182026,0.006478221294770695,-0.017161399829504813,-0.1066780447083015,0.9940658050191143,-0.021283093499560476,0.006702281062878366,-0.008713602135215026,0.020469747382032714,0.9997525006620115,0.0057433228846144125,0.0,0.0,0.0,1.0
1559194808013055000,0.9942769871712517,0.10662088274230518,0.006727566046360661,-0.0038477782894617398,-0.1064615256537554,0.9941002681374703,-0.020750914304864965,-0.0029837185895794766,-0.00890035601149425,0.019915929610858012,0.9997620413931538,0.013686335766732088,0.0,0.0,0.0,1.0
1559194808093605000,0.9942815692365592,0.10660096681556927,0.006355702201161433,-0.005288657644936898,-0.10644705092283109,0.9940969634951432,-0.02098219529903486,-0.003700984837170094,-0.008554906563844167,0.020185664312095102,0.9997596473802915,0.013195319304037821,0.0,0.0,0.0,1.0
1559194808098439068,0.9942736273544978,0.10664489952766056,0.006842466811426878,-0.0014865464256001615,-0.10648403365280973,0.9940996677154355,-0.020664007962730806,-0.0005256927712667637,-0.009005805036617591,0.019817064686570445,0.9997630616415318,0.01440523205449763,0.0,0.0,0.0,1.0
1559194808113911000,0.9942715745936244,0.10666428405793135,0.006838600845178692,-0.0014238611042560248,-0.10650327196937572,0.9940970999972655,-0.020688374436981655,-0.0006348066261513699,-0.009004943915873989,0.01984152926153619,0.9997625841676809,0.014381074222145806,0.0,0.0,0.0,1.0
1559194808194436000,0.9942387147621483,0.10699876097664886,0.006375203335731253,-0.011847954151764666,-0.10683892809119512,0.9940413753477401,-0.02161452153287854,0.0028348804534847993,-0.008649942915092905,0.020808874218295137,0.9997460523759678,0.009246182792322297,0.0,0.0,0.0,1.0
1559194808214751000,0.9942739966361014,0.10664070423264349,0.006854182229527204,-0.0010013744334442685,-0.10647895380738764,0.9940987046611122,-0.020736387997553913,-0.001507987559220006,-0.009025076695184642,0.019887825217119615,0.9997614827541528,0.014327910544815364,0.0,0.0,0.0,1.0
1559194808295305000,0.9942848401437093,0.10657093137658133,0.006347696111802963,-0.010500160682018414,-0.10641704392136238,0.994099833448553,-0.020998426145648487,-0.005847937696255774,-0.008548065479309475,0.020202913727566493,0.9997593574723271,0.0070111899004476844,0.0,0.0,0.0,1.0
1559194808315633000,0.9942835938157399,0.10653903569540492,0.00704052142589803,-0.0006014590853529784,-0.10637453659477147,0.9941120033366895,-0.020634504747141014,-0.002331095379904932,-0.009197447097046996,0.01976761733252983,0.9997622958843247,0.014441940140878197,0.0,0.0,0.0,1.0
1559194808396168000,0.9942385998775021,0.10697204238989481,0.0068255886602077665,-0.01718706520722031,-0.10680771325598225,0.9940562361850663,-0.021078702298845606,0.005177063813337426,-0.009039850809149718,0.020228233944416318,0.9997545196941281,0.009170930496734866,0.0,0.0,0.0,1.0
1559194808416468000,0.9942839701895325,0.106539901562213,0.006973951480371935,-0.00019807685492919657,-0.10637578549880303,0.9941097452326465,-0.02073660273517479,-0.0029235939704904115,-0.009142148743557569,0.019876212129017634,0.9997606500096691,0.014514878499143707,0.0,0.0,0.0,1.0
1559194808497031000,0.9942100551892704,0.1072265696586528,0.006987769299704374,-0.0175549197804797,-0.10705709463532734,0.9940252031783291,-0.02127613532862749,0.009631157319605168,-0.00922738580478393,0.02040485740008094,0.9997492171268203,0.00916364776390245,0.0,0.0,0.0,1.0
1559194808517344000,0.9942822617708514,0.10654688619412377,0.007109498588056015,0.00018530632786017284,-0.10637992972748615,0.994108973858349,-0.020752316629129314,-0.0034753066023507327,-0.009278711064167965,0.019877352354800478,0.9997593692405958,0.014654124473493515,0.0,0.0,0.0,1.0
1559194808597917000,0.9942209268071587,0.1071364102140371,0.006821898941192301,-0.018280634808079396,-0.10696989770952753,0.9940335489434312,-0.021324740536209023,0.00899610356589844,-0.009065852564842034,0.020471765467908024,0.9997493271495108,0.009419660342563162,0.0,0.0,0.0,1.0
1559194808618183000,0.9942805394066584,0.10656356005746578,0.007100466539736886,0.0005307625610842015,-0.10639657721889179,0.9941067350213794,-0.020774208558646437,-0.0039953247264607914,-0.00927239523033197,0.019899925954952102,0.9997589787712254,0.014850598729649011,0.0,0.0,0.0,1.0
1559194808698742000,0.9942541471087313,0.10685666743396889,0.00635165978261385,-0.020617142081556166,-0.10669849220812265,0.9940593251624824,-0.02148231407509604,0.007989943433434047,-0.008609455128001424,0.02068116733683281,0.9997490518124956,0.007546232004256434,0.0,0.0,0.0,1.0
1559194808719090000,0.994280135938865,0.10656568471722651,0.007125034606069839,0.0008633856569780351,-0.10639808973014722,0.9941062969441046,-0.020787421144953324,-0.004516405812408723,-0.009298267535655954,0.019910429850475655,0.9997585293479658,0.015044417848703822,0.0,0.0,0.0,1.0
1559194808799631000,0.9943040863977688,0.10640140797641436,0.006174475956106134,-0.003361085840564601,-0.10625116639520006,0.9941178607212723,-0.020984962106670814,-0.0026385915235619664,-0.008370986343040643,0.02020938830334987,0.9997607249797572,0.012332761461889712,0.0,0.0,0.0,1.0
1559194808819921000,0.9942840600088694,0.1065370646510756,0.0070044177351833645,0.001263587815214972,-0.10637165871080716,0.9941086276492301,-0.02081121468048868,-0.004888783678526191,-0.009180317826087645,0.01994718749343764,0.9997588866700399,0.015260626113062099,0.0,0.0,0.0,1.0
1559194808900440000,0.9942433577117782,0.10693302502199807,0.006743426847896714,-0.015406181503687368,-0.10676953221759863,0.9940583624124557,-0.021171658128232518,0.010300151684365684,-0.008967309297851889,0.02032978793564633,0.9997531130666447,0.00998894783206506,0.0,0.0,0.0,1.0
1559194808920800000,0.9942872220458189,0.10650782187293512,0.007000282586328852,0.0016568429698460257,-0.10634326425796177,0.9941133979635874,-0.02072829313408606,-0.005141865497468605,-0.009166800061455878,0.019865444097083462,0.9997606383067212,0.015453686089587748,0.0,0.0,0.0,1.0
1559194809001323000,0.9942818566079173,0.10659582123974785,0.0063969144544091016,-0.008336993599095805,-0.10644086304363243,0.9940971068672523,-0.021006779683821336,-0.006000194142265974,-0.008598389084004794,0.020205766810039934,0.9997588682741332,0.0076635718010772454,0.0,0.0,0.0,1.0
1559194809021613000,0.9942936362325919,0.1064472214398924,0.007010991020875924,0.002005901131113411,-0.10628228820366124,0.9941195246387619,-0.020747191284543165,-0.0053184202897499375,-0.009178243925841333,0.01988365609564753,0.9997601712704465,0.015569086654934451,0.0,0.0,0.0,1.0
1559194809098397900,0.9942927343607149,0.10646179785642661,0.006916935352312101,0.002253960148596518,-0.1062974421644045,0.994114932579111,-0.020889102722115586,-0.005409551555957093,-0.00910012015282178,0.020034630528346826,0.9997578713832672,0.015589835623007597,0.0,0.0,0.0,1.0
1559194809102169000,0.9942185117108125,0.10717141577890224,0.006621073287578847,-0.013383451563854896,-0.10700614802452928,0.9940226853071443,-0.021646833018315544,0.0018074867810251773,-0.008901418790636901,0.020813186558430414,0.999743755173693,0.007764670917884367,0.0,0.0,0.0,1.0
1559194809122482000,0.994289884995025,0.10649121925369459,0.006873486629134125,0.0023342237445383275,-0.1063273218785957,0.9941107923320249,-0.020934019946462542,-0.005422952505725451,-0.009062296546952028,0.020083644859807622,0.9997572315269564,0.01557668211352315,0.0,0.0,0.0,1.0
1559194809203049000,0.9942360000353088,0.10700669657502829,0.006659063138932405,-0.023973286506320954,-0.10684326865306065,0.9940465041189301,-0.021355645447098986,0.012100074948156863,-0.008904615506484609,0.02052107543556546,0.9997497653341296,0.010205994022855706,0.0,0.0,0.0,1.0
1559194809223341000,0.9942920676360915,0.10648295617435607,0.006683134018943279,0.0026939862240002548,-0.10632198332821118,0.9941092189716326,-0.02103560355129809,-0.005386272682330591,-0.008883698390908414,0.020204969685250998,0.9997563898785149,0.015509967937002062,0.0,0.0,0.0,1.0
1559194809303886000,0.9943014294807395,0.1063962041071425,0.006671962540890179,-0.016962886347281644,-0.1062405601075287,0.9941299311368579,-0.02046028850874114,-0.0008399840065770696,-0.008809694693589918,0.019634861074469212,0.9997684039366271,0.008205413035629303,0.0,0.0,0.0,1.0
1559194809324219000,0.9942975338702249,0.10643892219905003,0.006570386647059225,0.003043860850531515,-0.10627994349221573,0.9941130074966545,-0.021068980451119393,-0.005309522603237219,-0.008774266401173864,0.020250534982136522,0.9997564343789253,0.015422644281443337,0.0,0.0,0.0,1.0
1559194809404728000,0.9942564876964645,0.10681791281349201,0.006631001105343679,-0.012899428710564495,-0.10665682187414474,0.9940706877675481,-0.02116105075507863,-0.0033891982880695963,-0.008852063103974255,0.020332270495971347,0.9997540896416879,0.006338407646636643,0.0,0.0,0.0,1.0
1559194809425044000,0.9942991104595259,0.10642969128934927,0.006480721522001472,0.0033319833780713344,-0.10627301856006927,0.9941149371035983,-0.02101279023930421,-0.0052264214515221445,-0.00867896684652737,0.02020427280462246,0.9997582022143737,0.015291088940014524,0.0,0.0,0.0,1.0
1559194809505586000,0.994239486608423,0.10697870712765886,0.006587828922693974,-0.012761067724216627,-0.10681669021425459,0.9940492230884396,-0.021362040373973313,0.0026467559776580762,-0.008833909683260033,0.020535293973107858,0.9997501006457286,0.008789026807464842,0.0,0.0,0.0,1.0
1559194809525916000,0.9943052054026652,0.10637332358356079,0.006471053929010835,0.003555611814341538,-0.10621732489775673,0.994122029750987,-0.020958765596840612,-0.00515710302763263,-0.008662470821281031,0.020152071694144253,0.9997593988583998,0.01515037258648818,0.0,0.0,0.0,1.0
1559194809606469000,0.9942330462489121,0.1070284988819378,0.006749086877952931,-0.018063508699406868,-0.10686347611907548,0.9940449438072124,-0.021327146153667875,0.009188854228670463,-0.008991508124607521,0.020482922603749395,0.9997497700241056,0.007615520756719303,0.0,0.0,0.0,1.0
1559194809626772000,0.9943076586044188,0.10635256858149672,0.00643515320055035,0.003750613310153942,-0.10619682837548969,0.9941230726061968,-0.02101309484582362,-0.004955605623583549,-0.008632130883122624,0.020210088276174584,0.999758490160643,0.01503827431901388,0.0,0.0,0.0,1.0
1559194809707312000,0.9942382854611059,0.10697661889008848,0.0067996127982401225,-0.004690496461623869,-0.10681215901384015,0.9940542150848302,-0.021151363050221715,-0.002338243018631937,-0.009021885067064845,0.020303213610779816,0.9997531620889775,0.012464257436431276,0.0,0.0,0.0,1.0
1559194809727661000,0.9943105250585088,0.10634071282276761,0.006183247869286626,0.0038781801932730496,-0.10618970183239218,0.9941229061158317,-0.02105694091177498,-0.004511614860555158,-0.008386118447474751,0.02028054072651763,0.9997591573400204,0.014884913556672862,0.0,0.0,0.0,1.0
1559194809808197000,0.9942149838045119,0.10719958024090595,0.006694473449527026,-0.017601140162090138,-0.10703260331597758,0.9940194096077761,-0.021666452187891375,0.002865457567204526,-0.008977071125785427,0.020824584489953248,0.9997428413721303,0.004992814363518593,0.0,0.0,0.0,1.0
1559194809828486000,0.9943057593907568,0.10640101686279435,0.005905967569523898,0.003988764638933607,-0.10625492798374464,0.994114121889212,-0.021142444031184395,-0.004055286916911794,-0.008120783308166105,0.02039451570902925,0.9997590292702837,0.014700834277888805,0.0,0.0,0.0,1.0
