1559194803104782469,0.9956175204925116,0.09165451793883637,0.018579618665085413,3.6760674091333744e-07,-0.09135653527664374,0.9956848374047017,-0.016299939405476867,-1.670028621580321e-07,-0.01999340767822814,0.014531135667055743,0.9996945082102032,1.1274190546058576e-06,0.0,0.0,0.0,1.0
1559194803151577000,0.9955835360539216,0.09206465875239284,0.018371754058207738,-0.0028489419856881173,-0.09174803096591348,0.9956303452226694,-0.017392943559490216,0.007990491429079248,-0.0198927512488235,0.015630555991113043,0.9996799308614536,0.0023431479461409398,0.0,0.0,0.0,1.0
1559194803169225000,0.9956166569931473,0.09165985050233084,0.018599573212237635,-8.767438776674126e-05,-0.09136021292729388,0.9956833814155157,-0.01636812349793304,-0.00011313647788405796,-0.020019585701670426,0.01459711542923623,0.999693023087327,0.0006820196612261916,0.0,0.0,0.0,1.0
1559194803252452000,0.9956124964058268,0.0916790940057262,0.018727005175576118,-0.0001410199139217835,-0.09137793429760158,0.995682029669892,-0.016351419386306784,-0.0002285185209256141,-0.020145225837900467,0.014568442426454876,0.9996909174145799,0.0015811680203280797,0.0,0.0,0.0,1.0
1559194803270105000,0.9956128774377475,0.09167971530284884,0.01870369167085535,-0.00014581288289691307,-0.09137828499191614,0.9956814990079326,-0.016381744878215178,-0.00023310900166064345,-0.020124793466418073,0.014600764887750554,0.9996908573917351,0.001688043860556872,0.0,0.0,0.0,1.0
1559194803353271000,0.9955996806420366,0.09183030760349559,0.018667364862914378,-0.012258602513321466,-0.09152513300929502,0.9956644818445001,-0.016594867307544503,0.002853643219582787,-0.020110343933126888,0.01481331153967697,0.9996880212686953,0.0018780362468755734,0.0,0.0,0.0,1.0
1559194803370953000,0.9956059030747064,0.09174022601441675,0.018778090787513246,-0.000190295815930005,-0.09143385325124503,0.9956732374862506,-0.016572707481827983,-0.00029789470546788484,-0.020217226378267766,0.014782932201434246,0.9996863151374511,0.0028254979614783376,0.0,0.0,0.0,1.0
1559194803454120000,0.9956291715303244,0.09160552215479138,0.018192886208313584,0.0019818665183281453,-0.09130626202502991,0.9956836297277643,-0.016651606743975467,-0.007578675880647684,-0.019639738105615975,0.014917700992025234,0.9996958251809667,0.0035568498334273453,0.0,0.0,0.0,1.0
1559194803471797000,0.9956015223471265,0.09183940538767357,0.01852383108657912,-0.00013059071990867207,-0.09153159357944879,0.9956598847845306,-0.016833336201115934,-0.0003446619524390612,-0.019989399112832755,0.015063779369460942,0.9996867041599665,0.0038065519672431736,0.0,0.0,0.0,1.0
1559194803554986000,0.9956140584813535,0.09179442957606183,0.01806735323986333,-0.00044887154952011484,-0.09148972512633316,0.9956604461467393,-0.017026631351633906,0.0017962679754071464,-0.019551898900018176,0.0152989763605907,0.9996917847875519,0.003646307121599098,0.0,0.0,0.0,1.0
1559194803572656000,0.9956107849257625,0.09178601633809884,0.01828912639496082,7.947642250951314e-05,-0.09147935917848075,0.9956626408277218,-0.016953834500280835,-0.00031606334450914907,-0.019765924815274855,0.015206342911780765,0.9996889893118998,0.004710575985482905,0.0,0.0,0.0,1.0
1559194803655859000,0.9956197547264595,0.09175849406346466,0.017935516876550428,0.00029087676088943574,-0.09145299119491308,0.995661332872094,-0.017171506191018576,-0.00020571026698710634,-0.019433332187945504,0.015456034115198445,0.9996916807743803,0.005604763663087973,0.0,0.0,0.0,1.0
1559194803673512000,0.9956197547264595,0.09175849406346466,0.017935516876550428,0.00029087676088943574,-0.09145299119491308,0.995661332872094,-0.017171506191018576,-0.00020571026698710634,-0.019433332187945504,0.015456034115198445,0.9996916807743803,0.005604763663087973,0.0,0.0,0.0,1.0
1559194803756705000,0.9956823914932371,0.09116769705887527,0.017465001668654348,0.003771554701491134,-0.09087250931230544,0.9957172419496169,-0.017010618317143553,-0.0084798477393123,-0.018941022189679493,0.015350084600017962,0.9997027621154111,0.001710030643864218,0.0,0.0,0.0,1.0
1559194803774416000,0.9956340863727314,0.09165158905046757,0.01768480356859939,0.0005142183026373865,-0.0913489390705358,0.995669964470206,-0.017224783963478103,-7.923551572558845e-05,-0.01918690656211377,0.015534094000782876,0.9996952308279512,0.006411221320178985,0.0,0.0,0.0,1.0
1559194803857550000,0.9956982473580867,0.09097451727836968,0.017568079405516007,0.0068716233993080895,-0.0906876093433047,0.9957428271655688,-0.016491805841467005,-0.008572744334522507,-0.01899362313059384,0.014827655050078997,0.9997096493112843,0.003943328555355657,0.0,0.0,0.0,1.0
1559194803875220000,0.9956364955485366,0.09166831759437581,0.017461050405033623,0.0008426619609947953,-0.09136671251960557,0.9956661055925008,-0.017353098213990035,5.908612589019039e-05,-0.01897610537466067,0.01568201912003965,0.9996969449293751,0.007160525849819483,0.0,0.0,0.0,1.0
1559194803958438000,0.9957062461894017,0.09092552776564007,0.01736720184579347,0.001499364332480324,-0.09063749778770128,0.9957437542985974,-0.01670987043995588,-0.0023276926207355386,-0.01881263655624041,0.015064002651203051,0.9997095380809002,0.0037722642112791895,0.0,0.0,0.0,1.0
1559194803976088000,0.9956370011897462,0.09167481156679644,0.017398010980545095,0.0010545891550618812,-0.09137711343000204,0.9956678279507679,-0.01719882336091276,0.00013177805138220105,-0.018899338694445236,0.015534004892225686,0.9997007100572252,0.007880330613543795,0.0,0.0,0.0,1.0
1559194804059286000,0.9956300408552076,0.09169881794230905,0.017667725791315224,-0.006329934971978564,-0.09139635051393129,0.9956655372485759,-0.017229191746661602,0.002834282413547731,-0.019171042209240676,0.015539135223423895,0.9996954568352917,0.005293595908595427,0.0,0.0,0.0,1.0
1559194804076924000,0.9956308751447768,0.09177415296046222,0.017223974768881788,0.0011582192476756593,-0.09147906295381317,0.9956583737371781,-0.017204181123573425,0.000302884300298548,-0.018728093857669353,0.015553380836015249,0.9997036315053726,0.008461736388709779,0.0,0.0,0.0,1.0
1559194804102429431,0.9956282133404588,0.09180526238744482,0.017212048061270288,0.0011871416692399606,-0.09151119958783324,0.9956561956225729,-0.017159267711053302,0.00034673377376458436,-0.018712593366146942,0.015509155887936294,0.999704608838609,0.008602827798371399,0.0,0.0,0.0,1.0
1559194804160158000,0.9956733738497557,0.09123050505687182,0.017650143164031254,-0.008856093997772378,-0.09093989598125021,0.9957176437004654,-0.01662255523413717,0.0015245559927483361,-0.01909104307161115,0.014945533468586122,0.9997060383451618,0.004804846100631561,0.0,0.0,0.0,1.0
1559194804177803000,0.9956266715087212,0.09181927116757715,0.01722650349665587,0.0012729237554777628,-0.09152545256484489,0.9956553158454161,-0.01713428030484231,0.00045485807433625166,-0.018724916909446686,0.015482682939966304,0.9997047884329228,0.00902121732496572,0.0,0.0,0.0,1.0
1559194804261016000,0.9956111965043912,0.09187569470389315,0.017810168942925253,-0.011630803840884387,-0.09156787075879776,0.9956469443451219,-0.017392160904420948,0.008632750390732701,-0.01933055715178945,0.01568499087988927,0.9996901072939072,0.003169282976264466,0.0,0.0,0.0,1.0
1559194804278661000,0.995628993035083,0.09179360550827195,0.017229109545746205,0.001281390859673043,-0.0914992325761425,0.9956572539355815,-0.01716167600881665,0.0006033769352956761,-0.018729620015487128,0.015510211902046388,0.9997042736033626,0.009570016609134733,0.0,0.0,0.0,1.0
1559194804361862000,0.9956626866638995,0.09139755200102873,0.017386830460035387,-0.009679849405723485,-0.09110045348280255,0.99569357655233,-0.01717582567630731,0.003801042057286719,-0.018881783826072515,0.0155173805990051,0.9997012999585873,0.004089520420688613,0.0,0.0,0.0,1.0
1559194804379508000,0.9956212169468003,0.09185846614782658,0.017332471328166916,0.0011874064865063385,-0.09156253032879351,0.9956514700275301,-0.017159640783167455,0.0007820122141255024,-0.01883335883908888,0.015497497507248926,0.9997025218362973,0.010041229616504272,0.0,0.0,0.0,1.0
1559194804462735000,0.9956528815582717,0.09152172929667814,0.017294869506684366,-0.009833105692707242,-0.09122214442709377,0.9956788197111962,-0.01738414060696363,0.008869218088951115,-0.018811161868160557,0.015730894604751033,0.9996992943601093,0.008114563249895639,0.0,0.0,0.0,1.0
1559194804480378000,0.9956259431564414,0.09177153559112976,0.017520461440588664,0.001121062322935267,-0.0914727306538945,0.9956597663115958,-0.017157193682425617,0.0009891302351565908,-0.019018960554278534,0.01547950269169586,0.9996992868537274,0.010469936632508156,0.0,0.0,0.0,1.0
1559194804563574000,0.9956298575353874,0.09176300795983693,0.017341774829114826,-0.009010301660140678,-0.09145676129293219,0.9956517634044026,-0.017698215828447696,0.006736927470924268,-0.01889041020911103,0.016034849542965798,0.9996929708676879,0.006782084587296163,0.0,0.0,0.0,1.0
1559194804581255000,0.995619951085922,0.09179178448982771,0.017753346158839303,0.0009758135372795376,-0.09149005680496831,0.9956587824356551,-0.017121870942389532,0.0011631896041865947,-0.019247922108275143,0.015422621661610878,0.9996957838440631,0.010782828186721286,0.0,0.0,0.0,1.0
1559194804664425000,0.9956084228858157,0.09198032508084766,0.017420909185204756,-0.009373568593548383,-0.09166723249706286,0.9956271399672547,-0.017992127360423125,0.009652229078041096,-0.01899965171120248,0.016316187013081223,0.9996863484494559,0.0051798132101650044,0.0,0.0,0.0,1.0
1559194804682071000,0.9956121618737649,0.09181280096984555,0.018078515069676605,0.0007267617533540457,-0.09150587993952397,0.9956571680591575,-0.017131188776925824,0.001350232076249519,-0.019572865542541822,0.015401729464211898,0.9996897967189436,0.010957303422089953,0.0,0.0,0.0,1.0
1559194804765289000,0.9955866387700091,0.09217092876477996,0.017656856834508593,-0.009650121118478213,-0.09185532046848303,0.9956110500533587,-0.017923088831910714,0.0027030925911349524,-0.01923134951761788,0.016222111523538356,0.9996834490444715,0.004302697959347767,0.0,0.0,0.0,1.0
1559194804782949000,0.9956064355109101,0.09182534512698705,0.018328435873521186,0.0005467946184974315,-0.09151531000478559,0.9956569367906877,-0.017094217013682963,0.0016388909195002692,-0.019818516694951775,0.015341779977974764,0.9996858787554824,0.01105036276175441,0.0,0.0,0.0,1.0
1559194804866166000,0.9956707802533106,0.09134711428970971,0.017187264491527125,-0.004853816892700408,-0.09105112435496002,0.9956962469142097,-0.01728226358588788,-0.0025983241200721653,-0.018691979655900415,0.015642525112564788,0.9997029165230268,0.005648798976728797,0.0,0.0,0.0,1.0
1559194804883831000,0.9956040697554981,0.09180136985366164,0.01857538099963474,0.0004268832586067896,-0.09148935423295962,0.9956608650295756,-0.017004114519434677,0.0020231917083117583,-0.020055780920382935,0.015229916005849924,0.999682857365339,0.011041816344357027,0.0,0.0,0.0,1.0
1559194804967021000,0.9956737670048329,0.09138228324734224,0.01682343623950554,-0.002873717945653292,-0.09108401594308536,0.9956856005963187,-0.017716850872177437,-0.0033316875736169324,-0.018369859500878213,0.016107857512707234,0.9997014980424243,0.005250361632671694,0.0,0.0,0.0,1.0
1559194804987330000,0.9955960057346638,0.0918143767285378,0.01893973577263579,0.00030226180304313856,-0.09149899309497185,0.995661793666445,-0.01689754110865858,0.0024221386376820737,-0.0204090084960875,0.015090157681836696,0.9996778278592278,0.010834995800887254,0.0,0.0,0.0,1.0
1559194805067850000,0.9956244104092785,0.09186519947098835,0.017111940957497625,-0.009820321572833598,-0.09155397799415649,0.9956344791057158,-0.018161859192713355,0.011445273048047844,-0.01870568123920849,0.016515724084821593,0.9996886156935721,0.007111453941282554,0.0,0.0,0.0,1.0
1559194805088200000,0.9955871553265709,0.09179671634684927,0.019482787703056052,0.00033909461294298995,-0.09147694940450234,0.9956668832884359,-0.016716017777470418,0.0027464951974745314,-0.02093284205243947,0.014860026602489031,0.9996704435627692,0.010608840580177263,0.0,0.0,0.0,1.0
1559194805099066752,0.9955863750579025,0.09180161972740038,0.019499549084291634,0.0003508244672666178,-0.09148169085226857,0.9956665172152421,-0.016711874080385252,0.002767806781379776,-0.0209492252332841,0.014854262415027093,0.9996701860364906,0.010592826612163998,0.0,0.0,0.0,1.0
1559194805168700000,0.9956162277811217,0.0920023527920013,0.01684915605083216,-0.015791595995761423,-0.09168867520949907,0.9956152978790218,-0.018530123248163152,0.012143107600592727,-0.018480092456916203,0.016904014611956585,0.999686321039145,0.006199270300064969,0.0,0.0,0.0,1.0
1559194805189035000,0.9955731482409921,0.09185389459159528,0.019924069611320167,0.0004962200400735211,-0.09152675972761327,0.9956616597443174,-0.016754449228625706,0.0030122179814899208,-0.0213765936314548,0.014856694233475182,0.9996611025148319,0.010331427251245386,0.0,0.0,0.0,1.0
1559194805269558000,0.9956608840096773,0.09149752114565174,0.01695899989003187,-0.010384889647311484,-0.09119690165344131,0.9956751037163108,-0.01772605337711356,0.0014074971289069161,-0.01850754391813381,0.016102529730347696,0.9996990443900619,0.00667565587689419,0.0,0.0,0.0,1.0
1559194805289915000,0.9955469482157248,0.09206213999461364,0.020269096624388794,0.0007775695334883518,-0.09172881403225629,0.9956422210834487,-0.016804531301223422,0.0034149538303504825,-0.021727829495658667,0.014870439658268255,0.9996533256333301,0.009916444979867966,0.0,0.0,0.0,1.0
1559194805370427000,0.9956681266726483,0.0915057277459643,0.016482818868622538,-0.0049174035201730755,-0.09120312561748453,0.9956648659980699,-0.018261010230677867,0.00583881007195627,-0.01808235067063224,0.016678621247723888,0.9996973803044072,0.009840529861493214,0.0,0.0,0.0,1.0
1559194805390749000,0.9955332216345353,0.09207927041471849,0.02085695523936852,0.0013431695712075697,-0.09173852430274984,0.9956423137135166,-0.016745933893019024,0.0039672987741538,-0.02230802054682646,0.014757747222688005,0.9996422165535984,0.009466416652499251,0.0,0.0,0.0,1.0
1559194805471298000,0.995645963149647,0.09165709508804226,0.016973302089675683,-0.012300838210205434,-0.09135395669278823,0.9956584980493665,-0.01784964589711881,0.008268750286827177,-0.018535659156824775,0.016221349577083294,0.9996966025537539,0.009237325307899174,0.0,0.0,0.0,1.0
1559194805491608000,0.9955241659828221,0.09205060052295463,0.02140845364727984,0.00208950794453985,-0.091704446510454,0.9956474504273632,-0.016626753973736228,0.004465848474813613,-0.02284577497953644,0.014589084990336856,0.9996325470715378,0.009016585076823472,0.0,0.0,0.0,1.0
1559194805572153000,0.9956410904252418,0.09178526075451461,0.01656155080465304,-0.007307667910597762,-0.09147621852457019,0.9956346023015826,-0.018542927067016237,0.00510895050777897,-0.018191220444886226,0.01694711208416763,0.9996908896707675,0.007224252671639346,0.0,0.0,0.0,1.0
1559194805592456000,0.9955178975995418,0.09201550061299255,0.02184635452266597,0.003139769675846746,-0.09166495827127609,0.9956525168235341,-0.01654089381173678,0.004924977348012863,-0.02327339648858491,0.014464210656177725,0.9996244973118543,0.008506105037535265,0.0,0.0,0.0,1.0
1559194805673002000,0.9956095037479606,0.09205819785120883,0.01694119993172818,-0.01220683893473588,-0.09174276219485862,0.9956101128710269,-0.018541001423802567,0.005353156997707137,-0.01857368115363052,0.016905364749910202,0.9996845637555236,0.006117132652312077,0.0,0.0,0.0,1.0
1559194805693315000,0.9955045931285395,0.09209820877098591,0.022102601682943354,0.0045786378144350715,-0.09174319955323297,0.9956447641729942,-0.016573741600485428,0.00552076421841803,-0.02353275155426166,0.014471472491764906,0.9996183202043689,0.007983031398419726,0.0,0.0,0.0,1.0
1559194805773885000,0.9956214773936645,0.09199968409256376,0.016550887569089564,-0.0026229342447190106,-0.091685355625119,0.9956097279630274,-0.018843172484578025,-0.00047170058135821946,-0.01821179058609076,0.017243193215195927,0.9996854520154793,0.010022143818149606,0.0,0.0,0.0,1.0
1559194805794183000,0.995499089652681,0.09209291002950722,0.022370928075973084,0.0063591426360072026,-0.09173622941822628,0.9956469483315582,-0.01648085222864475,0.006189829112127351,-0.023791315911689613,0.014354448800040113,0.9996138870017954,0.007419761015591081,0.0,0.0,0.0,1.0
1559194805874721000,0.9956900725232919,0.09131728645397567,0.016199773863975957,0.0022321693349040966,-0.09101894803803998,0.9956812415005596,-0.018287056131421196,-0.0033803138215592336,-0.017799735296064833,0.016733753870179082,0.9997015309105016,0.011161116665966371,0.0,0.0,0.0,1.0
1559194805895020000,0.9954918706207037,0.0920821063917212,0.02273370208654641,0.008514738990653577,-0.09172408911560963,0.9956507055019136,-0.016320665104547483,0.006872488702692939,-0.024137667741680836,0.01416186131858588,0.999608330637548,0.0068366865001213365,0.0,0.0,0.0,1.0
1559194805975608000,0.9956559136207858,0.09165467985951657,0.016392721915782726,-0.003704527182358939,-0.0913500831331335,0.9956478130563529,-0.018455207061236933,-0.002014628066026032,-0.01801288382042876,0.016877559537831585,0.9996952955778663,0.011080092469817506,0.0,0.0,0.0,1.0
1559194805995887000,0.9954869068593457,0.09202883961381211,0.023162706036782606,0.011145863268175507,-0.09166743054808554,0.9956577107180796,-0.016211269670976625,0.007609761291631809,-0.02455403120310542,0.01401484095409074,0.9996002619971176,0.006187783006611602,0.0,0.0,0.0,1.0
1559194806076467000,0.9956036450189684,0.09217749609709779,0.01663403854178046,-0.010784134452751074,-0.09185903457544238,0.9955909196306972,-0.01899048487456931,0.010881873364280788,-0.018311193074391312,0.017379009240260195,0.9996812843331719,0.010211248917322535,0.0,0.0,0.0,1.0
1559194806096775000,0.9954767194243467,0.0920974291887741,0.023327336345188052,0.014275756334526357,-0.0917343362883853,0.9956519509420684,-0.016186541662237607,0.00846306523247525,-0.024716646816917442,0.013973407675748036,0.9995968343527584,0.005530072636772699,0.0,0.0,0.0,1.0
1559194806099657080,0.9955030331853897,0.09161236696250437,0.024101558833755376,-6.65115646296243e-05,-0.0912542160474454,0.9957059850041288,-0.015564686971531102,0.0040713157744462925,-0.025423984193191872,0.013295324233844575,0.9995883429598706,-0.0020945816987616547,0.0,0.0,0.0,1.0
1559194806177319000,0.9955973918713593,0.0922303143640832,0.01671533461377289,-0.009640892856785222,-0.09191021569276125,0.9955859641783067,-0.019002636197629853,0.007801511427056939,-0.01839417163826987,0.017382665027312085,0.9996796974062685,0.010996527822543328,0.0,0.0,0.0,1.0
1559194806197608000,0.9955065990113988,0.09168209085666268,0.023685555533065315,-0.0006470510041991131,-0.09132161954855486,0.9956948378390867,-0.015879285362486773,0.003877772116990463,-0.025039431458966577,0.013644930074753942,0.9995933386910243,-0.0010468503981308404,0.0,0.0,0.0,1.0
1559194806278161000,0.9956551867735006,0.09174782585017618,0.01590866125061913,-0.01384037727938781,-0.09143726738599953,0.995624568112364,-0.019259945587944225,0.008947031183821882,-0.01760611212058016,0.017721620209086058,0.9996879358045505,0.008009388784304185,0.0,0.0,0.0,1.0
1559194806298503000,0.9955056746016219,0.09181416737764099,0.02320798364194169,-0.0008695034069844804,-0.09145682846666425,0.9956801980561638,-0.01601848075367709,0.0038736838643544523,-0.024578453222146395,0.013823959909784127,0.9996023198100431,-3.814791677958319e-05,0.0,0.0,0.0,1.0
1559194806378998000,0.9956985149505376,0.09133091621595033,0.01559266072390416,0.0019732429845922845,-0.09103215890893919,0.9956685462443237,-0.018902170883089976,-0.005049089534462385,-0.017251474420273694,0.017401429908802384,0.9996997433567018,0.010563221548822818,0.0,0.0,0.0,1.0
1559194806399328000,0.9955070561949413,0.09189770751756178,0.02281474126742944,-0.0008376595811902883,-0.09154297186585347,0.9956703756870023,-0.016136520110284727,0.004003575183777502,-0.024198871214389447,0.013975490414248991,0.9996094738944968,0.0009563346804439698,0.0,0.0,0.0,1.0
1559194806479886000,0.9956608047693251,0.09173365923854868,0.01563641930884714,-0.013376895911128598,-0.09142496617148033,0.9956223775250383,-0.01943082427313547,0.01755895464814827,-0.017350429580848783,0.017916951026766985,0.9996889243455988,0.013574673297015852,0.0,0.0,0.0,1.0
1559194806500204000,0.9955173700340377,0.09191709510411387,0.02228034084424132,-0.0007073625711242989,-0.09156509804064698,0.9956650707335374,-0.016337066504941294,0.004156267004414621,-0.023685412838305844,0.014223731887288284,0.9996182704762241,0.001878760465630029,0.0,0.0,0.0,1.0
1559194806580703000,0.9956408938296971,0.09192159996543224,0.01579968334472419,-0.012757557116905618,-0.09160851834936229,0.9956038793737724,-0.019513962737628936,0.010439326991280088,-0.017523980707393298,0.017981513720653063,0.9996847379371556,0.009108446060263302,0.0,0.0,0.0,1.0
1559194806601045000,0.9955261246208432,0.09194171861720579,0.021782001173459242,-0.0004111282153026768,-0.09159117348133843,0.9956586448654021,-0.016580707014697157,0.0042198373285847746,-0.02321189646964263,0.014511487949566077,0.9996252420681332,0.002695223649512278,0.0,0.0,0.0,1.0
1559194806681576000,0.9956588354071795,0.0917482899149218,0.015675929742895542,-0.011276519611317226,-0.09143876748123801,0.9956209745653509,-0.01943776754291037,0.016185686333552454,-0.01739066637966546,0.017919997299876846,0.9996881705910314,0.013544344507534084,0.0,0.0,0.0,1.0
1559194806701882000,0.9955336028751964,0.09195278303950637,0.021389979841568183,-1.8717936400318878e-05,-0.09160170044061335,0.9956530916140028,-0.01685377215538634,0.004292035191236452,-0.02284675081322012,0.014819137990011293,0.9996291407949797,0.0035869203229882962,0.0,0.0,0.0,1.0
1559194806782455000,0.9956694286104313,0.09160535822352453,0.01583815883598797,-0.013975344574615134,-0.09130023560657208,0.9956417294954794,-0.019021394939229944,0.013393239207742947,-0.01751159355280648,0.017492993797216437,0.999693622696099,0.012044273475344869,0.0,0.0,0.0,1.0
1559194806802775000,0.9955471207012485,0.0918692704023423,0.021117945430272837,0.0003191093546181069,-0.09152015295407956,0.995659041249134,-0.01694506365041211,0.004461824888817407,-0.02258300393474163,0.014936891731412666,0.9996333813947412,0.004486900454626479,0.0,0.0,0.0,1.0
1559194806883310000,0.9956081421654,0.09222046625827249,0.01611871139588607,-0.010703319901766886,-0.0919019847238101,0.9955772095034358,-0.019494745988916106,0.012391743116081239,-0.017845236276991975,0.01792778626753901,0.9996800198172229,0.012684210896096747,0.0,0.0,0.0,1.0
1559194806903636000,0.9955500519227198,0.09193430970409358,0.020692433783901478,0.0006993971375930998,-0.0915866313430523,0.9956491167707013,-0.017167563395973914,0.004507311068779673,-0.022180691510887914,0.015196018325691708,0.9996384836285276,0.005308190669609358,0.0,0.0,0.0,1.0
1559194806984165000,0.9956159534274538,0.09218300350479415,0.015848253707477042,-0.007850914533606273,-0.09186419469612961,0.9955748863502545,-0.019789274911118395,0.0011052096383441078,-0.01760235818216047,0.018246630744093856,0.9996785570636759,0.008967263184559945,0.0,0.0,0.0,1.0
1559194807004476000,0.9955596621897576,0.0918941175978342,0.020406620776916354,0.0011582623135787114,-0.09154640581857354,0.9956493506637961,-0.017367386229951407,0.004393257191041601,-0.021913799358361345,0.015422116381180151,0.9996409073882501,0.006176417030559231,0.0,0.0,0.0,1.0
1559194807084999000,0.9956634470667236,0.09171703254049363,0.0155655426237797,-0.0014902791768635693,-0.09141040820166385,0.995624613831552,-0.01938467449242354,-0.0007104801857816827,-0.017275342185087753,0.017877759220272748,0.9996909263755723,0.012198444450467916,0.0,0.0,0.0,1.0
1559194807098751534,0.9956634470667236,0.09171703254049363,0.0155655426237797,-0.0014902791768635693,-0.09141040820166385,0.995624613831552,-0.01938467449242354,-0.0007104801857816827,-0.017275342185087753,0.017877759220272748,0.9996909263755723,0.012198444450467916,0.0,0.0,0.0,1.0
1559194807105314000,0.9955675609750081,0.09188147535967883,0.020075507963800213,0.0014666509911534988,-0.09153477265461872,0.9956470882211929,-0.017557366309555105,0.004334009371475575,-0.02160131776867135,0.015641937296556097,0.9996442931704577,0.007076727133746779,0.0,0.0,0.0,1.0
1559194807185877000,0.9956386539254897,0.09199433272917548,0.01551494618585321,-0.01121641063559932,-0.09168178842297012,0.9955918928339624,-0.01977960047257628,0.01408572935237172,-0.017266165787515043,0.01827089677609474,0.9996839769897244,0.015467578866933888,0.0,0.0,0.0,1.0
1559194807206187000,0.9955708186479763,0.09192902170727887,0.01969263884153234,0.0017349524069003401,-0.09158339431212763,0.9956384998628244,-0.017789307945274887,0.004306699308346838,-0.02124210307078235,0.015906997166187885,0.9996478082296214,0.007910772465719501,0.0,0.0,0.0,1.0
1559194807286738000,0.9956058721567428,0.09229694327351465,0.015818394020078373,-0.01421215674305533,-0.09197646686104625,0.9955620168719952,-0.019914821252568098,0.011116775095188207,-0.017586269381755625,0.01837239298862604,0.9996765368383428,0.012021445626949328,0.0,0.0,0.0,1.0
1559194807307054000,0.9955862150967862,0.0918389602427526,0.019331158547522008,0.0019857921196338797,-0.09149549028610039,0.9956434924953383,-0.01796137825976243,0.004121528182260927,-0.020896496514139332,0.01611338677045471,0.9996517869739545,0.008745446054388668,0.0,0.0,0.0,1.0
1559194807387598000,0.9957108023816823,0.09133867102972498,0.014739239971877555,-0.005139044593291307,-0.0910402708627493,0.9956506404816347,-0.019785630890725592,-0.0006569718781878505,-0.01648232694925601,0.018358902010481404,0.9996955954765965,0.011713987985829132,0.0,0.0,0.0,1.0
1559194807407931000,0.9955903905323106,0.09189966035322657,0.018820911420137657,0.002020851260004368,-0.09155989266751889,0.9956335358932046,-0.018183736126071243,0.003752124293155025,-0.02040980975990316,0.016380312321559024,0.9996575038651048,0.009564950957321391,0.0,0.0,0.0,1.0
1559194807488456000,0.9956979155672323,0.0914300929839713,0.015039914627528201,-0.008836585795048198,-0.0911294183287596,0.995646312647494,-0.0195920705007843,0.009456212978237049,-0.01676574036906681,0.018137205087556427,0.9996949293366892,0.01324935962745943,0.0,0.0,0.0,1.0
1559194807508817000,0.9956009722749998,0.09190712482064348,0.018214950240832656,0.0019246856362478615,-0.09157076253176133,0.9956264565750109,-0.018513627878803805,0.003302020341146273,-0.01983682067331061,0.01676422903344353,0.9996626736907259,0.010333020219313645,0.0,0.0,0.0,1.0
1559194807589315000,0.9956450285392127,0.09197519817180175,0.015216440661518213,-0.010521819449381456,-0.09166168954774896,0.9955861594300623,-0.020157723595475113,0.007430101263771502,-0.01700328834078261,0.01867517262456464,0.9996810121799062,0.009731928926342202,0.0,0.0,0.0,1.0
1559194807609628000,0.995614656688739,0.0918806437924402,0.017589846015548496,0.0016675338349748036,-0.09154948045306836,0.995623249748524,-0.01878928388626515,0.0027335780797546044,-0.01923923115244551,0.017096545161878234,0.9996687251925964,0.011088897294566611,0.0,0.0,0.0,1.0
1559194807690177000,0.9956450752285637,0.09197608984167233,0.01520799363962514,-0.013848232455943304,-0.09166303980044564,0.9955863932714208,-0.02014002649811679,0.010938494295417683,-0.016993272423173587,0.018658307271548945,0.9996814974091053,0.010619614632642988,0.0,0.0,0.0,1.0
1559194807710486000,0.9956264323551536,0.09191490322225707,0.016722971069497317,0.0010513290596921056,-0.09159112435621039,0.9956116704496508,-0.01919550998590121,0.00188309677212577,-0.01841393860403944,0.017579881401668943,0.9996758847921595,0.011865097158213949,0.0,0.0,0.0,1.0
1559194807791011000,0.9956553478350518,0.09187881574633966,0.015123212109501377,-0.012228207544250018,-0.09156874669899673,0.995596732830234,-0.020057671991994073,0.009325963268476803,-0.016899495715371176,0.018585714805020186,0.9996844393356089,0.01224909508145822,0.0,0.0,0.0,1.0
1559194807811357000,0.9956400109132529,0.09185533844338731,0.016234699507800907,0.0001572067759188576,-0.09153635282265474,0.9956125958431556,-0.01940760444712221,0.0008625148480138562,-0.017946163394561135,0.017836922321416985,0.999679838459052,0.012453159799176659,0.0,0.0,0.0,1.0
1559194807891861000,0.9956722019632438,0.09172428561772078,0.014950640975828738,-0.009202909999136404,-0.09141871253370805,0.995612055624418,-0.019981333639236893,0.00029824125042698783,-0.016717811948595843,0.018528090113177253,0.9996885638239591,0.011762422016303646,0.0,0.0,0.0,1.0
1559194807912185000,0.9956497521198229,0.09186269247657367,0.015582581130566412,-0.0011040571918616642,-0.09154895233885109,0.9956041554451359,-0.019777638535398937,-0.000368557277166119,-0.017330909652843115,0.01826503192804688,0.9996829638336701,0.013036959267485706,0.0,0.0,0.0,1.0
1559194807992710000,0.9956446888674028,0.09201957864027915,0.014968322450994626,-0.016350835653918445,-0.09170602883596712,0.9955763933382007,-0.020436469921067475,0.007688208923835475,-0.016782663831115832,0.01897477732579233,0.999679098521204,0.007259044647816181,0.0,0.0,0.0,1.0
1559194808013055000,0.9956605403681953,0.09181311153539475,0.015180280099611893,-0.0028612309186641077,-0.09150376039849563,0.9956048110843718,-0.019952994226031744,-0.0017747023060220373,-0.01694550638512175,0.018477356300037287,0.9996856691568159,0.013643598823395248,0.0,0.0,0.0,1.0
1559194808093605000,0.9956681199099356,0.09178853265514422,0.014827685862140911,-0.004608046329616116,-0.0914826061500874,0.9956029976513643,-0.02013960872516813,-0.003047761191608492,-0.016611073625712198,0.018695891009266448,0.9996872190302175,0.014019790777724726,0.0,0.0,0.0,1.0
1559194808098439068,0.99565801568238,0.0918354646622773,0.015210629102289834,-0.001486209661537916,-0.09152647666040416,0.9956038136457199,-0.01989850055228183,-0.000525410081125681,-0.01697114838649175,0.018419926285418938,0.9996862940133187,0.014399539297050769,0.0,0.0,0.0,1.0
1559194808113911000,0.9956561945987235,0.09185508479421624,0.015211362681761365,-0.0013849803924581058,-0.0915456870134972,0.9956015819631174,-0.01992177657146179,-0.000636968097687817,-0.016974373225999442,0.018442705603674323,0.9996858192770387,0.014390009714113916,0.0,0.0,0.0,1.0
1559194808194436000,0.9956304974435876,0.09219197109177223,0.014851027790882569,-0.011074265076877395,-0.09187513673616719,0.9955539833834268,-0.02076596781034049,0.0035108314851236325,-0.016699455378614732,0.019310790651946946,0.9996740576580218,0.010091734187423764,0.0,0.0,0.0,1.0
1559194808214751000,0.9956579000955655,0.09183170068388145,0.015240889960764673,-0.0007302571014239366,-0.09152099104600787,0.9956029474834119,-0.01996695170274429,-0.001525908450713328,-0.017007474099543635,0.018485391850031584,0.9996844682763179,0.014416318139814654,0.0,0.0,0.0,1.0
1559194808295305000,0.9956709968126572,0.09176030538563991,0.014809201923779469,-0.0093915061538168,-0.09145464925463026,0.9956054720749238,-0.02014425734992493,-0.0050273069293488674,-0.01659256567857339,0.018702682427970293,0.9996873993575195,0.007822690843450655,0.0,0.0,0.0,1.0
1559194808315633000,0.9956642316069507,0.09172942276508125,0.015441855384837286,-0.0001545914132599593,-0.09141687882825768,0.995614691381398,-0.01985801024327485,-0.0023633093245494004,-0.01719570190020965,0.018360264287514052,0.9996835541967528,0.014578249375619778,0.0,0.0,0.0,1.0
1559194808396168000,0.995626841231401,0.09216088788399507,0.01528279306966046,-0.016003036832174067,-0.09184520539926753,0.9955681498490491,-0.020211809698955478,0.006022582663923554,-0.017077800348485855,0.018719768977583873,0.9996789079422849,0.010001359147205046,0.0,0.0,0.0,1.0
1559194808416468000,0.9956644707783698,0.09173203396817824,0.015410891398309024,0.0003636346211797268,-0.09141858563155576,0.9956128203211476,-0.019943776304666136,-0.002967675022464455,-0.017172764214166834,0.018448467584752628,0.9996823246476956,0.01467220660803279,0.0,0.0,0.0,1.0
1559194808497031000,0.995600828157527,0.09241493450338328,0.015442501506420413,-0.01621522578260007,-0.09209297711173924,0.9955413939228431,-0.020401386052350354,0.01059572582829672,-0.017259042231163618,0.018889490911502747,0.9996726027026885,0.009965660053241964,0.0,0.0,0.0,1.0
1559194808517344000,0.995661322433557,0.09173924322488541,0.015570557548995789,0.0008056256035840947,-0.09142272422281157,0.9956122957479565,-0.019950991232531804,-0.0035277125154783567,-0.017332527384690235,0.01844092752564564,0.9996797065492793,0.01481102680915581,0.0,0.0,0.0,1.0
1559194808597917000,0.9956119941183951,0.09232293548518893,0.015271959631612859,-0.016706491432070383,-0.0920034256649563,0.9955487355906129,-0.020447120331354433,0.01007511592089612,-0.01709171827245264,0.01895232564435328,0.9996742882154986,0.010199420922236071,0.0,0.0,0.0,1.0
1559194808618183000,0.9956592218249839,0.09175695183870299,0.015600505893755277,0.001154177841028218,-0.09143954775121962,0.9956103677444736,-0.01997009631336469,-0.0040519350058917745,-0.01736442057552122,0.018456907351519402,0.9996788581685091,0.01499069380673532,0.0,0.0,0.0,1.0
1559194808698742000,0.9956451216277064,0.09204224843741113,0.014799198678732467,-0.018820047439565394,-0.09172908676254292,0.995570771529657,-0.020606152419955233,0.009157556211915274,-0.01663028624698303,0.019158898152827897,0.9996781333013708,0.008317171361950636,0.0,0.0,0.0,1.0
1559194808719090000,0.9956577387643116,0.09176028429284691,0.015675377674387425,0.001436004180707475,-0.09144135535527755,0.9956100376554333,-0.019978274463340606,-0.004572112452318697,-0.017439775501096703,0.018458145796330577,0.9996775235465853,0.01515666574722957,0.0,0.0,0.0,1.0
1559194808799631000,0.995690154029748,0.09158450803630577,0.014608047643661148,-0.0011448982930862815,-0.09128325134084067,0.9956219689985918,-0.020106289364640526,-0.0010812400205353692,-0.01638551777810337,0.018686164269790424,0.9996911233336154,0.012941523519218998,0.0,0.0,0.0,1.0
1559194808819921000,0.9956610290066652,0.09173357941796513,0.015622603001976688,0.0017324338545572056,-0.09141518142201209,0.99561192767029,-0.02000385178480845,-0.0049365998363348805,-0.017389074816392604,0.018488912564449386,0.9996778382004952,0.01533902120954935,0.0,0.0,0.0,1.0
1559194808900440000,0.9956326805259632,0.09211577216885308,0.015173990457938559,-0.01317935855943143,-0.09180098575990364,0.9955708573929177,-0.020279223935855382,0.011798034616832698,-0.016974819062118306,0.018797670804291945,0.9996792000887785,0.010658616322357076,0.0,0.0,0.0,1.0
1559194808920800000,0.9956622912701408,0.09170560006899847,0.01570619809761952,0.0019736787332828858,-0.09138703574421028,0.9956160929177376,-0.019924989864602057,-0.005175652404608084,-0.017464576736446004,0.01840321817517111,0.9996781032513505,0.015498879447703902,0.0,0.0,0.0,1.0
1559194809001323000,0.9956690810386514,0.09177940685476144,0.014819633633513248,-0.005661977328276523,-0.09147406141750782,0.995604306060319,-0.02011372272693208,-0.004270809029315117,-0.016600516601281118,0.018670999746613827,0.9996878595926982,0.008258182754200998,0.0,0.0,0.0,1.0
1559194809021613000,0.9956657821195205,0.09164700051938905,0.015826484515632917,0.0021505136077574452,-0.09132575622032153,0.9956211819291217,-0.019951650178422188,-0.005334376956777505,-0.017585692113501947,0.018419809712774432,0.9996756744279793,0.015590198663306347,0.0,0.0,0.0,1.0
1559194809098397900,0.9956640384148233,0.0916644429694453,0.015835166642271716,0.0022535981002349105,-0.09134034611211343,0.9956167681602851,-0.02010453009112577,-0.005409497609376838,-0.017608627987623672,0.018570968019114464,0.9996724740469883,0.015599738330410525,0.0,0.0,0.0,1.0
1559194809102169000,0.9956118738549197,0.09236100615618636,0.015047962683022722,-0.010601740564456888,-0.09204071643597136,0.9955391319388898,-0.020744717310997262,0.003585220342584321,-0.016896838670174653,0.019268661608345505,0.9996715538229421,0.008366453506029216,0.0,0.0,0.0,1.0
1559194809122482000,0.995661317822266,0.09169485388598685,0.015830159925167005,0.0022837448082043354,-0.09136997456234447,0.9956130461873195,-0.020154156149137785,-0.005417188415344433,-0.017608746148018543,0.018620312361365875,0.9996715540749678,0.015584506698286912,0.0,0.0,0.0,1.0
1559194809203049000,0.9956272912419588,0.0921900642464067,0.015076106541175778,-0.02110252019386224,-0.09187426413208294,0.995560646826487,-0.0204479358521631,0.013844334330745164,-0.016894274899675352,0.018973416789531173,0.9996772443798773,0.01085810270281131,0.0,0.0,0.0,1.0
1559194809223341000,0.9956619799872942,0.09169055758329764,0.015813388563009286,0.002428777736830912,-0.0913638107153279,0.9956110970933564,-0.020278003751265417,-0.005354455545204164,-0.017603286606610948,0.018745265925736023,0.999669314976718,0.015516730765628291,0.0,0.0,0.0,1.0
1559194809303886000,0.9956844629279368,0.09157147769721757,0.015070327011998255,-0.013691859106819361,-0.09127100337612776,0.99563423175113,-0.01954687975229239,0.0011347362880986423,-0.016794470120116443,0.018087040600486864,0.9996953559638553,0.008781028457315992,0.0,0.0,0.0,1.0
1559194809324219000,0.9956643552230245,0.091650476571217,0.01589597064008234,0.0025650721958758796,-0.09132111687556294,0.9956137843389073,-0.020338290167994575,-0.005249868080873764,-0.01769026147125297,0.01879847277378154,0.9996667805176161,0.015438158806151429,0.0,0.0,0.0,1.0
1559194809404728000,0.9956454057352481,0.09200099440425157,0.015034728694555374,-0.009383083183507418,-0.09168945593985266,0.9955818859795873,-0.020242331357377134,-0.0012294565667329963,-0.016830618162855943,0.01877565812313608,0.9996820519316618,0.006854363052523942,0.0,0.0,0.0,1.0
1559194809425044000,0.9956629912723495,0.09164500375680928,0.016012529375910352,0.002659589815879216,-0.0913139102901485,0.9956149692437993,-0.02031262674271544,-0.005140281752021597,-0.017803864696259265,0.018762364032300485,0.9996654420843998,0.015321708645593287,0.0,0.0,0.0,1.0
1559194809505586000,0.9956310441455969,0.09216374285990843,0.014988943778534596,-0.009093165307920774,-0.09184975646557965,0.9955631004047814,-0.020438575039180853,0.0049349836928947715,-0.016806134914284867,0.018972548971373192,0.9996787465054808,0.009271042880323927,0.0,0.0,0.0,1.0
1559194809525916000,0.9956646056609243,0.09159272356810974,0.016210059329053082,0.002730694410883103,-0.0912583220727788,0.9956205134289259,-0.020290684857324572,-0.005048643351785025,-0.017997546681049793,0.018723413921988556,0.9996627041580426,0.015198361140045752,0.0,0.0,0.0,1.0
1559194809606469000,0.9956243053077044,0.09221110373741656,0.015144471865110152,-0.014280192711056395,-0.09189488752632402,0.9955598104499332,-0.020395917812566094,0.011520665485568736,-0.016957957632627797,0.018914971964559397,0.9996772736781139,0.008107370982650864,0.0,0.0,0.0,1.0
1559194809626772000,0.995663429475034,0.09157679789953967,0.016371478017637043,0.002834032153478844,-0.09123778539520697,0.9956206085805784,-0.02037818161207841,-0.004831642797701563,-0.018165949526332808,0.018796112792371464,0.9996582938292979,0.015101191274657007,0.0,0.0,0.0,1.0
1559194809707312000,0.9956284311681898,0.09215976983169095,0.015185646977853545,-0.00047380490080395083,-0.09184586268716348,0.9955680363965337,-0.020214411017927276,0.0003252486452741028,-0.016981300209848015,0.018731303481624276,0.9996803357639181,0.012827373505583054,0.0,0.0,0.0,1.0
1559194809727661000,0.9956654973908077,0.09156860904181355,0.0162913211147796,0.002950131258427402,-0.09122967298914389,0.9956197299088989,-0.02045727700409187,-0.004383030890712682,-0.018093205128203848,0.018882352985678152,0.9996579878508024,0.0149560458593122,0.0,0.0,0.0,1.0
1559194809808197000,0.9956089349787871,0.09238688192636617,0.015083522079572953,-0.013298616845470986,-0.09206623464266375,0.9955371776929198,-0.020725256812365513,0.005452938438887876,-0.016930948854784543,0.019245567779105414,0.999671421563973,0.005428289154833571,0.0,0.0,0.0,1.0
1559194809828486000,0.9956620295418938,0.09163198369231564,0.016146284189513402,0.0031534849114118408,-0.09129365619242547,0.9956114226874799,-0.02057579532435652,-0.003935680788400929,-0.01796082591465572,0.019012484814504765,0.9996579085635461,0.014768106987723035,0.0,0.0,0.0,1.0
