1559194803104782469,0.9939632959255538,0.10900831102690124,0.01241589625724598,1.8500880932366572e-07,-0.1087419620245112,0.9938602895506408,-0.020418387531218777,-3.062896354985683e-07,-0.014565440187928066,0.018944998848709795,0.9997144267093239,1.1295542084127923e-06,0.0,0.0,0.0,1.0
1559194803151577000,0.9939177557999316,0.10943553194488342,0.012302806735324929,-0.002186121932127708,-0.10915427078538643,0.9937903465916134,-0.021589168363591003,0.007906647762970696,-0.014589032693665346,0.02011495387171931,0.999691226707427,0.0023757149349171954,0.0,0.0,0.0,1.0
1559194803169225000,0.9939546610261336,0.10905707227438681,0.012676230171678347,0.00038145737497231343,-0.10878377598896191,0.9938529167311386,-0.02055407469554216,-0.0003556705088786722,-0.01483987553888271,0.01905085016333305,0.9997083790796412,0.0015964752868452,0.0,0.0,0.0,1.0
1559194803252452000,0.9939546610261336,0.10905707227438681,0.012676230171678347,0.00038145737497231343,-0.10878377598896191,0.9938529167311386,-0.02055407469554216,-0.0003556705088786722,-0.01483987553888271,0.01905085016333305,0.9997083790796412,0.0015964752868452,0.0,0.0,0.0,1.0
1559194803270105000,0.9939545796983726,0.10905956043165142,0.012661191692939269,0.00040480750397108435,-0.10878608402470615,0.9938520131863853,-0.020585524232741726,-0.0003675902585349146,-0.014828399077444382,0.01908371462326447,0.9997079225538715,0.0017023577330508527,0.0,0.0,0.0,1.0
1559194803353271000,0.9939465894611725,0.10911912029804258,0.012774775296849552,0.0005619349661571522,-0.10884182004518038,0.9938436183631131,-0.020695904139911438,-0.0004746209385803469,-0.014954447758316412,0.01918019354170295,0.9997041985847321,0.0026298746474290964,0.0,0.0,0.0,1.0
1559194803370953000,0.9939438222484762,0.10914418831459075,0.012775929368829639,0.0005779041225651914,-0.10886624291312325,0.9938400790502826,-0.02073736789727557,-0.0004920803146626084,-0.014960593840787616,0.019220911281083056,0.9997033245925792,0.002747558823535391,0.0,0.0,0.0,1.0
1559194803454120000,0.9939417514636926,0.10918076427470787,0.012623605256567381,0.000716203319890754,-0.10890391040856627,0.9938333621929657,-0.020861123889922475,-0.0005823946086979133,-0.014823393505062248,0.019359982040756313,0.9997026848520376,0.003560643965736635,0.0,0.0,0.0,1.0
1559194803471797000,0.9939401891312493,0.10920295142423622,0.012554514326299036,0.000745112475701725,-0.10892693531459942,0.9938301302617836,-0.020894854553628894,-0.0005950480509484905,-0.014758834395115614,0.019400710916976902,0.9997028504626829,0.0036816595182096474,0.0,0.0,0.0,1.0
1559194803554986000,0.9939434401788537,0.10918395211409855,0.012462035394383944,0.0009358684868891937,-0.10890908718301837,0.9938311598535917,-0.020938873728706654,-0.0006308050496073345,-0.014671348076655289,0.019454827288136484,0.9997030865416002,0.004449653270414118,0.0,0.0,0.0,1.0
1559194803572656000,0.9939462545471619,0.10916151643943774,0.012434082206219051,0.0009652717461927269,-0.1088868102085481,0.9938330427046446,-0.02096534738649134,-0.0006253074512373621,-0.01464601086563533,0.019484520960777102,0.9997028797641063,0.004575409714624852,0.0,0.0,0.0,1.0
1559194803655859000,0.9939198024653813,0.10939871742854464,0.012463823336648376,-0.00014725292076964446,-0.10911928931290998,0.9938015986583525,-0.021245310163576548,0.003969254356727448,-0.014710777240623323,0.01975609093648106,0.9996965989258345,0.008668817267143197,0.0,0.0,0.0,1.0
1559194803673512000,0.993956145484179,0.10909839821165727,0.012195095812762983,0.001127634224987273,-0.10882708362457719,0.9938377132078293,-0.021053875548302996,-0.0005611339171722763,-0.01441689023337413,0.019599472275669584,0.9997039631623532,0.005514002695673698,0.0,0.0,0.0,1.0
1559194803756705000,0.9939721303587694,0.10896152297031245,0.012115716323707105,0.00120436693442569,-0.10869195797170933,0.9938527614120513,-0.02104155188936151,-0.0004677642768885978,-0.014333957664325022,0.019597835228069772,0.999705187798909,0.0062088496090268175,0.0,0.0,0.0,1.0
1559194803774416000,0.9939703210400912,0.10897872782165863,0.012109408483867217,0.0012254792477914994,-0.10870925708146716,0.9938508290001763,-0.02104345790165951,-0.0004418397984989262,-0.014328234931484666,0.01960016780632896,0.9997052241064418,0.006325854496303798,0.0,0.0,0.0,1.0
1559194803857550000,0.9939709192662435,0.10896999221937671,0.012138881691760237,0.0013668905689121161,-0.10869875693017457,0.9938502232863375,-0.021126142940228503,-0.0002536629778747546,-0.014366345911624452,0.019679290368432228,0.9997031227498174,0.007118138881786711,0.0,0.0,0.0,1.0
1559194803875220000,0.9939709192662435,0.10896999221937671,0.012138881691760237,0.0013668905689121161,-0.10869875693017457,0.9938502232863375,-0.021126142940228503,-0.0002536629778747546,-0.014366345911624452,0.019679290368432228,0.9997031227498174,0.007118138881786711,0.0,0.0,0.0,1.0
1559194803958438000,0.9939678741692369,0.10897613601865189,0.012331540776919461,0.0013473190370786232,-0.10870057145159011,0.993849238193231,-0.021163116708777078,-6.434608714254447e-05,-0.014561967091924446,0.019695012596488832,0.9996999827914551,0.007866348795002089,0.0,0.0,0.0,1.0
1559194803976088000,0.9939678741692369,0.10897613601865189,0.012331540776919461,0.0013473190370786232,-0.10870057145159011,0.993849238193231,-0.021163116708777078,-6.434608714254447e-05,-0.014561967091924446,0.019695012596488832,0.9996999827914551,0.007866348795002089,0.0,0.0,0.0,1.0
1559194804059286000,0.9939501950664278,0.1091189782115962,0.012492330505858318,0.001231490031323926,-0.10883745284205033,0.9938302258958611,-0.021351603092943264,0.00019614784893040352,-0.014745120761284385,0.019862796626893244,0.999693978537379,0.008359224238753247,0.0,0.0,0.0,1.0
1559194804076924000,0.9939465163412512,0.10915263871054266,0.012490961356721468,0.0012113715947132692,-0.10887042864327619,0.9938255820074412,-0.021399586785707053,0.00026436798559952663,-0.014749658305151337,0.019910148419722922,0.9996929696510751,0.008458333966207272,0.0,0.0,0.0,1.0
1559194804102429431,0.9939442534999852,0.10916774984944973,0.01253887264317506,0.0011876664523473779,-0.1088849033211582,0.9938244605906986,-0.0213780111411016,0.0003469435636268792,-0.014795227713549417,0.01988325738944818,0.9996928314799918,0.00860232223229366,0.0,0.0,0.0,1.0
1559194804160158000,0.9939461861506322,0.10913211286427829,0.012694919392745627,0.0011266614998999603,-0.1088453967654313,0.9938276768671622,-0.021429612590801127,0.000577143360491741,-0.014955221148005309,0.01991809816710381,0.9996897572376241,0.009025271260116558,0.0,0.0,0.0,1.0
1559194804177803000,0.9939461861506322,0.10913211286427829,0.012694919392745627,0.0011266614998999603,-0.1088453967654313,0.9938276768671622,-0.021429612590801127,0.000577143360491741,-0.014955221148005309,0.01991809816710381,0.9996897572376241,0.009025271260116558,0.0,0.0,0.0,1.0
1559194804261016000,0.9939373359006246,0.1091982821807586,0.012818247600151786,0.0010055159569545224,-0.10890525862036789,0.9938155967877011,-0.021684193006398483,0.0008451750207856815,-0.015106851015292057,0.020156754457980288,0.9996826938094518,0.009485880873202207,0.0,0.0,0.0,1.0
1559194804278661000,0.9939378112251626,0.10919216598813615,0.012833483695106148,0.0009884337066970268,-0.10889807612249686,0.9938152866764707,-0.021734419361522074,0.0008728927870254028,-0.015127340604088766,0.020205119524094567,0.9996814076050736,0.009528724235536927,0.0,0.0,0.0,1.0
1559194804361862000,0.9939892031496869,0.10874435313208518,0.012654235802215365,0.0018839278522018625,-0.10845788220631933,0.9938691560433506,-0.021470641653156444,-0.003093811173497013,-0.014911465695024587,0.019969134371885734,0.9996893926931824,0.009593966930566267,0.0,0.0,0.0,1.0
1559194804379508000,0.9939295264774252,0.10925640785417919,0.012928021471238017,0.0008036488008846109,-0.10895788576167026,0.9938051084469397,-0.021899441890417384,0.0011922113144509996,-0.01524058813518636,0.020357892021674883,0.9996765880552203,0.010009340098205286,0.0,0.0,0.0,1.0
1559194804462735000,0.9939706666592807,0.10889454678073435,0.012817624675560873,0.0008180503024843883,-0.10860141586880384,0.9938486187618167,-0.02169459509925355,0.00288991556709862,-0.015101201680538271,0.020171778965867342,0.999682476109867,0.012837374564383124,0.0,0.0,0.0,1.0
1559194804480378000,0.9939380050059288,0.10916778361287612,0.013024485628362191,0.0007124436519874389,-0.10886562109108239,0.9938127901804338,-0.022009421124471254,0.001497591511634803,-0.015346620125748476,0.020458081406468844,0.9996729205874682,0.010439186308028937,0.0,0.0,0.0,1.0
1559194804563574000,0.9939376982320766,0.10915966769339207,0.013115600717703287,0.0006252454484208934,-0.1088554318234912,0.9938136044769622,-0.022023045180658445,0.0016786435211004205,-0.015438490717658529,0.020461830455174683,0.9996714292700282,0.010698029750194193,0.0,0.0,0.0,1.0
1559194804581255000,0.9939339642415155,0.10919274094352462,0.013123263785607898,0.000604241271469716,-0.10888811974635894,0.9938097016521753,-0.022037565203951375,0.001702289912175055,-0.01544836901581881,0.020474917026843946,0.9996710087161136,0.010730580366236732,0.0,0.0,0.0,1.0
1559194804664425000,0.9939265795741566,0.10923683410605041,0.01331422136303107,0.0004174711764213136,-0.10892712330322384,0.9938037586959828,-0.02211268890527175,0.0018954450386881386,-0.01564724336427445,0.02052810941670679,0.999666824746562,0.010912672888630867,0.0,0.0,0.0,1.0
1559194804682071000,0.9939265795741566,0.10923683410605041,0.01331422136303107,0.0004174711764213136,-0.10892712330322384,0.9938037586959828,-0.02211268890527175,0.0018954450386881386,-0.01564724336427445,0.02052810941670679,0.999666824746562,0.010912672888630867,0.0,0.0,0.0,1.0
1559194804765289000,0.9938709279743565,0.10968701470000121,0.013759990319467324,-0.0021892502257109463,-0.10936525717892254,0.9937516843203825,-0.022289693416208806,0.0013561805104930075,-0.01611890348560501,0.020648213399763308,0.9996568572434325,0.009842499685672476,0.0,0.0,0.0,1.0
1559194804782949000,0.9939283989221168,0.10920754826582021,0.01341824198184255,0.00032062620422455243,-0.10889720750543323,0.9938091540796207,-0.022017344641634698,0.0021332836681865128,-0.015739631940847047,0.020422455026721693,0.9996675383931642,0.011008763746032475,0.0,0.0,0.0,1.0
1559194804866166000,0.9939340944530285,0.10914421417531803,0.01351134323042009,0.0002949853786945926,-0.10883403012930479,0.9938189361750356,-0.021887804497843628,0.002366018579353217,-0.01581675597749195,0.020284541206902217,0.999669129071401,0.011018379898618187,0.0,0.0,0.0,1.0
1559194804883831000,0.9939332230472792,0.10914805849286517,0.013544351224178339,0.0002900916468844127,-0.10883698201923285,0.9938183039610714,-0.021901827706471422,0.00240458272280571,-0.01585116613347255,0.020294827892271255,0.9996683752590305,0.011006737878589001,0.0,0.0,0.0,1.0
1559194804967021000,0.9939314204032303,0.10914102618953617,0.01373200413312165,0.0002509853549246091,-0.10882557545224586,0.9938187726135557,-0.021937213322885105,0.0026077851413655396,-0.01604137346690162,0.02030969234580428,0.9996650392677106,0.010863170439858232,0.0,0.0,0.0,1.0
1559194804987330000,0.993926669931597,0.10917355855596292,0.013816979080531337,0.0002463117728920651,-0.1088566098378506,0.9938156904182371,-0.02192286416349097,0.0026458730362254566,-0.016124927698879896,0.020285649872474203,0.9996641831715073,0.010819699070870504,0.0,0.0,0.0,1.0
1559194805067850000,0.9938971105068152,0.10935286758872498,0.014508069352062563,1.1222041118822742e-06,-0.10901977056829251,0.993794999918818,-0.02204966579320652,0.009724535716517163,-0.01682924096441534,0.020333432727358214,0.9996516033909418,0.0120458984168391,0.0,0.0,0.0,1.0
1559194805088200000,0.9939159032552473,0.10920007694721356,0.01437081942780783,0.0003349315322574976,-0.1088718110810805,0.9938139015834825,-0.021928469425370134,0.0027683804906791423,-0.01667651067308641,0.020230477358097212,0.9996562518074079,0.010605478397628834,0.0,0.0,0.0,1.0
1559194805099066752,0.9939145843678218,0.10920944941260885,0.014390800531399545,0.000350174220504708,-0.10888056706310749,0.9938126632227736,-0.021941115151130546,0.002767578098546551,-0.016697936907171442,0.020240715823651587,0.9996556868872343,0.010590197921150955,0.0,0.0,0.0,1.0
1559194805168700000,0.9939035322414524,0.1092625990112024,0.014746289542801038,0.00048153078643496997,-0.10892403202320171,0.9938046693587291,-0.02208697373104615,0.002755971616408478,-0.017068211557497718,0.02034609589342747,0.999647294067325,0.010404886582350437,0.0,0.0,0.0,1.0
1559194805189035000,0.9939011557073658,0.10927177887853895,0.014838161081534367,0.0005231687802075065,-0.10893186527787581,0.9938044881942961,-0.02205647233702637,0.0027486653624167103,-0.017156381047430898,0.020305604782692926,0.9996466080589492,0.010339467707446917,0.0,0.0,0.0,1.0
1559194805269558000,0.9938868383628238,0.10936057429391347,0.015139924678005571,0.0007509100258022696,-0.10901531767739511,0.993796339506594,-0.022011271998530785,0.0027494614061886235,-0.0174531670721063,0.020226229836579283,0.9996430795967891,0.010017505088334131,0.0,0.0,0.0,1.0
1559194805289915000,0.9938814342095258,0.10940216009004196,0.01519414694038334,0.0008304478595273077,-0.10905578618391712,0.9937918783282724,-0.022012225434330547,0.0027602440030248814,-0.017508004838383988,0.02022053254483832,0.9996422359175211,0.00993226860768441,0.0,0.0,0.0,1.0
1559194805370427000,0.9938731355571827,0.10942218772969156,0.015587663397189628,0.0012699903045478352,-0.10906750078921973,0.993790146587159,-0.022032358427285088,0.002823426131760181,-0.017901695152402586,0.020197261663970505,0.9996357336209758,0.009575244408160495,0.0,0.0,0.0,1.0
1559194805390749000,0.9938718001518242,0.10941976316560241,0.015689496223743098,0.001342173547202052,-0.10906361785552711,0.9937913086343504,-0.021999139598822576,0.0028316743835313358,-0.017999225628757474,0.020153171254381017,0.9996348721233936,0.00952531962081019,0.0,0.0,0.0,1.0
1559194805471298000,0.9938626439337427,0.10942238411265656,0.016241516189441998,0.0018835488800147022,-0.10905764198969099,0.9937949568271753,-0.02186354290871592,0.0028699593527630133,-0.018533097870515446,0.019958097103057376,0.9996290305124912,0.009148676889038823,0.0,0.0,0.0,1.0
1559194805491608000,0.9938621801141118,0.10941622060398358,0.016311272407858728,0.0019808877952769213,-0.10905040744162013,0.9937961299604482,-0.021846297454090606,0.0028703385059985387,-0.018600418695277583,0.01993345791317556,0.9996282717490476,0.009078840932410698,0.0,0.0,0.0,1.0
1559194805572153000,0.9938559082251478,0.10941928794147701,0.01666892655051365,0.0027156042933151776,-0.10904711434323208,0.9937973765689319,-0.021805989501138393,0.0028350689969407553,-0.018951531320194524,0.019854313160869153,0.9996232518851945,0.008610265640309743,0.0,0.0,0.0,1.0
1559194805592456000,0.9938564847201896,0.10939862130862592,0.01676989670204542,0.00286400001827415,-0.10902512045037888,0.9938005677705688,-0.021770498608767577,0.0028296553490529557,-0.01904759539694702,0.01980841121003459,0.9996223366626654,0.008529143402690585,0.0,0.0,0.0,1.0
1559194805673002000,0.9938415983185555,0.1094810007903536,0.01711104665294081,0.0038838367426342908,-0.10910200198487927,0.9937935513004638,-0.02170554206886865,0.00286077959213456,-0.019381192288090838,0.019705021176202597,0.9996179677886632,0.008018375944656746,0.0,0.0,0.0,1.0
1559194805693315000,0.9938386398961603,0.1095020038566301,0.01714844018361573,0.004090242634759749,-0.10912238408554999,0.9937914450523527,-0.021699516866538347,0.0028709626125037403,-0.019418113730075966,0.019694539652859656,0.9996174578142493,0.007921247129904661,0.0,0.0,0.0,1.0
1559194805773885000,0.9938336344647074,0.10952905352423829,0.017265382728243718,0.01253793413017428,-0.10914424363188255,0.9937858106096021,-0.02184712139021576,-0.0005906773565798751,-0.019550986898172144,0.019827986914940605,0.9996122297402171,0.009511094660800927,0.0,0.0,0.0,1.0
1559194805794183000,0.9938343724472121,0.10948829958155908,0.01748005712791464,0.005756340444828935,-0.10910608585052502,0.9937975637778599,-0.021500331615363955,0.002942387301961067,-0.0197256729374252,0.019460587964691845,0.9996160179505097,0.00719275904492178,0.0,0.0,0.0,1.0
1559194805874721000,0.9938924176136056,0.10896290576067101,0.017462742578840746,0.0165136700716692,-0.10858843331087543,0.9938623033089828,-0.02112520325230653,-0.0010360068901404003,-0.019657425092654585,0.019099927475066267,0.9996243186363429,0.008246551034905493,0.0,0.0,0.0,1.0
1559194805895020000,0.9938296218144475,0.10946963262963409,0.017862875918667722,0.0078083293100342874,-0.10908487218933237,0.9938051337072396,-0.021256690160280766,0.002967522611977285,-0.0200791798535153,0.019176958806496898,0.9996144610735378,0.006440150987456812,0.0,0.0,0.0,1.0
1559194805975608000,0.9938308984581624,0.1094016516109877,0.018205051349154375,0.009773125744232537,-0.10901275376594761,0.9938155742350568,-0.021138210052077114,0.0029860638591534564,-0.020405018652335755,0.019023223507831317,0.9996108003524031,0.005788342617100343,0.0,0.0,0.0,1.0
1559194805995887000,0.993827794432773,0.10942052226962629,0.018261005425014076,0.010220447064279421,-0.10903086473659555,0.9938139045343085,-0.021123297305612288,0.0029979058180281994,-0.0204593633253921,0.01900190675993543,0.9996100949829411,0.00565191251431507,0.0,0.0,0.0,1.0
1559194806076467000,0.9937953066112769,0.10966470201958566,0.01856183418613253,0.0008036127264137845,-0.10926401650840413,0.9937828323162176,-0.02137888888616281,0.01115558583582946,-0.0207909416296896,0.01921809887869271,0.9995991203585762,0.0017984086333213568,0.0,0.0,0.0,1.0
1559194806096775000,0.9938101689430533,0.10954680838899865,0.01846198464863727,0.013253763384326763,-0.10915274227913296,0.9937999196901268,-0.021151796066665923,0.0031186173584813706,-0.020664630611934236,0.01900569377014822,0.9996058006264203,0.004788938117300331,0.0,0.0,0.0,1.0
1559194806099657080,0.9938228072768305,0.10938909492229805,0.018715064746833748,-6.634360808349168e-05,-0.10899523580162204,0.9938222821031365,-0.020911962314916408,0.004071167832904642,-0.02088698898708419,0.018742932198353657,0.999606140529189,-0.0020608585668261516,0.0,0.0,0.0,1.0
1559194806177319000,0.9938157553535191,0.10944457386221425,0.01876511825783111,-0.00022433669065414217,-0.1090462405839933,0.9938131221668889,-0.021080693143190225,0.00320094405684933,-0.020956188241422535,0.018904059379344786,0.9996016580185197,-0.0005921807469466924,0.0,0.0,0.0,1.0
1559194806197608000,0.9938202050810041,0.10940781971006355,0.018743771206398526,-0.00025567715709947427,-0.10901024653001849,0.993817431662258,-0.02106368143747422,0.003023974822558934,-0.020932418021149295,0.018890249085839778,0.9996024171465695,-0.00025796080707956795,0.0,0.0,0.0,1.0
1559194806278161000,0.9938182048063087,0.10944967544660954,0.01860495472171885,-0.00033398851698709253,-0.10905398218259635,0.9938118746188704,-0.02109945109819985,0.002350048593890014,-0.020799153003990156,0.018940074212081163,0.9996042561049632,0.001195319627745037,0.0,0.0,0.0,1.0
1559194806298503000,0.9938196624481114,0.10944374738843066,0.018561915017013368,-0.0003462595713419843,-0.10904924183776511,0.9938127750698321,-0.021081531315554014,0.0022011473325649566,-0.020754310061529155,0.018927077576250756,0.9996054343331143,0.0015375510211372127,0.0,0.0,0.0,1.0
1559194806378998000,0.9938199908237223,0.10944899242739019,0.01851334372180147,-0.0003955618054809164,-0.1090561128301042,0.9938127437777396,-0.021047435932908597,0.0016835021644620184,-0.02070241757670076,0.018898369283918838,0.9996070535689969,0.0029794827747312135,0.0,0.0,0.0,1.0
1559194806399328000,0.993817522935336,0.10946518000385559,0.018550080145287594,-0.0004177390216371342,-0.10907063648320117,0.9938101594330888,-0.02109415238228451,0.0015679664772402443,-0.02074433329424031,0.01894046922072151,0.9996053877715341,0.0033321340237798956,0.0,0.0,0.0,1.0
1559194806479886000,0.9938100746973506,0.10953596969628102,0.01853123775518999,-0.0005646144492874662,-0.10913679462984328,0.9937977644583338,-0.021334559183195163,0.0011411674756273277,-0.02075320428192766,0.019180059966361334,0.9996006351597191,0.004709780138106266,0.0,0.0,0.0,1.0
1559194806500204000,0.9938119204954131,0.1095188199072841,0.01853361182641695,-0.0006013307503745362,-0.10911943945380884,0.9937995047135261,-0.021342267087544654,0.0010269182383971156,-0.020756074159219824,0.019187822108445718,0.9996004266046672,0.005048502234824498,0.0,0.0,0.0,1.0
1559194806580703000,0.9938065782226368,0.10957364094972893,0.01849600741863935,-0.0007011282071774338,-0.10917222286805882,0.9937908414627338,-0.02147531557008751,0.0006230085274115368,-0.020734291293829428,0.019323059638883013,0.9995982735733066,0.006209763419548007,0.0,0.0,0.0,1.0
1559194806601045000,0.9938070230017438,0.10957257290912131,0.018478427922397126,-0.0007109911712980498,-0.10917138710717827,0.9937908210967847,-0.021480506066528775,0.0005647538440026994,-0.02071736637467626,0.01933016217869971,0.9995984871740462,0.006386313869824168,0.0,0.0,0.0,1.0
1559194806681576000,0.9938059208185656,0.10958554595304863,0.018460765534863824,-0.0007847394241162318,-0.10918189745625023,0.9937867314969046,-0.02161586381688791,0.00022594900281224623,-0.020714850079443414,0.01946639203523962,0.9995958956334884,0.007541771079721245,0.0,0.0,0.0,1.0
1559194806701882000,0.9938087041788015,0.1095593542591643,0.01846638548183457,-0.0008026074321563611,-0.10915590988903989,0.9937899146724014,-0.021600759980107943,0.00017827011309314304,-0.02071827296722779,0.019451308175476925,0.9995961183275571,0.007729347689197089,0.0,0.0,0.0,1.0
1559194806782455000,0.9938160929789112,0.10947858741811795,0.01854756676933997,-0.0009550940497490909,-0.10907560436416944,0.9938008580853576,-0.02150272079060022,-3.365151246391963e-05,-0.02078667526856661,0.019346662909680203,0.9995967290690462,0.008822956997670153,0.0,0.0,0.0,1.0
1559194806802775000,0.9938151607237433,0.10948207862342209,0.01857688821986183,-0.000986419738823381,-0.10907900281751469,0.9938009781165904,-0.021479921760718404,-6.180647299879074e-05,-0.0208133961662931,0.019320723454486866,0.999596674756983,0.009001629550004551,0.0,0.0,0.0,1.0
1559194806883310000,0.9938018890356337,0.10960550714752082,0.0185590450222475,-0.0011418359207846143,-0.10920142530392106,0.9937861300858047,-0.021544752508923022,-0.00025740536885704516,-0.02080514505585586,0.01938454157346385,0.9995956109783545,0.009949283590379183,0.0,0.0,0.0,1.0
1559194806903636000,0.9938023134625765,0.10960534563164356,0.018537258842624003,-0.0011616137330913475,-0.10920203025144834,0.9937864221280854,-0.02152820900174978,-0.00030442373130824097,-0.020781682929740503,0.019370477609733656,0.999596371667972,0.010112429470225852,0.0,0.0,0.0,1.0
1559194806984165000,0.9938073911667693,0.1095537297747251,0.018570125329271787,-0.001270992934236001,-0.10914947973587358,0.9937918844517613,-0.021542550248373156,-0.0006083302738692457,-0.020814906574051086,0.01938222614309477,0.9995954526577502,0.011211716704248791,0.0,0.0,0.0,1.0
1559194807004476000,0.9938073911667693,0.1095537297747251,0.018570125329271787,-0.001270992934236001,-0.10914947973587358,0.9937918844517613,-0.021542550248373156,-0.0006083302738692457,-0.020814906574051086,0.01938222614309477,0.9995954526577502,0.011211716704248791,0.0,0.0,0.0,1.0
1559194807084999000,0.9938125981377509,0.10949689645455424,0.018626579114600424,-0.0014449580322449108,-0.10909129794380956,0.9937980082580294,-0.021554755746867955,-0.000711169992744234,-0.02087123608286849,0.019389390119154692,0.9995941391660814,0.012004574309141942,0.0,0.0,0.0,1.0
1559194807098751534,0.9938138247154209,0.10948409098802475,0.01863640590419273,-0.00149034832845036,-0.10907765582789315,0.9937988342808588,-0.021585689266233728,-0.0007095672785073142,-0.02088412803043517,0.019419340939707985,0.9995932884898117,0.012147165491761702,0.0,0.0,0.0,1.0
1559194807105314000,0.9938138247154209,0.10948409098802475,0.01863640590419273,-0.00149034832845036,-0.10907765582789315,0.9937988342808588,-0.021585689266233728,-0.0007095672785073142,-0.02088412803043517,0.019419340939707985,0.9995932884898117,0.012147165491761702,0.0,0.0,0.0,1.0
1559194807185877000,0.9938085736838994,0.109519995817462,0.018705330483976986,-0.0016679131868629013,-0.10910721935962685,0.9937903805101475,-0.021824167546678395,-0.0006437897682873549,-0.020979360237671336,0.019648158225093325,0.999586822803491,0.01274518714077715,0.0,0.0,0.0,1.0
1559194807206187000,0.9938032840885064,0.10955585012075394,0.01877626797888323,-0.0016954854156196217,-0.10914135461434932,0.9937862938762696,-0.021839569973149214,-0.0006249132686780608,-0.02105225042224204,0.019654969040579093,0.999585156424491,0.012855700261612556,0.0,0.0,0.0,1.0
1559194807286738000,0.9938050469147868,0.10950407995234053,0.0189838141712014,-0.0018190594628608517,-0.10908222580838782,0.9937893850642452,-0.021993775171979917,-0.0005377513985832857,-0.021274321126258402,0.019786728062495363,0.9995778552234919,0.013426006158388043,0.0,0.0,0.0,1.0
1559194807307054000,0.9938050469147868,0.10950407995234053,0.0189838141712014,-0.0018190594628608517,-0.10908222580838782,0.9937893850642452,-0.021993775171979917,-0.0005377513985832857,-0.021274321126258402,0.019786728062495363,0.9995778552234919,0.013426006158388043,0.0,0.0,0.0,1.0
1559194807387598000,0.9938171432593496,0.10941138437704682,0.01888477515150574,-0.0019891447742682025,-0.10898827110464765,0.9937963171302524,-0.02214580818041621,-0.00048049411283746467,-0.021190623526567153,0.019950664827068126,0.9995763744944718,0.013848508263458072,0.0,0.0,0.0,1.0
1559194807407931000,0.9938171432593496,0.10941138437704682,0.01888477515150574,-0.0019891447742682025,-0.10898827110464765,0.9937963171302524,-0.02214580818041621,-0.00048049411283746467,-0.021190623526567153,0.019950664827068126,0.9995763744944718,0.013848508263458072,0.0,0.0,0.0,1.0
1559194807488456000,0.9938152189633082,0.10942134056655169,0.018928306462233986,-0.0020731268280853084,-0.10899246371624702,0.9937906991770302,-0.022376082818289515,-0.0003706577927352087,-0.02125919589194602,0.020174648890304462,0.9995704227978045,0.014060956419844926,0.0,0.0,0.0,1.0
1559194807508817000,0.9938132399618098,0.10943297090241608,0.01896494018124573,-0.0020776700654924793,-0.10900156749992396,0.9937878090176667,-0.022459940570342958,-0.000335474775324102,-0.021304984373775617,0.020253778100264148,0.9995678476789362,0.014105324699611356,0.0,0.0,0.0,1.0
1559194807589315000,0.9938048299026134,0.10949598329513552,0.019041788373702153,-0.002050446554844308,-0.10905727909255852,0.9937755978263775,-0.022728199263356216,-0.0001721046510785496,-0.021411911151628125,0.020510748573820122,0.9995603229689426,0.014229262349095514,0.0,0.0,0.0,1.0
1559194807609628000,0.99380877649543,0.10945793908142583,0.019054535751325322,-0.002046727878791411,-0.10901807466313462,0.9937789384645909,-0.02277017481119446,-0.0001400340786849941,-0.02142837271924481,0.020551910768490955,0.9995591247176773,0.014262564402709755,0.0,0.0,0.0,1.0
1559194807690177000,0.9938095851336118,0.10946589860619262,0.018966431896852712,-0.0020198597623251086,-0.10902195791188561,0.9937721599475473,-0.023045754625190717,-6.25049733608947e-05,-0.021371036231737646,0.020835334303154422,0.9995544845854349,0.01436401958550741,0.0,0.0,0.0,1.0
1559194807710486000,0.9938093449995816,0.10947680657268251,0.018915988320615692,-0.0020137570638837426,-0.10903324711347645,0.9937701926402336,-0.02307715848370191,-6.232368966114175e-05,-0.02132455897292601,0.020871824128182035,0.9995547159321343,0.014373052303017445,0.0,0.0,0.0,1.0
1559194807791011000,0.993818961787199,0.10937583856745162,0.018994660562402944,-0.0019522376173290823,-0.10892946797604479,0.993780300355438,-0.02313191803358196,-0.0001067437181750089,-0.02140659241145096,0.020919860494832864,0.9995519582483983,0.014381765024728098,0.0,0.0,0.0,1.0
1559194807811357000,0.993814639021705,0.10941264023361574,0.019008877485751408,-0.0019398079716264303,-0.10896558163338307,0.9937759185146436,-0.02315007126713214,-0.00011746288679188436,-0.021423475102268243,0.020935566328239036,0.9995512677081945,0.01437614220058535,0.0,0.0,0.0,1.0
1559194807891861000,0.9938187208758804,0.10938996571140312,0.018925787653046314,-0.0018220539584668121,-0.10894127764101968,0.9937748939270005,-0.023307900512919578,-0.00020926653148997462,-0.021357623055304097,0.021102028386766482,0.9995491765468028,0.014375281111253104,0.0,0.0,0.0,1.0
1559194807912185000,0.9938171623159902,0.10940825886989951,0.018901872321285554,-0.00179949591228129,-0.10895976445251504,0.9937725259477279,-0.023322444167036844,-0.0002273652475470721,-0.0213358294107713,0.021118701724518796,0.9995492898405889,0.014381531927282762,0.0,0.0,0.0,1.0
1559194807992710000,0.9938176660573538,0.10939447980362066,0.01895506319718575,-0.0016675916231537523,-0.10894329095672922,0.99377260615821,-0.023395867263999386,-0.00034201209719055475,-0.021396401282260613,0.021186199234701324,0.999546566686193,0.014433726193133932,0.0,0.0,0.0,1.0
1559194808013055000,0.9938183273833539,0.10938685274372503,0.018964403596619966,-0.001644568086504077,-0.1089362891134248,0.993774277632725,-0.02335744056504779,-0.00035799916785929787,-0.021401333396525682,0.021147140761246862,0.9995472882092556,0.014438059353660597,0.0,0.0,0.0,1.0
1559194808093605000,0.9938253477719089,0.10932580883914515,0.01894849988024521,-0.0014857956381301748,-0.10887754757391906,0.9937828680768627,-0.02326565604518218,-0.0005265854050000636,-0.021374231222057064,0.02105893251307894,0.9995497304291957,0.01442484857961988,0.0,0.0,0.0,1.0
1559194808098439068,0.9938253477719089,0.10932580883914515,0.01894849988024521,-0.0014857956381301748,-0.10887754757391906,0.9937828680768627,-0.02326565604518218,-0.0005265854050000636,-0.021374231222057064,0.02105893251307894,0.9995497304291957,0.01442484857961988,0.0,0.0,0.0,1.0
1559194808113911000,0.9938227941107755,0.10934907978509432,0.01894815706087525,-0.0014530158406106375,-0.10890077859077002,0.9937802721077816,-0.023267814502081405,-0.0005732207723864932,-0.021374618784310507,0.02106061536452024,0.9995496866851058,0.014414495152813366,0.0,0.0,0.0,1.0
1559194808194436000,0.9937839680449883,0.1096843063812759,0.019046726501294093,-0.005184054262045151,-0.10922377441698872,0.9937336765303184,-0.023739149766585293,0.006576186521349099,-0.021531185728227514,0.02151123109429197,0.9995367301795093,0.013697337375905262,0.0,0.0,0.0,1.0
1559194808214751000,0.993824021230003,0.10933503675446232,0.018964824389499497,-0.0012057546232429948,-0.10888828041391634,0.9937837118147681,-0.023179226047490144,-0.0010896308331736907,-0.021381235107554408,0.020971024523391356,0.9995514288498188,0.014431271823561305,0.0,0.0,0.0,1.0
1559194808295305000,0.9938330091369233,0.1092277785117871,0.019111314743495474,-0.000991917454839487,-0.10878201319357964,0.9937997304053987,-0.022990638349272095,-0.0015632432675730765,-0.02150403579323741,0.020769888000062277,0.9995529941914362,0.014551002779626548,0.0,0.0,0.0,1.0
1559194808315633000,0.9938289220051101,0.10925797624364028,0.01915119874337582,-0.0009429582830204532,-0.10881174081875235,0.9937968617040389,-0.02297395758667887,-0.0016417157130708972,-0.02154248932126502,0.0207483082285275,0.9995526143527903,0.014573460449301509,0.0,0.0,0.0,1.0
1559194808396168000,0.9938239825847175,0.10930005853038587,0.019167390138087353,-0.0006752449154862988,-0.10885400406962015,0.9937927886828909,-0.02294992287335169,-0.002013475913225127,-0.021556842010427943,0.02072173658591108,0.9995528561288802,0.014656139363287685,0.0,0.0,0.0,1.0
1559194808416468000,0.9938238553290449,0.1093053961222004,0.01914353565786473,-0.0006156767044529841,-0.1088597797027647,0.9937920956501495,-0.022952537688569963,-0.002093600926902208,-0.02153353064364166,0.020726818420792593,0.9995532532367501,0.014664710545514291,0.0,0.0,0.0,1.0
1559194808497031000,0.9938221388931225,0.10931525099184333,0.019176343407683913,-0.000310099700830863,-0.10887185974178334,0.9937938746558588,-0.02281781875763962,-0.0025258019616217933,-0.021551668201431323,0.02058908927275133,0.9995557088029925,0.014775703043749085,0.0,0.0,0.0,1.0
1559194808517344000,0.9938191254385437,0.10934181554413902,0.019181065822309114,-0.00023541314993952699,-0.1088985118276766,0.9937911520270447,-0.022809214683447054,-0.0026250360952345055,-0.0215559744452833,0.02057944426532516,0.999555814569373,0.014809417943171697,0.0,0.0,0.0,1.0
1559194808597917000,0.993821698231562,0.10934144699637421,0.0190494118774113,9.931726497104772e-05,-0.108905155635995,0.9937950113921213,-0.022608458771712327,-0.0031125240668726625,-0.021403252090182023,0.02039419772561767,0.9995628932183763,0.01496878383522466,0.0,0.0,0.0,1.0
1559194808618183000,0.9938235730054513,0.10933799085577492,0.018971280776484127,0.00017427829877290183,-0.10890408242940787,0.9937959691050336,-0.022571500189320096,-0.0032328329681455496,-0.02132150484573076,0.020366039040769637,0.9995652144232026,0.014997172674691838,0.0,0.0,0.0,1.0
1559194808698742000,0.9938298170613521,0.10931447351843436,0.01877872730476056,0.0005243617584892386,-0.10888936252161477,0.9938027925906343,-0.022340907964795997,-0.0037948974849573245,-0.021104536228864493,0.02015825683045504,0.9995740308912199,0.01514012660467116,0.0,0.0,0.0,1.0
1559194808719090000,0.9938333012092683,0.10929617042592159,0.018700709551053022,0.0006168910916108562,-0.108874587654387,0.9938064957303484,-0.022247993330887395,-0.003922224495819176,-0.02101650709733049,0.02007476461610226,0.9995775659022339,0.015171335881080982,0.0,0.0,0.0,1.0
1559194808799631000,0.9938460943968559,0.10923252327852677,0.01839011991047384,0.0010355630266320605,-0.10882362168634369,0.9938189905768531,-0.021937031063313156,-0.004406112140725605,-0.020672687662299457,0.01980075319303234,0.9995902011113381,0.015328127279660759,0.0,0.0,0.0,1.0
1559194808819921000,0.9938481524324897,0.10922411785480078,0.01832872023263747,0.0011389958849589946,-0.10881761748822512,0.9938209146102558,-0.021879575119732698,-0.0045017872294879,-0.02060524279672591,0.019750487641430347,0.9995925881113827,0.015360512849033682,0.0,0.0,0.0,1.0
1559194808900440000,0.9938092997117091,0.1095042298006722,0.018758983508740563,-0.007216770469319787,-0.10909020028887285,0.993792041257491,-0.021833619356478706,0.006730208305328615,-0.021033402184459083,0.019652032694649955,0.9995856109426121,0.014707215214314766,0.0,0.0,0.0,1.0
1559194808920800000,0.9938487655096291,0.10923582470829697,0.018225418933026868,0.00161836816231758,-0.10883749742900761,0.993825279479698,-0.021580385086735054,-0.0049444416107486,-0.020470233227222134,0.01946403009140817,0.9996009809340035,0.015518214085102709,0.0,0.0,0.0,1.0
1559194809001323000,0.993879623433471,0.10895354447578966,0.018232368740898657,0.003572421680164078,-0.10855862829091495,0.9938595196169032,-0.021407463428669404,-0.01142085323123757,-0.020452832257097153,0.019297160750145616,0.9996045724383453,0.013849830741405163,0.0,0.0,0.0,1.0
1559194809021613000,0.9938500172651316,0.10921622231253293,0.0182745715647447,0.0020026823591447244,-0.10881796524199988,0.993828503311323,-0.02153036104124538,-0.005251208783836658,-0.020513254804795624,0.019409347999221463,0.9996011622580067,0.015599198942543826,0.0,0.0,0.0,1.0
1559194809098397900,0.9938449242136224,0.10926336826307567,0.018269728258102573,0.0022534378397201463,-0.10886168534094091,0.9938199866470838,-0.021701788071999132,-0.005408727324484656,-0.02052803155559138,0.019579338512818057,0.9995975437264,0.015596741410512479,0.0,0.0,0.0,1.0
1559194809102169000,0.9938405639482428,0.10930358369406683,0.018266363695923292,0.0023310791292247687,-0.10890046721907991,0.9938141418623604,-0.02177474853689654,-0.005438243375361757,-0.02053342861052969,0.019651412824860742,0.9995960185412314,0.015576920875698048,0.0,0.0,0.0,1.0
1559194809122482000,0.9938405639482428,0.10930358369406683,0.018266363695923292,0.0023310791292247687,-0.10890046721907991,0.9938141418623604,-0.02177474853689654,-0.005438243375361757,-0.02053342861052969,0.019651412824860742,0.9995960185412314,0.015576920875698048,0.0,0.0,0.0,1.0
1559194809203049000,0.9938438970014046,0.10927949034973865,0.018229135524227325,0.002672119887005389,-0.10887413199568251,0.9938138394844196,-0.021919758927065054,-0.005444569410266029,-0.020511747249952948,0.01980013732617376,0.9995935287838856,0.01548730765070021,0.0,0.0,0.0,1.0
1559194809223341000,0.9938438970014046,0.10927949034973865,0.018229135524227325,0.002672119887005389,-0.10887413199568251,0.9938138394844196,-0.021919758927065054,-0.005444569410266029,-0.020511747249952948,0.01980013732617376,0.9995935287838856,0.01548730765070021,0.0,0.0,0.0,1.0
1559194809303886000,0.9939165844080996,0.1086283061134474,0.018158038150062956,0.008428735010534361,-0.10824183152897056,0.9939014164456578,-0.021063719865324338,-0.017581204848100537,-0.020335416046640208,0.018970121197136463,0.9996132278816516,0.013937064215816154,0.0,0.0,0.0,1.0
1559194809324219000,0.9938481767994591,0.10924428935783673,0.018206776625534337,0.0030097024153964967,-0.10883666741434549,0.9938150218277225,-0.022051807538152425,-0.005387025593629544,-0.020503202153079093,0.019934583824644775,0.9995910319071536,0.015382019423336885,0.0,0.0,0.0,1.0
1559194809404728000,0.9938752237430493,0.10902745194080321,0.018029263795239347,0.011261736236690075,-0.10862842217638109,0.9938432814429926,-0.021803619564037813,-0.019320877535300183,-0.020295455776415696,0.019711586793537787,0.9995996937879222,0.012560351251976446,0.0,0.0,0.0,1.0
1559194809425044000,0.9938498433764714,0.10924170787664997,0.018131135671880533,0.0033018429120485935,-0.10883546361460097,0.9938150112373397,-0.02205822520330323,-0.005310081366812151,-0.020428672995432256,0.019949253106757502,0.9995922651862248,0.015235611015776095,0.0,0.0,0.0,1.0
1559194809505586000,0.9938621509136825,0.10916746240990217,0.017902238189960947,0.010236674397432729,-0.10876610425948571,0.9938229474253872,-0.022042770581964764,-0.012470138662640632,-0.02019800845237503,0.019960318677240893,0.9995967317537905,0.015551361480667348,0.0,0.0,0.0,1.0
1559194809525916000,0.9938564879244837,0.10919137925534447,0.018069978049989176,0.0035467128380395887,-0.1087870412170617,0.9938210571838197,-0.02202466710918093,-0.005239878013050297,-0.020363228468219904,0.019923578853920834,0.9995941125937082,0.015081106723916335,0.0,0.0,0.0,1.0
1559194809606469000,0.9938575731978867,0.10919704503930669,0.01797580462424622,0.00373065261228354,-0.10879422866256691,0.9938198816572256,-0.02204220117263163,-0.00510024488507336,-0.020271655258575057,0.019951144766687426,0.9995954240669456,0.014980877663103596,0.0,0.0,0.0,1.0
1559194809626772000,0.9938599008962857,0.10918049738357596,0.01794760099566482,0.0037671750058745836,-0.10877828217880682,0.9938216683691715,-0.02204034496420559,-0.005048554761375524,-0.02024309059043337,0.019952705856306197,0.9995959717867803,0.014961466762179038,0.0,0.0,0.0,1.0
1559194809707312000,0.9938667165189973,0.10915790531812039,0.017705973633360364,0.0038934013427614433,-0.10876127133168398,0.9938243653756257,-0.022002650841360646,-0.004727378558797458,-0.019998391286820807,0.01994197814388751,0.9996011113707551,0.014854894207885534,0.0,0.0,0.0,1.0
1559194809727661000,0.9938651964416595,0.10917920061899902,0.01765993924607817,0.003917819760565319,-0.10878279263107707,0.9938212423773175,-0.02203729173442157,-0.004632963984968561,-0.019956836657217102,0.01998099976978955,0.9996011626237908,0.014816758435537505,0.0,0.0,0.0,1.0
1559194809808197000,0.9938604795207066,0.10925609799883643,0.017448561457513532,0.004017394626582923,-0.108861623815654,0.9938100342496285,-0.02215316422026783,-0.00426075005799541,-0.019760923740732128,0.020117675681344215,0.9996023134317431,0.014683033162179842,0.0,0.0,0.0,1.0
1559194809828486000,0.9938629799386997,0.10924254832103468,0.017390881049877738,0.004034259960088715,-0.1088490207778928,0.9938111714605304,-0.022164073541169508,-0.0041870286699689984,-0.019704511743721894,0.020135071804463202,0.9996030767761611,0.014652874405680106,0.0,0.0,0.0,1.0
