1544681686136785765,0.6770876615573689,-0.6784121163580814,0.28514785453396363,2.684976526670773e-05,0.6803018309829486,0.7247833632773675,0.10898850892453882,1.684826497621958e-05,-0.28060954603866,0.12019183289597458,0.9522668774965789,6.2314583239729e-05,0.0,0.0,0.0,1.0
1544681686146211000,0.6772077571092645,-0.6780896769217903,0.2856292067753936,3.645334078242108e-05,0.6799852736306611,0.725061774790946,0.10911210007346243,2.181579788171684e-05,-0.28108660828376825,0.12033209376184396,0.9521084527796284,6.636221392187132e-05,0.0,0.0,0.0,1.0
1544681686153595000,0.6772737949665352,-0.6779219540029925,0.28587065419940133,4.623999473141711e-05,0.6798240732808621,0.725205632873351,0.10916052141950609,2.662935090740406e-05,-0.2813173226792935,0.12041019196698735,0.9520304352440784,7.047946570479188e-05,0.0,0.0,0.0,1.0
1544681686247049000,0.6783314945957657,-0.6751898504412389,0.28980174136917997,0.0012261947281882461,0.677112590954804,0.7275764219657991,0.11023197979676325,0.0006151099076170751,-0.2852804280176645,0.1214545843539115,0.950717550763359,0.0005631519611632837,0.0,0.0,0.0,1.0
1544681686254468000,0.6783893243331746,-0.6750486636313789,0.2899952178231027,0.001344441435878204,0.6769731524845406,0.727698838295264,0.11028033169548848,0.0006742391476122182,-0.28547377365691834,0.12150597710900568,0.9506529451281728,0.000610130719517204,0.0,0.0,0.0,1.0
1544681686347908000,0.6794517341496774,-0.6722899544452128,0.29389038451954863,0.0047518091202757564,0.674353606666707,0.730029015239333,0.11092722877765004,0.002313361490175861,-0.2891237695807753,0.12281634280803118,0.9493806358898759,0.0018145521118208886,0.0,0.0,0.0,1.0
1544681686355309000,0.6795092247551106,-0.6721159995014614,0.2941552254964382,0.005043178007170683,0.6741848291088842,0.730175563395287,0.11098857067193274,0.0024496101871926018,-0.2893821516129338,0.12289723281883873,0.9492914412830991,0.0019062242007383168,0.0,0.0,0.0,1.0
1544681686448764000,0.6805115225193302,-0.6692925537480185,0.29824745634435806,0.011446285043399852,0.6714273170787305,0.7325665118191861,0.11194491342409664,0.005597743603153199,-0.2934099957378463,0.12407168596632157,0.9479012560085535,0.003376103342921256,0.0,0.0,0.0,1.0
1544681686456163000,0.6805809650681776,-0.6690944431049761,0.29853337534169727,0.012045230324838133,0.6712373081087982,0.7327322109546714,0.11199992514429916,0.0059056762509400685,-0.2936835477001063,0.12416172210272358,0.9478047481284102,0.003479842905816673,0.0,0.0,0.0,1.0
1544681686549623000,0.681647405216,-0.6662451893347602,0.30244695840856095,0.022915228807949696,0.6684970429217194,0.73512263654645,0.11272272549007317,0.01185160647440261,-0.29743657906721926,0.12534774399760787,0.946477376648539,0.004641108914577561,0.0,0.0,0.0,1.0
1544681686557103000,0.6817311304923771,-0.6660189762212988,0.30275631955538446,0.02401094306058471,0.6682842030071955,0.7353097552171092,0.11276430239037809,0.012476821727503605,-0.2977228404550518,0.12545233037168557,0.9463735113979518,0.004706423945770243,0.0,0.0,0.0,1.0
1544681686650506000,0.6827125876640378,-0.6633439815375466,0.30639563443852885,0.0407932383760605,0.6657072186775392,0.7375405713396725,0.1134363461530917,0.022432161664617575,-0.30122652878803746,0.12652536419968244,0.9451211089423638,0.005248518654882726,0.0,0.0,0.0,1.0
1544681686657907000,0.6830271202402058,-0.6627043136893742,0.30707807742310295,0.02545594153689346,0.665121753966443,0.7380718891389866,0.11341489700832973,0.01937202249460665,-0.3018062382008939,0.12677885896435845,0.9449021724510535,0.007970115834654866,0.0,0.0,0.0,1.0
1544681686751340000,0.6835844641187608,-0.6603930374363336,0.310794653301957,0.03579926168990447,0.6627265704560378,0.7400140884868096,0.11477212925015125,0.02003966504986238,-0.3057871371183636,0.12751543022964523,0.9435221469718112,0.005870372596793556,0.0,0.0,0.0,1.0
1544681686758767000,0.6841590294058488,-0.6596319621936151,0.3111464236256735,0.02952385792430444,0.662104807751362,0.7406423082792314,0.11430745705921376,0.021385487974328425,-0.30584905760027925,0.12780706412171744,0.9434626162840802,0.0040071374413354665,0.0,0.0,0.0,1.0
1544681686852247000,0.6846949154559283,-0.6569608065173377,0.315587343613282,0.04904154678994392,0.6593347775084926,0.7428581693658691,0.11592838899171697,0.03008601312272649,-0.3105970442818549,0.12870213248613407,0.9417883186666149,0.0131310272167467,0.0,0.0,0.0,1.0
1544681686859640000,0.6852551421283508,-0.6564844855909726,0.3153625062765167,0.030022055638497653,0.6590367190244832,0.7432415359972128,0.11516345837956588,0.025983424550663752,-0.309993537294077,0.1289191193999325,0.94195746585982,0.007370186026876898,0.0,0.0,0.0,1.0
1544681686953080000,0.6856866021901714,-0.6537578977113131,0.32005389351949065,0.04338436692455435,0.656385206282562,0.7454006085921218,0.11634600845706468,0.03447753386832943,-0.31463048890769846,0.1303017417020136,0.9402282231241103,0.008745776471781975,0.0,0.0,0.0,1.0
1544681686960459000,0.6856903265450152,-0.6537365084295752,0.32008960250045226,0.04349973105147217,0.6563640211392417,0.7454177180756609,0.11635590802704636,0.034550871030512444,-0.31466656612438665,0.13031117805155204,0.940214841958107,0.008760995242093127,0.0,0.0,0.0,1.0
1544681687053938000,0.6860707619856434,-0.6511911175272368,0.3244334107364234,0.05963215615258503,0.6537766069380546,0.7474673400874112,0.11776554556919379,0.04484100786071648,-0.319191255784049,0.1313114768642877,0.9385490068583116,0.011197372594611756,0.0,0.0,0.0,1.0
1544681687061341000,0.6860789357568731,-0.651145297038598,0.32450808318936647,0.059965402030079926,0.6537320545088056,0.7475035199235492,0.11778322719979421,0.04505529231690969,-0.31926492888887,0.13133274476085458,0.9385209722404536,0.011250703389397564,0.0,0.0,0.0,1.0
1544681687136442433,0.6864632637585594,-0.6490774153828,0.327821134690741,0.07545219970651092,0.6516987656887424,0.7491450018370067,0.11861907528895055,0.05515962437632724,-0.3225785273537559,0.13221299127776343,0.9372634734308549,0.013713639709355798,0.0,0.0,0.0,1.0
1544681687154823000,0.686565639091751,-0.6486062693778936,0.32853847650195966,0.07927916578975541,0.6512500648647528,0.7495144218908398,0.11874967112079785,0.05768512316737338,-0.3232661074597755,0.1324312602874823,0.9369957230780046,0.014316572778989133,0.0,0.0,0.0,1.0
1544681687162209000,0.6865833773990033,-0.6485263958763015,0.32865906305938686,0.0799065829459616,0.6511699641977609,0.749578728656609,0.11878302602740728,0.05809950387665202,-0.3233897704103635,0.13245845913807947,0.9369492051315786,0.014414145096154445,0.0,0.0,0.0,1.0
1544681687255679000,0.6870961075476406,-0.6458637350291396,0.3328047096528015,0.1048236067037365,0.6484665272897714,0.7517192969320454,0.12003858381677082,0.07466346280048021,-0.32770429044738636,0.13333467063819773,0.9353244162472054,0.018095699135468973,0.0,0.0,0.0,1.0
1544681687263054000,0.6871221062045093,-0.6457616968257112,0.33294900822476664,0.10587672839518836,0.6483689300350672,0.7517996190027705,0.12006274789653659,0.07536927928925949,-0.3278428613379554,0.13337602400756032,0.9352699580814494,0.0182273966731986,0.0,0.0,0.0,1.0
1544681687356526000,0.6876191438553004,-0.6431950202117704,0.33686804386656016,0.13724936055936857,0.6459179461674645,0.753790890790316,0.12078617379628989,0.09657568972721767,-0.3316171283611725,0.13453422960837763,0.9337722534114898,0.02108492689404792,0.0,0.0,0.0,1.0
1544681687363912000,0.6876460134109389,-0.6430765334980456,0.3370393631375732,0.1389072894824396,0.6458070335991903,0.7538822704102371,0.12080893060910829,0.09770746284176367,-0.3317773886114864,0.13458861179624515,0.9337074863044124,0.02119640866554369,0.0,0.0,0.0,1.0
1544681687457340000,0.6879853664585797,-0.6407648653651389,0.3407293982802937,0.17864459730583476,0.6435414248600585,0.7556758110278239,0.12169019318139802,0.12511193601790718,-0.3354557646366202,0.13555241031069146,0.9322526342312056,0.023423069728328805,0.0,0.0,0.0,1.0
1544681687464775000,0.6880169529400546,-0.6405984500479605,0.3409784425198087,0.18118195239977036,0.6433814505901052,0.7558044289672725,0.12173731634149298,0.1268737743034778,-0.33569775320019163,0.1356218675199751,0.9321554202742885,0.023549308648993263,0.0,0.0,0.0,1.0
1544681687558217000,0.688057418533789,-0.6380853514116049,0.3455778828492119,0.23116359239745232,0.640858057669615,0.7577231143361142,0.12311227363958972,0.1615558314522341,-0.3404084880265854,0.13675805758604237,0.9302791489465668,0.026002768073946247,0.0,0.0,0.0,1.0
1544681687565658000,0.6880536009862425,-0.6379253604928808,0.3458807259878706,0.23484924663420406,0.6407092123568259,0.75783934891623,0.12317153256869338,0.16411033868239677,-0.3406962685016631,0.13686035099421198,0.9301587482547203,0.026173930876241962,0.0,0.0,0.0,1.0
1544681687659086000,0.6878518056188683,-0.6357539003663697,0.35025258268256576,0.2961016463667528,0.6385273369318173,0.7594575934567265,0.12452712046649343,0.2065817271960971,-0.3451705860840705,0.1379896442123941,0.928340521895128,0.02917625856420704,0.0,0.0,0.0,1.0
1544681687666466000,0.687843271610336,-0.6355701828706187,0.35060259033013635,0.30106624020083267,0.638341014949555,0.7595961650246389,0.12463713215985688,0.21003307282439856,-0.34553202794178484,0.13807320060631645,0.9281936268585166,0.029406798945859878,0.0,0.0,0.0,1.0
1544681687759921000,0.687477569560285,-0.6336214496469387,0.3548217156527994,0.3735056840131482,0.6363846153049931,0.7610167725429848,0.12596862034403658,0.2600902232353783,-0.34984169670666976,0.13920248006258273,0.9264089036650176,0.032476710610290956,0.0,0.0,0.0,1.0
1544681687767319000,0.6874741557598272,-0.6326112123205763,0.35662632994298615,0.362151058085066,0.6351159492873537,0.7618786534915024,0.12715599991664064,0.24642334408083044,-0.35214629931767877,0.139082606390116,0.9255533547433121,0.045279317808645844,0.0,0.0,0.0,1.0
1544681687860793000,0.6865583628510783,-0.6321255981976678,0.35924203888532646,0.4738722300502276,0.6347936206259471,0.7620500791323954,0.12773698018548052,0.34090004960192183,-0.35450623917195706,0.14034566255338027,0.9244611519099162,0.03610545590938044,0.0,0.0,0.0,1.0
1544681687868176000,0.6873415067952257,-0.629688733700919,0.36201346892982145,0.41651321181730616,0.6321735244346097,0.764059158390168,0.1287254344876276,0.29027322528989025,-0.35765666223404075,0.14037699644256837,0.9232421192890674,0.039100359423723405,0.0,0.0,0.0,1.0
1544681687961638000,0.6859119871175816,-0.6290726914681147,0.36577629061691763,0.524070178751822,0.6312935855058849,0.7644236689748157,0.1308620006350437,0.3455461586082434,-0.36192976504777113,0.14115241110283117,0.9214569127269738,0.011479267368411275,0.0,0.0,0.0,1.0
1544681687969041000,0.6866746565393405,-0.6274510573262655,0.3671281611736282,0.4623552878986584,0.6299239636410935,0.7656423151522312,0.13033666130073657,0.33394426263829535,-0.36286873122008195,0.14176394431759023,0.9209936308109026,0.03941953223223951,0.0,0.0,0.0,1.0
1544681688062508000,0.6847123184863115,-0.6275836373953223,0.3705506969184594,0.5071256179231939,0.6297069037088929,0.7654070229067201,0.13274526246322635,0.36725264634239047,-0.36693086042803724,0.14244601559442638,0.9192773663627392,0.03008494498197441,0.0,0.0,0.0,1.0
1544681688069892000,0.6847087256602128,-0.6275840437960403,0.37055664746079187,0.5072076822510316,0.6297062060101487,0.76540664850709,0.13275073082077202,0.36731492262076654,-0.36693876208036685,0.1424462368536226,0.9192741780824544,0.030071933352860084,0.0,0.0,0.0,1.0
1544681688137013340,0.6831618229609869,-0.6278158503328679,0.3730109672910991,0.5390556217434208,0.6295615433779653,0.7651638186415042,0.13482059835760943,0.39174897698764427,-0.37005700472788744,0.1427290745180168,0.9179794248996318,0.026057498113617843,0.0,0.0,0.0,1.0
1544681688163378000,0.6824991201519002,-0.6279370688854181,0.37401870075100696,0.5531009554597389,0.6294837610586775,0.7650574255222207,0.1357841309459046,0.40265682389425944,-0.3714096734810559,0.14276614855385347,0.9174272076147457,0.024908102224593706,0.0,0.0,0.0,1.0
1544681688170759000,0.6824713901170324,-0.627943788289227,0.3740580174527758,0.5537173831033317,0.629485744374789,0.7650503538097273,0.13581477741588194,0.4031374658852842,-0.3714572644337981,0.14277448961416678,0.9174066414708204,0.02486452714204266,0.0,0.0,0.0,1.0
1544681688264241000,0.6798055458043177,-0.6296195835634543,0.3760898827236311,0.608072194306158,0.6303548072962385,0.763730419476337,0.13917134505716056,0.4461317361331148,-0.37485628821217987,0.14246061336341526,0.9160719059265522,0.023117121342183803,0.0,0.0,0.0,1.0
1544681688271615000,0.6797642730286308,-0.6296456793990509,0.3761207937989684,0.6093622667103364,0.6303630589142161,0.7637118207458983,0.13923601836197774,0.4471651926722583,-0.3749172536309497,0.14244498329912933,0.9160493871308141,0.02311702990934094,0.0,0.0,0.0,1.0
1544681688365096000,0.678719738672146,-0.6307123668235279,0.37621991796378396,0.6712590704664623,0.6307614531313144,0.763016390328643,0.1412302281153861,0.4969229975409292,-0.3761376152161474,0.14144927863269796,0.9157033340519181,0.024651021979327,0.0,0.0,0.0,1.0
1544681688372473000,0.678727054680597,-0.6306883028048532,0.3762470597223867,0.6733269694151559,0.6307111274195206,0.7630453786441802,0.14129835058825743,0.49859089120381656,-0.37620879707125976,0.1414001938997907,0.9156816729471531,0.024743260492800352,0.0,0.0,0.0,1.0
1544681688465953000,0.6789337022418928,-0.6307786282760813,0.37572243753901496,0.7436220979352615,0.6299342009428457,0.7633299903392192,0.14321392506048083,0.5551717733601033,-0.3771364878165674,0.13944765311353152,0.9155994875481909,0.028642515141110613,0.0,0.0,0.0,1.0
1544681688473331000,0.6790187840210669,-0.6306840298419328,0.37572748827959557,0.746744625512469,0.629788726587446,0.7634318069742378,0.14331097642334595,0.5576944429426706,-0.377226259438442,0.13931809143965324,0.9155822292878408,0.028829215034403492,0.0,0.0,0.0,1.0
1544681688566811000,0.6799772391722073,-0.6290570859206867,0.37672023686114325,0.8268325387890112,0.6272894341641165,0.7651044283217148,0.14533815585924653,0.6229274836139725,-0.37965631825876933,0.13748598625124858,0.9148544603327469,0.03404581680816324,0.0,0.0,0.0,1.0
1544681688574190000,0.6800268378442346,-0.6290140857225088,0.37670250831956265,0.8311906952320105,0.6272931375417045,0.7651265980723646,0.14520540112300995,0.6265133831544862,-0.37956135130523305,0.1375593286000245,0.9148828404284644,0.03434496209679541,0.0,0.0,0.0,1.0
1544681688667694000,0.6805975670103335,-0.6277719306772007,0.377742445104379,0.9227133768466258,0.6266247577331787,0.7659254346126031,0.1438737002003269,0.7024883117639568,-0.3796424169866298,0.13878267783595236,0.9146644212809594,0.041079850484284315,0.0,0.0,0.0,1.0
1544681688675048000,0.6802551132460922,-0.6278842192561354,0.37817243171820825,0.9285877311207507,0.6266121939034449,0.7658395100466089,0.1443849136962746,0.7074034388942616,-0.38027639862875673,0.1387488812952608,0.9144061507805242,0.04153741508589308,0.0,0.0,0.0,1.0
1544681688768514000,0.6771986180991562,-0.6273367958159389,0.38451342793195703,1.0332932964229007,0.6246049986244759,0.7663487560734468,0.15026037321264019,0.7951818158514488,-0.3889352482585164,0.13841289202986976,0.9108080170826423,0.05023629834884728,0.0,0.0,0.0,1.0
1544681688775949000,0.6771966027357751,-0.6271086299784229,0.38488898068106664,1.041111207332676,0.6243443141006967,0.7665303723867123,0.1504173050510546,0.801752054103173,-0.389357083784612,0.13844115867499118,0.910623471524575,0.050915443009766734,0.0,0.0,0.0,1.0
1544681688869393000,0.6771303664506682,-0.6242724474615949,0.3895874461153691,1.1612141300003287,0.620894274384252,0.768849585665606,0.152841796177229,0.9028252906887922,-0.394949068700308,0.13839879321055082,0.908218589971942,0.061898052251788585,0.0,0.0,0.0,1.0
1544681688876774000,0.6772255541049799,-0.6240423023293596,0.3897906537754229,1.1712487970752128,0.6205710113591068,0.769066157881252,0.1530649034315341,0.9112749381263884,-0.3952937752203194,0.13823331619129614,0.9080938176019154,0.06283749271288608,0.0,0.0,0.0,1.0
1544681688970243000,0.6766360731390227,-0.6228997297863663,0.39263157178081537,1.3078749635200868,0.6178611877484671,0.7703730158968091,0.1573943107361583,1.0260416345404828,-0.4005136417165549,0.1360931409371057,0.9061277392226849,0.07559010668798831,0.0,0.0,0.0,1.0
1544681688977664000,0.682395836728356,-0.6188629943720959,0.389030225320107,1.2443226591484704,0.6152370307375049,0.7736445626665329,0.15151728173976614,0.8835347467019131,-0.39473955720842824,0.1359510384414711,0.9086792597619792,0.046772295719842594,0.0,0.0,0.0,1.0
1544681689071089000,0.6904964131793732,-0.6103226051410219,0.38822805287651724,1.5303197105467687,0.6095871564600513,0.7799179916667692,0.14188525276935027,0.992208725538241,-0.38938182040943614,0.1386875766907337,0.9105753972111741,0.20106427615765546,0.0,0.0,0.0,1.0
1544681689078503000,0.6864467929390524,-0.6139792683332049,0.3896411920225023,1.3381058304822244,0.6104721672331942,0.7777074145627944,0.14998303359933926,0.9466504129254439,-0.3951133172867022,0.13490973052776534,0.908672015147174,0.054745089765715925,0.0,0.0,0.0,1.0
1544681689136953485,0.6845476755009757,-0.6139585793669676,0.3930004361166886,1.4832791762566293,0.6099054209896881,0.7776585088923017,0.1525208870771308,1.0804766363705016,-0.3992616402981921,0.13528527772488277,0.906800990414819,0.0019714220999289293,0.0,0.0,0.0,1.0
1544681689171936000,0.6835705133244412,-0.6137544717538659,0.39501493859788955,1.5709121469039822,0.6094418899050776,0.7777661508343066,0.153819366288239,1.2199069913497214,-0.4016365722170817,0.13559226754694426,0.9057056921755489,0.09245473020071476,0.0,0.0,0.0,1.0
1544681689179360000,0.685563358894037,-0.6106243935621267,0.3964098017567369,1.5074947016672573,0.6058944824930775,0.7804343671939691,0.15431809546193248,1.05745160277981,-0.4036022262406094,0.13438767982756752,0.9050111571048116,0.11747267661184312,0.0,0.0,0.0,1.0
1544681689272791000,0.6891515902104547,-0.603473004543969,0.4011114788896932,1.62237706763304,0.6012309907562041,0.7851863374342472,0.14833647987231716,1.1725197018855316,-0.4044643142042551,0.1389343308663069,0.9039390854709255,0.10671748953525075,0.0,0.0,0.0,1.0
1544681689280208000,0.689157990565223,-0.6034363180119785,0.4011556732046186,1.6230092765369253,0.601222308523584,0.7852036973116705,0.14827976753979324,1.1731112093473648,-0.40446631475770295,0.13899555328221108,0.9039287783858281,0.10663280925827112,0.0,0.0,0.0,1.0
1544681689373661000,0.6999350530666172,-0.5891935063779752,0.40366066631597874,1.7398124981711003,0.587031064081596,0.7965221704910577,0.14473065231474336,1.2788544960739938,-0.40679903059356426,0.13565929366706808,0.9033886786704197,0.09220481240745808,0.0,0.0,0.0,1.0
1544681689381051000,0.7000330493653791,-0.5890060240192939,0.40376432911438614,1.74181357193955,0.5869416200229122,0.7966308908735178,0.14449483863081455,1.2806446606678081,-0.40675946759858683,0.13583492693357432,0.9033801016979873,0.09197753887249796,0.0,0.0,0.0,1.0
1544681689474536000,0.7057021339372023,-0.5779425255152911,0.409837693919785,1.8767411551785236,0.5818649277229634,0.8028004585917199,0.130171539020183,1.3952412964233865,-0.4042495566385116,0.14660784728634804,0.9028224825909192,0.0776906003845502,0.0,0.0,0.0,1.0
1544681689481931000,0.7059249855114589,-0.5775096737951325,0.41006400903235435,1.8805365257552784,0.5816242598496493,0.8030506883221126,0.12970278462596857,1.3982957090718053,-0.40420679754921984,0.14694273938654004,0.9027871820958612,0.07731595667420774,0.0,0.0,0.0,1.0
1544681689575421000,0.7097418172529378,-0.566827718727734,0.41829760951314743,2.037177238816954,0.5788047361769052,0.8076831436429347,0.11239669414292484,1.5165381167774856,-0.40156148996347457,0.16234000356346387,0.901329070329659,0.06347250092199723,0.0,0.0,0.0,1.0
1544681689582761000,0.7100354827678732,-0.5662941194978709,0.4185219031696233,2.0431156931996393,0.5785253942633602,0.8079710244491906,0.11176400065740527,1.520753055434436,-0.40144486720222977,0.1627691428762085,0.9013036251587635,0.0630080761848007,0.0,0.0,0.0,1.0
1544681689676276000,0.7134457242905218,-0.5580296251070133,0.4237902028061768,2.222351640061808,0.5773239715687106,0.810874671682882,0.09580865657817238,1.641170056375768,-0.3971048102752033,0.17630996661025397,0.9006789468674083,0.05025143771272996,0.0,0.0,0.0,1.0
1544681689683642000,0.7135547739367224,-0.5574856417150797,0.4243222170398808,2.230921529494428,0.5771928731319375,0.8110663019263484,0.0949728439356109,1.646637460742002,-0.39709944824667487,0.17714743340235958,0.9005169709900784,0.049688490166673406,0.0,0.0,0.0,1.0
1544681689777106000,0.7117608785628502,-0.5529901620667355,0.4331262314901363,2.4322026656742053,0.5804020277062198,0.8103135600581183,0.080780075640303,1.7682490526906052,-0.39563864571342194,0.19389124540151131,0.8977061027834777,0.03706430127312086,0.0,0.0,0.0,1.0
1544681689784515000,0.7119160311562326,-0.5524028659704554,0.4336203849571503,2.443810918732005,0.5801821822994724,0.8105445917644055,0.08003811656764431,1.7748637156070735,-0.395681942884661,0.1945984029459193,0.8975339891312869,0.03637876547812662,0.0,0.0,0.0,1.0
1544681689877967000,0.7065769165208263,-0.5512861570143074,0.44365824023038297,2.668725951368061,0.5846062349311686,0.8080268046181941,0.07299474705841447,1.8951444103988604,-0.3987287437839504,0.20778897011851863,0.893218412695102,0.0239910659772315,0.0,0.0,0.0,1.0
1544681689885382000,0.7062874886384892,-0.5509895531352912,0.44448677790065516,2.6838504853061185,0.5846318513452826,0.8080373185772286,0.0726724857088881,1.9027608043014288,-0.39920368458384814,0.2085334604381122,0.8928326909854883,0.023208025706546842,0.0,0.0,0.0,1.0
1544681689978823000,0.7034704369157041,-0.5509820968930096,0.4489410577002429,2.9340242786806736,0.5886013458607856,0.8056838449657745,0.0664981023191218,2.0211325430971816,-0.39834382138612756,0.21746786168202875,0.8910835702104164,0.010580132005226938,0.0,0.0,0.0,1.0
1544681689986220000,0.7034494183821116,-0.5503055040688145,0.44980303241467345,2.9533657821519954,0.5882457118873072,0.8059762684510401,0.06610020529417462,2.029698497839507,-0.3989058763970022,0.2180965540427139,0.8906783902681348,0.009639524086318933,0.0,0.0,0.0,1.0
1544681690079691000,0.7044959121607761,-0.5474399859970432,0.45165802492628726,3.23198235180993,0.5888756361483781,0.8061021203917694,0.058522274825428496,2.1443356169859444,-0.39611992489598474,0.22474170336512228,0.8902697186071983,-0.003637535002959606,0.0,0.0,0.0,1.0
1544681690087109000,0.7048925893745662,-0.5466913164470526,0.4519458396381232,3.2559555454898033,0.5884552321049352,0.8064662468739746,0.05772895687031206,2.15343643646525,-0.39603898451180924,0.22525718007290504,0.8901754465117871,-0.00478670287235369,0.0,0.0,0.0,1.0
1544681690136358435,0.706425318951221,-0.5428866169681159,0.45413366959693774,3.411228103202017,0.5865758600963635,0.8081182448962502,0.05360655387186341,2.209756389036833,-0.3960959847017852,0.22851482092573439,0.8893193731840116,-0.012374615701597317,0.0,0.0,0.0,1.0
1544681690180528000,0.7074874904626232,-0.5394622062814771,0.4565544642568126,3.552535832078872,0.5849611831774586,0.8095155704307139,0.05004952952697625,2.2574719319225753,-0.39658777718751426,0.23165722355273838,0.8882865898803735,-0.019341905118105667,0.0,0.0,0.0,1.0
1544681690187941000,0.713462458565353,-0.5369073815465929,0.4502241484623685,3.9483571337079155,0.5814119488622429,0.8122353282119446,0.047264334594352024,2.4097528950992575,-0.391064529122869,0.22804437122020743,0.8916637812632578,0.1210378921336117,0.0,0.0,0.0,1.0
