1544681686136785765,0.658072585241758,-0.6902651406992366,0.30078980715558074,5.419263958520178e-05,0.7316947964724663,0.6805067267270487,-0.03915762626046311,1.5870453889766872e-05,-0.1776603427001773,0.2458548970728481,0.9528862325676415,-1.6660190039681298e-05,0.0,0.0,0.0,1.0
1544681686146211000,0.659632313481701,-0.6853523429386549,0.30850830951414554,-0.007762993547260001,0.7294601972525586,0.6826608620781635,-0.04315052735433755,0.00371583975701972,-0.1810332335098698,0.2535080144989391,0.950242419043564,0.0020394787935064736,0.0,0.0,0.0,1.0
1544681686153595000,0.6595506071347962,-0.6853541201807181,0.308679002491968,-0.005166479477986252,0.7292384520580738,0.6829857298889912,-0.04173455172812015,-0.00328228667608546,-0.18222040683762006,0.25262664689085296,0.950250230524894,-0.001748221897615564,0.0,0.0,0.0,1.0
1544681686247049000,0.6596001630901852,-0.6852483762917848,0.3088078490596881,0.0023362982419280957,0.7291958829589819,0.6830211395225461,-0.041898535069768525,0.001037618788399144,-0.1822113858326916,0.2528176927250028,0.9502011498194145,0.00022088341597886746,0.0,0.0,0.0,1.0
1544681686254468000,0.6596001630901852,-0.6852483762917848,0.3088078490596881,0.0023362982419280957,0.7291958829589819,0.6830211395225461,-0.041898535069768525,0.001037618788399144,-0.1822113858326916,0.2528176927250028,0.9502011498194145,0.00022088341597886746,0.0,0.0,0.0,1.0
1544681686347908000,0.6601475967084566,-0.6831201804413529,0.31233310684880033,0.018760150862406583,0.7284013491642894,0.6837278544134742,-0.04413270482070469,0.01386565742779693,-0.1834029037275392,0.25663795544097184,0.948946960968517,0.0016341444934394997,0.0,0.0,0.0,1.0
1544681686355309000,0.6604610888282916,-0.6825554869137346,0.312904390233982,0.008176452135908997,0.7278214090050854,0.6843962162019247,-0.04333377253760956,0.00343902062663578,-0.18457287649489093,0.25635878477720164,0.9487955663523953,0.0006654691497210057,0.0,0.0,0.0,1.0
1544681686448764000,0.6606254280097333,-0.6809152321738196,0.31611467928685477,0.02243293508689594,0.7273554874506738,0.6847827947397115,-0.045016873546038096,0.01166843482255607,-0.18581721863796025,0.2596670379970152,0.9476523574790009,0.005174459170640428,0.0,0.0,0.0,1.0
1544681686456163000,0.6613327044002401,-0.6797915758482865,0.31705278345468885,0.018640344660862725,0.7264115870936225,0.6857991694041504,-0.044785102218261263,0.007719414035118624,-0.18699000033902144,0.25992866838861556,0.9473498968823165,0.000927385803351729,0.0,0.0,0.0,1.0
1544681686549623000,0.6610296911904042,-0.6789068636154699,0.31957036455297777,0.029041762421327062,0.7265460722341688,0.6855452579896127,-0.046459704788765245,0.012935016796939192,-0.18753813555066454,0.2628938374777224,0.9464228853585572,0.004086986099640294,0.0,0.0,0.0,1.0
1544681686557103000,0.6623378732793962,-0.6768886477171585,0.3211390667784993,0.035246241788990454,0.7249127245652491,0.6872696183629273,-0.04649745626011694,0.014945467224054322,-0.18923552357608828,0.2635948221549715,0.9458898912399756,0.0005741102474594282,0.0,0.0,0.0,1.0
1544681686650506000,0.6610727779346182,-0.6775557986941789,0.3223366593015776,0.05735502801255848,0.7262538567056054,0.6857483693571576,-0.04800530745902229,0.02515473673819662,-0.18851556406313297,0.2658332439329124,0.9454070914299643,-0.0004218092861626431,0.0,0.0,0.0,1.0
1544681686657907000,0.6704245894269727,-0.6625302578756558,0.3340427027954533,0.04963566817803869,0.7142630846721275,0.6981746580766157,-0.04878926822834134,0.021864529506140887,-0.2008957833463164,0.27130389643132397,0.9412943641682198,0.0007386297379066523,0.0,0.0,0.0,1.0
1544681686751340000,0.6550255475980755,-0.6854669772980545,0.31792539223488736,0.05007464592536614,0.7331460083611945,0.6783843541672527,-0.04787064283174007,0.02203522132106349,-0.18286186704144694,0.26444222630840825,0.9469064613398578,-0.001622735565675384,0.0,0.0,0.0,1.0
1544681686758767000,0.6706528380232918,-0.6545144200484461,0.3490496308549133,0.09656098835683836,0.7101642682584438,0.7024446435268318,-0.047309986994427754,0.035380737533764244,-0.21422297481889468,0.27961115272661696,0.9359092479138316,0.0008675336159565757,0.0,0.0,0.0,1.0
1544681686852247000,0.6491763904281758,-0.6928430433540836,0.3139084761303803,0.06075607321474992,0.7396279322067278,0.6713090281055745,-0.04790313855632948,0.030516781916027868,-0.17754023772160735,0.263273063680657,0.9482440392272219,0.005744556585265332,0.0,0.0,0.0,1.0
1544681686859640000,0.6706899584773749,-0.646605932083394,0.36342227255931936,0.13585534196269627,0.7061262043375595,0.7065925030957766,-0.045965401300043666,0.04883356788904019,-0.22706995209724384,0.2874505229833647,0.9304898890859304,0.0016172048074577108,0.0,0.0,0.0,1.0
1544681686953080000,0.6431347522525491,-0.7003695134847355,0.30961304078834617,0.0526781824581844,0.7463279144554869,0.6637915389078002,-0.04873845482712853,0.03475740942564298,-0.17138358891554592,0.262418249090206,0.9496127252700759,0.0006235576007203761,0.0,0.0,0.0,1.0
1544681686960459000,0.6705885836283393,-0.6388968090226466,0.37699047591155044,0.1694341543364103,0.7022467697203195,0.7105078416230123,-0.04503422486937694,0.06281037227419038,-0.23908246678649495,0.29493978099416757,0.9251216674915776,0.003293726387958827,0.0,0.0,0.0,1.0
1544681687053938000,0.63683677626931,-0.7079771698118185,0.3052986200692061,0.07614216581547266,0.7528131849101589,0.6564844506085632,-0.047963264428052974,0.04673877154127637,-0.1664669006629767,0.26037759722068937,0.951047989246201,0.013841592645701272,0.0,0.0,0.0,1.0
1544681687061341000,0.6705187846841607,-0.6322211747900004,0.3882021967130355,0.1956939989761833,0.6988681310826729,0.7138633356109484,-0.04452497532197083,0.0759563846337606,-0.24897368283151308,0.3011569760400076,0.9204980070808154,0.005546890127690529,0.0,0.0,0.0,1.0
1544681687136442433,0.630611329067672,-0.7154694792529958,0.3007204281537122,0.07544481655707985,0.7594708869916537,0.6486701027332187,-0.049305878272121545,0.055183130078931185,-0.15979149997297928,0.25948125573444114,0.9524369556347881,0.013705885595400005,0.0,0.0,0.0,1.0
1544681687154823000,0.630611329067672,-0.7154694792529958,0.3007204281537122,0.07544481655707985,0.7594708869916537,0.6486701027332187,-0.049305878272121545,0.055183130078931185,-0.15979149997297928,0.25948125573444114,0.9524369556347881,0.013705885595400005,0.0,0.0,0.0,1.0
1544681687162209000,0.6708200168303942,-0.6257836777461839,0.3979890622694646,0.2185893297886233,0.6955185791080186,0.7171131948103168,-0.04475010552505975,0.08996209301777387,-0.25739932232861606,0.30682805363167365,0.9162980597869708,0.008244598913842962,0.0,0.0,0.0,1.0
1544681687255679000,0.6244037210946166,-0.7226031564979475,0.2965883869985432,0.1238298175230168,0.7655349266736854,0.6415567470453238,-0.048592348814760676,0.08663357382006824,-0.15516529613900917,0.25739001250986104,0.9537683745722891,0.018564098692267262,0.0,0.0,0.0,1.0
1544681687263054000,0.6713715771708401,-0.619652743754482,0.4065595682365373,0.23938803519823024,0.6923429805188429,0.7201172736335677,-0.04574177019796589,0.10540915515790246,-0.2644265544407792,0.3121883876317327,0.9124784972449904,0.011147764459851965,0.0,0.0,0.0,1.0
1544681687356526000,0.6181860038146786,-0.7296495915684196,0.292331213201186,0.16833621422889797,0.7717797801442186,0.6339389897190082,-0.04977276639475519,0.11885965339186488,-0.14900347528892793,0.25638414701007906,0.9550210120797016,0.015762347553558057,0.0,0.0,0.0,1.0
1544681687363912000,0.6722135484732422,-0.6139025981439289,0.4138267091925616,0.26000769918468547,0.6894349970648892,0.7227762635739541,-0.04768498334078119,0.12374273998291369,-0.26983018747194965,0.31736110789794025,0.9091059328387666,0.012903497874937497,0.0,0.0,0.0,1.0
1544681687457340000,0.6115847738651095,-0.7374668583306924,0.2865426621643284,0.25095287212686845,0.7782738516968415,0.6259136238772963,-0.050218992520288094,0.16441979420394806,-0.14231611342825293,0.25372183254235314,0.9567504144498852,0.024794083355782606,0.0,0.0,0.0,1.0
1544681687464775000,0.6733561002252952,-0.608472018048102,0.41994447911819427,0.2827460406421272,0.6866850669271969,0.7252148200768204,-0.050270106426544316,0.14632319752886927,-0.2739620067611023,0.32221928557027274,0.906156471509204,0.013937263178405235,0.0,0.0,0.0,1.0
1544681687558217000,0.6057335950754562,-0.7436412634436085,0.2829920195004719,0.3130689996527125,0.7836678922155246,0.6191250567730503,-0.05048562950230551,0.20145737736114816,-0.1376642528307092,0.25235260129382875,0.9577926279277795,0.009012770734382012,0.0,0.0,0.0,1.0
1544681687565658000,0.6743871243803473,-0.603465237198947,0.4254782179647104,0.30970816398867956,0.6841317522809897,0.727460571408139,-0.05258196047589142,0.17368429832680474,-0.2777872423113552,0.3265437559332074,0.9034397730175948,0.015219313234515287,0.0,0.0,0.0,1.0
1544681687659086000,0.5993801735625207,-0.7508843102134646,0.2773376285602284,0.36016435788254125,0.7897562328063777,0.6112157665122809,-0.05196517593815912,0.2508217369638741,-0.1304932959336923,0.25017601692020114,0.9593661763238812,0.044244843857320706,0.0,0.0,0.0,1.0
1544681687666466000,0.6754479637403086,-0.5985630645160321,0.4306881773118987,0.34178597090579244,0.6815327425522965,0.729743178972602,-0.05466272561908999,0.20579803110255712,-0.2815726710961385,0.3304499213801369,0.9008438712405417,0.017138807641992812,0.0,0.0,0.0,1.0
1544681687759921000,0.5931013349982238,-0.7577772685003694,0.2720375300715793,0.45767481777933344,0.7956632812021259,0.6033137170441006,-0.05415257863755512,0.3149878096632032,-0.12308838032076315,0.2485682404704053,0.9607617188769851,0.04379713183418028,0.0,0.0,0.0,1.0
1544681687767319000,0.6763357386084567,-0.5937100462816857,0.43597975827456714,0.3785483064500813,0.6789405066280761,0.7320252517383535,-0.05638101876528142,0.24202380832150958,-0.28567421504322243,0.3341368159326346,0.8981886389271673,0.019261298267681134,0.0,0.0,0.0,1.0
1544681687860793000,0.5870058667450405,-0.7640155979458128,0.2677765458407533,0.5531805296835203,0.8010739555113547,0.595972424045943,-0.055654178443282,0.40126724639765493,-0.11706677670583615,0.24717814602490215,0.961872306452057,0.05722624132141527,0.0,0.0,0.0,1.0
1544681687868176000,0.6771886200771803,-0.5884093561356809,0.4418031263469679,0.4191669412200404,0.6760215539828517,0.7346103568062663,-0.05781420434096394,0.28113185013554687,-0.2905347335321077,0.33781955728607715,0.8952471811329347,0.02143908330044117,0.0,0.0,0.0,1.0
1544681687961638000,0.5817428436125661,-0.7688353710221166,0.2654570326264678,0.6140965397907917,0.8053061184270167,0.5902854152971554,-0.05518318685500138,0.4145853868037615,-0.11426862880761744,0.24587659659420738,0.9625421443852088,0.020773684978584447,0.0,0.0,0.0,1.0
1544681687969041000,0.6778400261872097,-0.5825739416688434,0.44848690213533615,0.4629740083353231,0.6727457719725475,0.7375384353554564,-0.05873825556215991,0.32257140973396475,-0.2965569510087123,0.3415328078850585,0.8918572284545128,0.023404314481821665,0.0,0.0,0.0,1.0
1544681688062508000,0.5756826185134478,-0.7743789996577153,0.2625389259340685,0.6033042927993449,0.8102825238079283,0.5833457592700325,-0.056124475526496555,0.42257882910402567,-0.10968935387242588,0.2450405885374675,0.9632877844218005,0.022182620035792695,0.0,0.0,0.0,1.0
1544681688069892000,0.6779817787126475,-0.5764625875523371,0.45610480471718046,0.5103473194333624,0.6691780943553597,0.7408020811032687,-0.058420498696925074,0.36603079885010603,-0.3042061566907593,0.3448233776667872,0.888006448425856,0.024865127790099383,0.0,0.0,0.0,1.0
1544681688137013340,0.6776010311416346,-0.5727392096888915,0.46133137794944834,0.539051706139898,0.6669607048558089,0.7428828657575922,-0.057345147502031825,0.3917181902308522,-0.309871361655178,0.3465470320876117,0.8853727428474593,0.025919286039434993,0.0,0.0,0.0,1.0
1544681688163378000,0.568530502104042,-0.7808156561020556,0.25903663710610514,0.6073376332370986,0.8157456766199963,0.5758190143091154,-0.054694184662211764,0.4095649824115505,-0.10645214536639364,0.24240332907366638,0.9643176690286743,-0.011869693986610719,0.0,0.0,0.0,1.0
1544681688170759000,0.6771967974945268,-0.5706286890989212,0.46452922043764117,0.5550946559172535,0.6656581212505974,0.7441288979182873,-0.056315618579913615,0.4058084029580194,-0.3135343092490523,0.34735440469376566,0.8837653277106746,0.02671935788181077,0.0,0.0,0.0,1.0
1544681688264241000,0.561408065865458,-0.7872742233663963,0.2549907465066966,0.5521576972549589,0.8212559527457869,0.5679352599941456,-0.05466443574201918,0.3926149363327848,-0.10178233471882107,0.2401017236052704,0.965397078233079,0.017160817730034524,0.0,0.0,0.0,1.0
1544681688271615000,0.6756253485209814,-0.5645824434989679,0.4741065839330187,0.6045901340737134,0.6615302143060325,0.7481260324596565,-0.05181906132289574,0.4485162144521177,-0.32543534533930674,0.34864610143942293,0.8789412562594703,0.029946469957401564,0.0,0.0,0.0,1.0
1544681688365096000,0.554951390300343,-0.7926067957948367,0.2525933919633629,0.6426446686454651,0.8263859805879215,0.5601046416836153,-0.05804309995347457,0.4610090171852191,-0.09547337582516552,0.24095073692419575,0.9658299937795656,0.009653968308284968,0.0,0.0,0.0,1.0
1544681688372473000,0.6740932823781102,-0.5573049713240402,0.48477769708415375,0.6581875638282959,0.6560701545434139,0.7532781370191896,-0.04630335415798408,0.49323186997169227,-0.3393673510667817,0.3492609586346729,0.8734108905913088,0.03401723736754914,0.0,0.0,0.0,1.0
1544681688465953000,0.5500926257107274,-0.7965219646408885,0.25090010558645903,0.858309656079221,0.8299189703528654,0.5548474995008872,-0.058127058639266725,0.5700344402309917,-0.0929118172630107,0.2402020236014556,0.9662662066276826,-0.009852206805440541,0.0,0.0,0.0,1.0
1544681688473331000,0.671973128583848,-0.5490763470900488,0.4969580259211862,0.7176212654607204,0.6497196579591903,0.7591319483721135,-0.03978757371530866,0.5405693148446715,-0.3554102988415317,0.3496195790098235,0.8668619667803884,0.037655370497422694,0.0,0.0,0.0,1.0
1544681688566811000,0.5475305995997682,-0.7991279020918399,0.24820322036631928,1.1157677213807378,0.8311795574811099,0.5536640265497621,-0.05095771708201013,0.6777773979323024,-0.09669946084349851,0.23420235225761246,0.9673667724651166,0.0187962965114865,0.0,0.0,0.0,1.0
1544681688574190000,0.6687499814284626,-0.5397356084926805,0.5113305538147179,0.7859040842742766,0.6426760472282138,0.7654456473872304,-0.03256469276780216,0.5930908069265575,-0.3738194225271703,0.3503975368363483,0.8587669098891,0.03951981349473782,0.0,0.0,0.0,1.0
1544681688667694000,0.541864833301946,-0.8047265461752712,0.2424823463913892,1.2047195559449961,0.8363630957201563,0.5447621823462142,-0.06108139489884537,0.9035748449262963,-0.08294139224808848,0.23590114575010254,0.9682310544935744,0.16946385660554517,0.0,0.0,0.0,1.0
1544681688675048000,0.6648982779646744,-0.5293810013999737,0.5269402578247093,0.8665317697330926,0.6344762043479786,0.7725554565143904,-0.02445429872283352,0.6534970051625919,-0.39414493029315056,0.35059067581241143,0.8495504410908167,0.039535754802261736,0.0,0.0,0.0,1.0
1544681688768514000,0.5208730395014807,-0.8163583699898763,0.24950007709008634,1.1001715864087955,0.8479119377747038,0.5285744263906618,-0.04067458106645683,1.0526995886054509,-0.09867432543288387,0.23274038651092732,0.9675201754935713,-0.13140635729565303,0.0,0.0,0.0,1.0
1544681688775949000,0.6615568223859168,-0.5164687368727915,0.5436934932364661,0.9631016575952919,0.6237651211170225,0.7814337985419608,-0.016682091420075235,0.7239297800019144,-0.4162446929781965,0.3501731890497978,0.8391180448769887,0.03766797818088134,0.0,0.0,0.0,1.0
1544681688869393000,0.507119021306046,-0.8242335928753645,0.2519311068632958,1.2528156208698342,0.8562689704792518,0.5151037094740842,-0.03836168245062204,1.14604919636288,-0.09815166032217569,0.23517472836554568,0.9669845390254139,-0.0640821645688532,0.0,0.0,0.0,1.0
1544681688876774000,0.6584951593582602,-0.5017965527391797,0.560878190662479,1.078804368207025,0.6117046330984971,0.7910168923767346,-0.010474627462940669,0.8062700884915113,-0.43840799142758874,0.34998927931256757,0.827832070784103,0.03345137213588733,0.0,0.0,0.0,1.0
1544681688970243000,0.4912957536014946,-0.8355065420177723,0.24608393027307476,1.3460003186485918,0.86535026919418,0.500333853333617,-0.028895446248458995,1.2098464594603713,-0.09898178670189817,0.2271450053464549,0.9688177085744565,0.0276375206213172,0.0,0.0,0.0,1.0
1544681688977664000,0.6561489633069588,-0.4831675477668645,0.5796703017545058,1.2162480867136174,0.5961729751101335,0.8028361509418539,-0.005647874750639215,0.9015553718839506,-0.46265140408252964,0.34928961554249166,0.8148315425746849,0.025738321686243917,0.0,0.0,0.0,1.0
1544681689071089000,0.48877779391157894,-0.8395872006752769,0.2370434572840651,1.551633687224904,0.867904596383914,0.4955342447411087,-0.03445901717311516,1.133321343302529,-0.08853180080968333,0.22257390851381031,0.9708877254833758,0.150210334700563,0.0,0.0,0.0,1.0
1544681689078503000,0.6533428532224936,-0.46195832651317287,0.5997813107360382,1.3779957874355266,0.5793869994464855,0.8150456110746189,-0.003369976320150932,1.0107488880190314,-0.4872923362987436,0.34970724389573327,0.8001568737137501,0.012822578296985803,0.0,0.0,0.0,1.0
1544681689136953485,0.6524256780068634,-0.44814674450379155,0.6111507425078847,1.483375709397681,0.5690126374365555,0.8223167346243688,-0.004450437530286727,1.080547288330292,-0.500565033851526,0.35065607558884493,0.791501714172401,0.002318050047620014,0.0,0.0,0.0,1.0
1544681689171936000,0.47047040313351857,-0.8514342662844263,0.23176990739111006,1.5231266861885016,0.8772340291984885,0.4797089966735353,-0.018431943105873334,1.3182565037196141,-0.09548852177916159,0.2119881334112181,0.9725959970621195,0.08701186999705843,0.0,0.0,0.0,1.0
1544681689179360000,0.651593728097281,-0.4378288534775131,0.6194606594182168,1.5616704183860899,0.5616851566232922,0.8273287743779834,-0.006073212929682852,1.1318189274312553,-0.509838600277922,0.35189912496167003,0.7850042085988188,-0.006413549922637368,0.0,0.0,0.0,1.0
1544681689272791000,0.46448128363358776,-0.8550016092903525,0.2307149437401071,1.586201330397731,0.8804921367924902,0.4737579970605505,-0.016939813097310383,1.2168111135328785,-0.09481948217897218,0.21101091993563786,0.9728739165314431,0.07660512962635878,0.0,0.0,0.0,1.0
1544681689280208000,0.6493690901621841,-0.40977430516011526,0.6406284442424346,1.7814049679236086,0.5419368116411454,0.840336185626369,-0.011814707577976,1.273011835697783,-0.5335018996500074,0.35485224242981445,0.7677601247214942,-0.034157503819281614,0.0,0.0,0.0,1.0
1544681689373661000,0.45986509649433893,-0.857588310915948,0.23036141605438734,1.6892135252276141,0.882874364887557,0.46936619479290914,-0.015107316439992101,1.228926105787455,-0.09516800329230855,0.21032751642606315,0.972987865794533,0.05201228500456477,0.0,0.0,0.0,1.0
1544681689381051000,0.6510660752278223,-0.37536017876084343,0.6597103166451672,2.0092967805060886,0.5189895735338758,0.8543830854477212,-0.026064647781177192,1.4154070237890977,-0.5538617049865097,0.35935258382466007,0.7510678612801744,-0.06725920525977626,0.0,0.0,0.0,1.0
1544681689474536000,0.45451573254677174,-0.8598133199220643,0.23267252470385993,1.8423614270844566,0.8860588681341556,0.4631715026202349,-0.019283188567605598,1.3780125196327009,-0.09118734050453442,0.21492606646266124,0.9723639518650401,0.015991649082194123,0.0,0.0,0.0,1.0
1544681689481931000,0.6480513504004429,-0.34215172011396566,0.6804128508980533,2.2697573591231253,0.5006663163480674,0.8646173030281191,-0.04207325728817155,1.5734279035432608,-0.5739012867372034,0.36792542685635987,0.7316202521485755,-0.10892699341402078,0.0,0.0,0.0,1.0
1544681689575421000,0.44884498527616296,-0.8611293871886051,0.23873491096322313,2.04357916113472,0.8892815536712638,0.45669795609523167,-0.024602747782764695,1.56833186028539,-0.08784359676415296,0.22334537250325417,0.9707730667302845,0.036960046272743144,0.0,0.0,0.0,1.0
1544681689582761000,0.6383444124275347,-0.3142439924386405,0.7026856511547462,2.567414436756795,0.49041276239843684,0.8696505744663597,-0.05659682682857411,1.744856863943735,-0.5933057673740227,0.3807342794476926,0.7092458493739429,-0.16024883878997556,0.0,0.0,0.0,1.0
1544681689676276000,0.44621011884250633,-0.863649693859804,0.2345330171605336,2.1765624633546565,0.8903155648631826,0.45496890195474216,-0.018479535071277423,1.5591469722048332,-0.09074538448268035,0.2170541511926558,0.9719324928435757,0.11188078357613654,0.0,0.0,0.0,1.0
1544681689683642000,0.6243686828473062,-0.2922885602916853,0.7243832862526121,2.9058966605842156,0.48621242155761357,0.8712264703288847,-0.06754197599532823,1.9291071986189787,-0.6113601467241707,0.3943752463338525,0.6860808524339614,-0.22237413645064497,0.0,0.0,0.0,1.0
1544681689777106000,0.4374655200878603,-0.8664726556154615,0.24051830659005446,2.3145606034064676,0.8955485915470888,0.44399356871905854,-0.029367177497014767,1.76872275254876,-0.0813427250114138,0.22824295828525826,0.9702002438058398,0.03616333924751443,0.0,0.0,0.0,1.0
1544681689784515000,0.603837216689545,-0.28029504568531055,0.7462005783332605,3.286969486904786,0.4894812510000265,0.8692329121017514,-0.0695862733486752,2.126368716486358,-0.6291174140492934,0.40726997419816996,0.6620743519096247,-0.2968709336972362,0.0,0.0,0.0,1.0
1544681689877967000,0.4307914163349232,-0.8707191640158259,0.23720643546862527,2.466316974145089,0.8993057434161141,0.43612250023362326,-0.03234725102331093,1.7414582996305594,-0.07528569233885488,0.22725602787507176,0.9709205746730807,0.01916681446913314,0.0,0.0,0.0,1.0
1544681689885382000,0.5704275498774474,-0.28370439729393093,0.7707945415588384,3.714429768278919,0.5032878203320285,0.8623634785641493,-0.05505089231042742,2.3355073521128884,-0.6490868818935156,0.41933405036417737,0.634700853913814,-0.38497537171692225,0.0,0.0,0.0,1.0
1544681689978823000,0.42588989867147276,-0.8738019460180404,0.23470823024489074,2.5344933446842406,0.901276374058029,0.432510850267841,-0.02520440369065323,1.694231341788433,-0.07949019923496084,0.22227128365057966,0.9717390517468721,-0.02371700102096743,0.0,0.0,0.0,1.0
1544681689986220000,0.541591881525948,-0.28846170966569,0.7895999467590729,4.1915502862084875,0.5125973800379099,0.8577778084854484,-0.03822508663391765,2.557527151625603,-0.6662748380686849,0.42544926057832994,0.612430213844727,-0.48861069344538466,0.0,0.0,0.0,1.0
1544681690079691000,0.42423552124030256,-0.8752662242107982,0.23223535319528932,3.2269673172359443,0.9014147248957053,0.43266041456636856,-0.01601435007917781,2.1525435250691145,-0.08646222446344892,0.2161342231647533,0.9725277792010887,-0.037574397431303835,0.0,0.0,0.0,1.0
1544681690087109000,0.5299127027630007,-0.2869157857659686,0.7980425172437291,4.7233237671314585,0.5125910857425091,0.8580407477635708,-0.03188187564505432,2.7925306673507824,-0.6756055848405377,0.4259640912748729,0.601757165870623,-0.6103838609177585,0.0,0.0,0.0,1.0
1544681690136358435,0.42803572332939827,-0.8728765323054744,0.2342476870840951,3.4111064330561414,0.8990919648824496,0.4375865799019195,-0.01231356055556213,2.2096954248022675,-0.09175542620299147,0.21588085704876872,0.9720989647778635,-0.012517880881372657,0.0,0.0,0.0,1.0
1544681690180528000,0.42803572332939827,-0.8728765323054744,0.2342476870840951,3.4111064330561414,0.8990919648824496,0.4375865799019195,-0.01231356055556213,2.2096954248022675,-0.09175542620299147,0.21588085704876872,0.9720989647778635,-0.012517880881372657,0.0,0.0,0.0,1.0
1544681690187941000,0.5269194525925538,-0.26999885875366086,0.8058886441384338,5.311411708991733,0.49875981955533405,0.8659934731407531,-0.03597147306887263,3.039196931812748,-0.6881820492258508,0.4208989436305763,0.5909733888881722,-0.7528341870432076,0.0,0.0,0.0,1.0
