1544681686136785765,0.6811191792471246,-0.6766697011657543,0.27963329412996074,2.4247100608904644e-05,0.687932001895002,0.722197783288051,0.07197167903113426,1.4614608901301722e-05,-0.2506515996965883,0.14334740087659445,0.9574055035518999,1.774567477813457e-05,0.0,0.0,0.0,1.0
1544681686146211000,0.6812661411447586,-0.6763144835543877,0.2801341897453632,3.1831995996162804e-05,0.6876146542825227,0.7224922367138933,0.07204897712027863,1.8165651770828128e-05,-0.25112254408088547,0.1435398454183134,0.9572532479086346,2.0031161133162957e-05,0.0,0.0,0.0,1.0
1544681686153595000,0.6830517750576676,-0.6720927748385921,0.2858873459954602,-0.006368745774530797,0.6837391480700878,0.7260418426748146,0.07323947079099634,-0.0037172844847761996,-0.25678989463558755,0.1454460198668805,0.9554603106973761,-0.0012607293052622093,0.0,0.0,0.0,1.0
1544681686247049000,0.6830997417276682,-0.6719907427758232,0.28601255999551933,0.0012021473147745337,0.6836972457422487,0.7260986497536737,0.07306727715164882,0.000638172677628451,-0.2567738674710815,0.1456337613655912,0.9554360201156613,0.0003336558487459324,0.0,0.0,0.0,1.0
1544681686254468000,0.6830997417276682,-0.6719907427758232,0.28601255999551933,0.0012021473147745337,0.6836972457422487,0.7260986497536737,0.07306727715164882,0.000638172677628451,-0.2567738674710815,0.1456337613655912,0.9554360201156613,0.0003336558487459324,0.0,0.0,0.0,1.0
1544681686347908000,0.6844713461932768,-0.668710168288635,0.29038885493033034,0.0044378330871515485,0.6808430432963601,0.7287463574667511,0.07335868642425518,0.0022422178849009337,-0.26067551982361636,0.14749731287833154,0.954092666389571,0.0010136411626109907,0.0,0.0,0.0,1.0
1544681686355309000,0.6844713461932768,-0.668710168288635,0.29038885493033034,0.0044378330871515485,0.6808430432963601,0.7287463574667511,0.07335868642425518,0.0022422178849009337,-0.26067551982361636,0.14749731287833154,0.954092666389571,0.0010136411626109907,0.0,0.0,0.0,1.0
1544681686448764000,0.6858790467297655,-0.6652239482404361,0.2950373399156013,0.011396630684102087,0.6776950676430007,0.7316003699240521,0.07409651826731602,0.00544103839504726,-0.265140205456316,0.14912410071613358,0.9526083529111982,0.003735065395722065,0.0,0.0,0.0,1.0
1544681686456163000,0.6857695457303294,-0.6653813654073197,0.2949368893806037,0.010657597703479748,0.6778929471698488,0.7314340256408153,0.07392846753618089,0.005366026589983516,-0.26491750098132943,0.14923774557249903,0.9526525142832717,0.0015987288899172406,0.0,0.0,0.0,1.0
1544681686549623000,0.687179157630388,-0.6619468861242004,0.29935117382242477,0.02148228614841432,0.6748664453016059,0.7341902294735135,0.07429662140100693,0.011390014958067003,-0.26896112418779744,0.15096697286527525,0.9512459654471768,0.0015001579259357723,0.0,0.0,0.0,1.0
1544681686557103000,0.687179157630388,-0.6619468861242004,0.29935117382242477,0.02148228614841432,0.6748664453016059,0.7341902294735135,0.07429662140100693,0.011390014958067003,-0.26896112418779744,0.15096697286527525,0.9512459654471768,0.0015001579259357723,0.0,0.0,0.0,1.0
1544681686650506000,0.6884620792793428,-0.6588080211818412,0.30330175835432904,0.036913633770825766,0.6721216295937947,0.736681476101671,0.07451790255265024,0.02060863240719759,-0.27252977897203207,0.15255292194884185,0.9499763815897343,0.0005508602113199961,0.0,0.0,0.0,1.0
1544681686657907000,0.6884479753350858,-0.6587597835263092,0.30343851579091013,0.024225424755722605,0.6720616871137014,0.7367249359809737,0.07462879750952166,0.017160662509329416,-0.27271317161242065,0.15255135631059408,0.9499240020743196,0.0040200230629367055,0.0,0.0,0.0,1.0
1544681686751340000,0.6896153472852334,-0.6555874473634945,0.30762927631824244,0.029577781701692122,0.6692419250747992,0.7392358965260822,0.07513677534640889,0.018340578723027464,-0.27666933062926274,0.15406293566818152,0.9485350248369632,-0.0008582542546385702,0.0,0.0,0.0,1.0
1544681686758767000,0.6896153472852334,-0.6555874473634945,0.30762927631824244,0.029577781701692122,0.6692419250747992,0.7392358965260822,0.07513677534640889,0.018340578723027464,-0.27666933062926274,0.15406293566818152,0.9485350248369632,-0.0008582542546385702,0.0,0.0,0.0,1.0
1544681686852247000,0.690654748389198,-0.6524935834101385,0.31184634379138343,0.044755153304937546,0.6664704933144746,0.7416694558234154,0.07578588153319615,0.027661532668339296,-0.2807367095137672,0.1554945076431948,0.9471052518195544,0.007470558251499611,0.0,0.0,0.0,1.0
1544681686859640000,0.6909728148938785,-0.6521946643607263,0.31176704260878235,0.027158411149297543,0.6662099999641665,0.7419290830582146,0.0755345726150775,0.022239339108531608,-0.2805722812848267,0.15550998518357925,0.9471514342927598,-0.0008788006746842718,0.0,0.0,0.0,1.0
1544681686953080000,0.6916443266018423,-0.6493877592097369,0.31610704463526335,0.04102842226188948,0.6639382423935016,0.7439536441439607,0.07562397538050619,0.031956750971364654,-0.2842782717108615,0.1575706620963362,0.945704684708503,0.003859601408855622,0.0,0.0,0.0,1.0
1544681686960459000,0.6916443266018423,-0.6493877592097369,0.31610704463526335,0.04102842226188948,0.6639382423935016,0.7439536441439607,0.07562397538050619,0.031956750971364654,-0.2842782717108615,0.1575706620963362,0.945704684708503,0.003859601408855622,0.0,0.0,0.0,1.0
1544681687053938000,0.6922491191534551,-0.6467748497462239,0.3201147462504903,0.05732758261201698,0.6617076578622951,0.7458910877152576,0.07608850631565278,0.042959950525164145,-0.2879828685141931,0.15915017751388172,0.94431831944511,0.008887265462992584,0.0,0.0,0.0,1.0
1544681687061341000,0.6922491191534551,-0.6467748497462239,0.3201147462504903,0.05732758261201698,0.6617076578622951,0.7458910877152576,0.07608850631565278,0.042959950525164145,-0.2879828685141931,0.15915017751388172,0.94431831944511,0.008887265462992584,0.0,0.0,0.0,1.0
1544681687136442433,0.6929602153254901,-0.6442385152641293,0.3236709369503532,0.07544893756372673,0.6596329278695797,0.7477298583911508,0.07605563319409671,0.055156952985727856,-0.2910163920576572,0.16080047985195403,0.94310798174606,0.013820555557572703,0.0,0.0,0.0,1.0
1544681687154823000,0.6929602153254901,-0.6442385152641293,0.3236709369503532,0.07544893756372673,0.6596329278695797,0.7477298583911508,0.07605563319409671,0.055156952985727856,-0.2910163920576572,0.16080047985195403,0.94310798174606,0.013820555557572703,0.0,0.0,0.0,1.0
1544681687159794949,0.6929602153254901,-0.6442385152641293,0.3236709369503532,0.07544893756372673,0.6596329278695797,0.7477298583911508,0.07605563319409671,0.055156952985727856,-0.2910163920576572,0.16080047985195403,0.94310798174606,0.013820555557572703,0.0,0.0,0.0,1.0
1544681687162209000,0.6929602153254901,-0.6442385152641293,0.3236709369503532,0.07544893756372673,0.6596329278695797,0.7477298583911508,0.07605563319409671,0.055156952985727856,-0.2910163920576572,0.16080047985195403,0.94310798174606,0.013820555557572703,0.0,0.0,0.0,1.0
1544681687255679000,0.69382768651902,-0.641336407480644,0.3275526734122044,0.10224319777946304,0.6571731998073626,0.7498780679948829,0.07619887528840912,0.07307059830163291,-0.2944936788364365,0.16238994913504587,0.9417552641452566,0.019785456111435788,0.0,0.0,0.0,1.0
1544681687263054000,0.69382768651902,-0.641336407480644,0.3275526734122044,0.10224319777946304,0.6571731998073626,0.7498780679948829,0.07619887528840912,0.07307059830163291,-0.2944936788364365,0.16238994913504587,0.9417552641452566,0.019785456111435788,0.0,0.0,0.0,1.0
1544681687356526000,0.6947769570242862,-0.6384046418836518,0.3312468765278878,0.11695730275905399,0.655046627477709,0.7518483441225975,0.07508650524686458,0.09125496064025278,-0.2969829891056945,0.16481377570311337,0.9405517123052464,0.019080618715103765,0.0,0.0,0.0,1.0
1544681687363912000,0.6946615468604148,-0.6387830767459557,0.3307590001443114,0.13285204117576174,0.6551563007481034,0.7516868361773271,0.07574379121605337,0.09357373830851688,-0.2970110383530475,0.16408254380247278,0.9406706979149273,0.02372652065900129,0.0,0.0,0.0,1.0
1544681687457340000,0.6953789414043562,-0.6363151402293354,0.3339927696317341,0.17158891529347325,0.6532992139434751,0.7533646779732404,0.07511191012823544,0.11974655112117802,-0.29941320096514434,0.16596597331138482,0.9395781131926234,0.02661346970541114,0.0,0.0,0.0,1.0
1544681687464775000,0.6953789414043562,-0.6363151402293354,0.3339927696317341,0.17158891529347325,0.6532992139434751,0.7533646779732404,0.07511191012823544,0.11974655112117802,-0.29941320096514434,0.16596597331138482,0.9395781131926234,0.02661346970541114,0.0,0.0,0.0,1.0
1544681687558217000,0.6958031735985504,-0.6336848117852898,0.3380850527941584,0.22028936924678244,0.6512611669297551,0.7551349274002322,0.07503421799112023,0.15240433731188366,-0.30284787610198033,0.16797261899752491,0.9381195889691426,0.029437802682603494,0.0,0.0,0.0,1.0
1544681687565658000,0.6958031735985504,-0.6336848117852898,0.3380850527941584,0.22028936924678244,0.6512611669297551,0.7551349274002322,0.07503421799112023,0.15240433731188366,-0.30284787610198033,0.16797261899752491,0.9381195889691426,0.029437802682603494,0.0,0.0,0.0,1.0
1544681687659086000,0.6959661138427128,-0.6313913469652361,0.342017741294361,0.27974235200688674,0.6495606007113929,0.7566045141532484,0.07497089546206506,0.19176553753409512,-0.30610814165279443,0.16998404672307707,0.9366980460498042,0.03254316451271486,0.0,0.0,0.0,1.0
1544681687666466000,0.6959661138427128,-0.6313913469652361,0.342017741294361,0.27974235200688674,0.6495606007113929,0.7566045141532484,0.07497089546206506,0.19176553753409512,-0.30610814165279443,0.16998404672307707,0.9366980460498042,0.03254316451271486,0.0,0.0,0.0,1.0
1544681687759921000,0.6959689115438652,-0.6291835665542107,0.34605680710335746,0.3496450997561151,0.6479595971736106,0.7579755474749775,0.07497619529303856,0.23730683305090894,-0.30947638778274905,0.17204972830008175,0.9352129470857479,0.035325109503713245,0.0,0.0,0.0,1.0
1544681687767319000,0.6959689115438652,-0.6291835665542107,0.34605680710335746,0.3496450997561151,0.6479595971736106,0.7579755474749775,0.07497619529303856,0.23730683305090894,-0.30947638778274905,0.17204972830008175,0.9352129470857479,0.035325109503713245,0.0,0.0,0.0,1.0
1544681687860793000,0.6958187318225847,-0.6269109919105733,0.35045527627147,0.4292058171689074,0.6462908111279818,0.7593753308317454,0.07521498770664951,0.28792660616871074,-0.31328019391009565,0.17416002740547748,0.9335543931436328,0.037573134355738266,0.0,0.0,0.0,1.0
1544681687868176000,0.6958187318225847,-0.6269109919105733,0.35045527627147,0.4292058171689074,0.6462908111279818,0.7593753308317454,0.07521498770664951,0.28792660616871074,-0.31328019391009565,0.17416002740547748,0.9335543931436328,0.037573134355738266,0.0,0.0,0.0,1.0
1544681687961638000,0.6958735068827433,-0.6242031898829655,0.35514847621613443,0.5109062845048976,0.6442027862203922,0.7611202764341367,0.0754897014612491,0.33890693035691205,-0.31743161884821147,0.17625635461098982,0.931756870012049,0.03892918394442992,0.0,0.0,0.0,1.0
1544681687969041000,0.6960069455995835,-0.6234125020232362,0.35627402936260616,0.4451168739575211,0.6427791628943491,0.7620906318952699,0.0777998491406628,0.3089927686640724,-0.3200144987746329,0.17485628698619146,0.9311369391638491,0.05425962292052651,0.0,0.0,0.0,1.0
1544681688062508000,0.6938090584212516,-0.6238264171305699,0.35981883183437274,0.5217487698735669,0.6446003651890031,0.7607352917359377,0.0759748978653062,0.3800540493544673,-0.3211220323347802,0.1792272780507381,0.929923772764039,0.04776771841900139,0.0,0.0,0.0,1.0
1544681688069892000,0.6929667348170804,-0.6242283987967465,0.3607436909671506,0.49187524111182185,0.6442775206701548,0.7607276226858467,0.07873982754528483,0.3499099174644835,-0.3235793268984831,0.17785496961959954,0.9293352618864383,0.03691824847549788,0.0,0.0,0.0,1.0
1544681688137013340,0.6901887128268971,-0.6252136967341752,0.3643451304770514,0.5391425887582273,0.6458466804768461,0.7593133486032241,0.07953177949723339,0.391794461651001,-0.32637647893712135,0.18041915654647891,0.9278616933291663,0.02571256081469622,0.0,0.0,0.0,1.0
1544681688163378000,0.6901887128268971,-0.6252136967341752,0.3643451304770514,0.5391425887582273,0.6458466804768461,0.7593133486032241,0.07953177949723339,0.391794461651001,-0.32637647893712135,0.18041915654647891,0.9278616933291663,0.02571256081469622,0.0,0.0,0.0,1.0
1544681688170759000,0.6901522130125971,-0.6252276924876028,0.36439025154419635,0.5397626718285297,0.645869815141204,0.7592930997261885,0.07953722774691492,0.39234522244053965,-0.32640788097606227,0.1804558706576863,0.9278435072693518,0.02559777554357133,0.0,0.0,0.0,1.0
1544681688264241000,0.686868160798428,-0.6281645153859772,0.3655427078896345,0.5247546746301236,0.6485988667269847,0.7567363514068768,0.08166764683692802,0.42490096393160287,-0.3279201728498233,0.1809956796979133,0.9272048986976035,0.0526380993280831,0.0,0.0,0.0,1.0
1544681688271615000,0.6867151397161516,-0.6273185857881483,0.3672787889456483,0.5998674962212616,0.6484553416963686,0.7569843378725658,0.08050082012676155,0.44601202599373674,-0.328523951501365,0.182882760642965,0.926620693244834,0.01736294767075107,0.0,0.0,0.0,1.0
1544681688365096000,0.6848459769101122,-0.6289744982703674,0.36793622876195864,0.6634118242282664,0.6505200894494583,0.7552393380228674,0.08023188596469068,0.5027009753275765,-0.32834372406473805,0.1844034241230964,0.9263831691254845,0.012973157184455474,0.0,0.0,0.0,1.0
1544681688372473000,0.6848312594114748,-0.6289601998189259,0.36798806118762484,0.6655418340606492,0.6505216826373926,0.7552397583188819,0.08021501027272236,0.5045926870277361,-0.3283712632851845,0.18445046624547262,0.9263640423452975,0.012876440516007797,0.0,0.0,0.0,1.0
1544681688465953000,0.6844196048674184,-0.6291802461389872,0.3683775540686581,0.7381971283690293,0.6512702402810844,0.7547194888968579,0.07902890106464176,0.5684167578180712,-0.3277451427517171,0.18582440891268465,0.9263111844595793,0.010676768872437181,0.0,0.0,0.0,1.0
1544681688473331000,0.6842369892300414,-0.629261236178546,0.36857840307383566,0.7414348787146345,0.6513543143001009,0.7546322166708924,0.07916927942720238,0.5712455728927119,-0.3279592959683516,0.1859045836052032,0.9262192969175922,0.01060602335244642,0.0,0.0,0.0,1.0
1544681688566811000,0.6874267743869095,-0.6246239155487316,0.37052583443071757,1.013365500676841,0.6494066042013383,0.7570783476014474,0.07143835113404526,0.5813281965647492,-0.325139189080147,0.19151328861892308,0.9260708223492781,0.07207883015121021,0.0,0.0,0.0,1.0
1544681688574190000,0.6799570353541627,-0.6308294932897422,0.37378146084066743,0.8323795835720035,0.653499645900214,0.7525506180912491,0.08127594981772483,0.6503838910543661,-0.3325607356268528,0.18900189841978687,0.9239489377195277,0.009632017894846705,0.0,0.0,0.0,1.0
1544681688667694000,0.6852540040727613,-0.6248809195915285,0.3740999682340182,1.1676762521836288,0.6515056799606515,0.755533765573664,0.06862272260038985,0.765596555560752,-0.3255261877042412,0.19670425874527056,0.9248460064844402,0.24408080455536998,0.0,0.0,0.0,1.0
1544681688675048000,0.6758374306131418,-0.6320784162837139,0.37910505542724965,0.9377734480718378,0.6553060215687219,0.7507373092081856,0.08347161588605176,0.741413400617147,-0.3373689159925714,0.1920165832190642,0.9215811664150226,0.010520671573029636,0.0,0.0,0.0,1.0
1544681688768514000,0.6736732590301173,-0.631314441509015,0.3841958042585809,1.04998657836248,0.6549242815096156,0.7508511912418158,0.08542057187739655,0.8371404693369591,-0.34240111792582206,0.1940736060181977,0.9192915260624569,0.013682667888330514,0.0,0.0,0.0,1.0
1544681688775949000,0.6736222563548426,-0.6311626681182001,0.3845344485443701,1.0583922722219343,0.6548091127315459,0.7509437784236639,0.0854895755663732,0.8442597888243005,-0.34272158033473393,0.19420898027821476,0.9191435091171349,0.013992550662489101,0.0,0.0,0.0,1.0
1544681688869393000,0.6733324780639435,-0.6290154870756982,0.38853943300930344,1.1991425335107506,0.6533050888199652,0.7522350746302789,0.08564375877971692,0.9624778555196832,-0.34614424003037675,0.1961680644623441,0.9174433255405433,0.02049986990334104,0.0,0.0,0.0,1.0
1544681688876774000,0.6733324780639435,-0.6290154870756982,0.38853943300930344,1.1991425335107506,0.6533050888199652,0.7522350746302789,0.08564375877971692,0.9624778555196832,-0.34614424003037675,0.1961680644623441,0.9174433255405433,0.02049986990334104,0.0,0.0,0.0,1.0
1544681688970243000,0.6700106671689212,-0.6298419401035695,0.3929183583983136,1.3469091148916936,0.6548415027909548,0.750763375745899,0.08681566598895454,1.0844421988547062,-0.34966886064152186,0.19913182599773302,0.9154661128476937,0.028662918499799912,0.0,0.0,0.0,1.0
1544681688977664000,0.6892136427788664,-0.6200557733515173,0.37485382823300156,1.335424612065992,0.6408457285299783,0.7630669546919726,0.08393792278823123,0.9575476569257021,-0.33808476279236027,0.1823723131140614,0.9232762493301017,-0.025201022718968732,0.0,0.0,0.0,1.0
1544681689071089000,0.6728231336064884,-0.6244220701664248,0.3967443877019808,1.5386654510543158,0.6586136698071732,0.7498223273984709,0.06320214614923028,1.0424715308577808,-0.3369526151064432,0.21877741113702107,0.9157507191092518,0.15956224975985506,0.0,0.0,0.0,1.0
1544681689078503000,0.6888382009014471,-0.613143863318534,0.38672540109705705,1.4259089559286915,0.6392577276502022,0.7653471040992839,0.07478882193444034,1.0323884472296085,-0.341835473025191,0.19569980358105896,0.9191572750405553,-0.007006679273491709,0.0,0.0,0.0,1.0
1544681689136953485,0.6891345377307817,-0.6081254187685265,0.3940521081712216,1.4830611595974577,0.6377294858724228,0.7671915339788492,0.06868954098023582,1.0803704042637372,-0.34408529720910247,0.2039623132806227,0.916517693776689,0.0023964662824498685,0.0,0.0,0.0,1.0
1544681689171936000,0.6586262896430474,-0.6318115524948863,0.40868762242699835,1.5427153120305843,0.6685863330331285,0.7405720438383457,0.06741930855778969,1.2795304497386277,-0.3452589258402245,0.2288388297887781,0.9101807864971426,0.08103107164248907,0.0,0.0,0.0,1.0
1544681689179360000,0.6892027925692445,-0.6041553842047478,0.3999947280292188,1.524808168142505,0.6364053456802712,0.7686581858446118,0.06444244970237596,1.115529910990396,-0.3463924749533827,0.21014486686684067,0.9142490843447352,0.008342078338705098,0.0,0.0,0.0,1.0
1544681689272791000,0.6547543319660194,-0.6282162874916295,0.4202868792883796,1.5674597217877118,0.672948327336995,0.7376947189965919,0.054286741464940426,1.2292704833642671,-0.3441472264977184,0.2472868732763115,0.9057659128048228,0.10216164259331753,0.0,0.0,0.0,1.0
1544681689280208000,0.6893617803547593,-0.5938790312969369,0.41483494545653615,1.6397507267634654,0.6326614961579761,0.7725029039079178,0.05457741962558405,1.211601961229803,-0.35287358510558464,0.22482651009088298,0.908258373644353,0.021361521651753135,0.0,0.0,0.0,1.0
1544681689373661000,0.6533582499637716,-0.620667007109189,0.43346910327080923,1.6564292299717818,0.6736112300629343,0.7379313129165618,0.04129513470543901,1.271656732638013,-0.34550095215118826,0.26500913890536326,0.9002217773189338,0.07890867469726101,0.0,0.0,0.0,1.0
1544681689381051000,0.6919576999484273,-0.5788322246814763,0.43144848725238616,1.7568240086650053,0.6262436007391469,0.7785909112984339,0.04018887130464392,1.3071050839040705,-0.3591844846528706,0.2423828552389075,0.9012419527911939,0.03003375690091293,0.0,0.0,0.0,1.0
1544681689474536000,0.6576699803151866,-0.6045759357046648,0.4493975244247013,1.8265538568188595,0.6676854266296969,0.7440609213457684,0.02386454257693613,1.4256762316158733,-0.3488070642325657,0.28436118457503184,0.8930130730557878,0.008310822132821166,0.0,0.0,0.0,1.0
1544681689481931000,0.6924408548462131,-0.5634762760891259,0.4505775724828918,1.8890113901523413,0.6220556461921976,0.7826416396000013,0.022777993867518984,1.4116087340175882,-0.36547562925624894,0.2645119094652503,0.8924466449994616,0.036127772054365785,0.0,0.0,0.0,1.0
1544681689575421000,0.6690816012404996,-0.5746140345683745,0.47132634358637737,2.066860671478072,0.6507642379314874,0.7592775796888925,0.0018610779750099218,1.6074828718113616,-0.358936926925746,0.3054771157694705,0.8819569231148799,-0.026395464191551612,0.0,0.0,0.0,1.0
1544681689582761000,0.6890801187915596,-0.5505312973212664,0.4712577644516547,2.0400326011748584,0.6227520664412267,0.7824117226953821,0.0034292757292314715,1.5224744193924107,-0.3706055229342793,0.29111370091187255,0.8819888658662313,0.039723611657439976,0.0,0.0,0.0,1.0
1544681689676276000,0.6827842127997097,-0.5422031308060566,0.48971571722336,2.1977686012199498,0.6277800809018969,0.7782720579236446,-0.013593155560967933,1.6288829922371773,-0.3737618075382864,0.3167149645965705,0.8717761997360924,0.04094487645291292,0.0,0.0,0.0,1.0
1544681689683642000,0.6826310178163667,-0.541417210798443,0.49079761344797124,2.2052946528765327,0.6276905344323521,0.7783292934105269,-0.014425810310010317,1.6337669975524618,-0.37419177770097856,0.31791652185802777,0.8711541761540678,0.04094181299471922,0.0,0.0,0.0,1.0
1544681689777106000,0.6749243227845001,-0.5315420483842569,0.5118009469641018,2.382059912637798,0.6316451070566432,0.7747393890142233,-0.02834321508353587,1.7433195996794835,-0.38144674234457027,0.34240608918262205,0.8586363915216827,0.039206694965555226,0.0,0.0,0.0,1.0
1544681689784515000,0.6747370942811288,-0.5305613570803438,0.513063836158934,2.3922713845383967,0.6314224430107731,0.7748939047627119,-0.029071202656682536,1.7493232781812904,-0.38214598266024363,0.34357543965578047,0.8578580099305321,0.03902478911860505,0.0,0.0,0.0,1.0
1544681689877967000,0.6633198952531814,-0.5291936911016493,0.5291131767963448,2.6670897102122884,0.6414141396452814,0.7662668987655088,-0.03772189443009662,1.862956945218459,-0.38547972453089147,0.36440235613193245,0.8477123951087917,0.03099790047517336,0.0,0.0,0.0,1.0
1544681689885382000,0.6627668073721796,-0.5213171118875422,0.5375580228207167,2.6084811592624964,0.6354957970104961,0.7712862848629313,-0.035532502928046265,1.868512108975203,-0.3960874285150678,0.3651656276754015,0.8424777821027382,0.03355791330294947,0.0,0.0,0.0,1.0
1544681689978823000,0.6539230689650796,-0.516728170453706,0.5526089193406649,2.851849207037265,0.6403456182029036,0.7670167906190978,-0.04053063232571174,1.987646673126565,-0.4029170002911674,0.3803646155571609,0.8324545934214191,0.02370026585944533,0.0,0.0,0.0,1.0
1544681689986220000,0.6539230689650796,-0.516728170453706,0.5526089193406649,2.851849207037265,0.6403456182029036,0.7670167906190978,-0.04053063232571174,1.987646673126565,-0.4029170002911674,0.3803646155571609,0.8324545934214191,0.02370026585944533,0.0,0.0,0.0,1.0
1544681690079691000,0.6468906191343865,-0.5087051663260216,0.5681122957911967,3.104760930883397,0.6419489575567326,0.7653894489090675,-0.045612798538345614,2.096336192525065,-0.41162369072704447,0.3942055875452434,0.821686005710427,0.009705061448758323,0.0,0.0,0.0,1.0
1544681690087109000,0.6466543781367604,-0.5075788358334818,0.5693872501650239,3.1266949350005224,0.6416355066618887,0.765617061581908,-0.04619947624624524,2.105061560556246,-0.4124827170043619,0.3952141703287139,0.8207702283490099,0.00829232487615823,0.0,0.0,0.0,1.0
1544681690136358435,0.6456367431185581,-0.49675024677725954,0.5799934381197706,3.411375048001383,0.6390759117144058,0.7672247611513346,-0.05429682258363883,2.2098184318554095,-0.4180133670131383,0.4057158589493518,0.8128096128831951,-0.012545211453529046,0.0,0.0,0.0,1.0
1544681690180528000,0.6456367431185581,-0.49675024677725954,0.5799934381197706,3.411375048001383,0.6390759117144058,0.7672247611513346,-0.05429682258363883,2.2098184318554095,-0.4180133670131383,0.4057158589493518,0.8128096128831951,-0.012545211453529046,0.0,0.0,0.0,1.0
1544681690187941000,0.6456367431185581,-0.49675024677725954,0.5799934381197706,3.411375048001383,0.6390759117144058,0.7672247611513346,-0.05429682258363883,2.2098184318554095,-0.4180133670131383,0.4057158589493518,0.8128096128831951,-0.012545211453529046,0.0,0.0,0.0,1.0
