1544581075865572000,0.9999999633499506,9.131335218518035e-05,-0.0002548763804022782,-1.1686878632835445e-06,-9.124713172130795e-05,0.9999999620854318,0.00025981358443678696,-4.18127778484072e-07,0.00025490009518808784,-0.00025979031817595025,0.9999999337674641,-1.8407851428414424e-05,0.0,0.0,0.0,1.0
1544581075870678975,0.9999999633499506,9.131335218518035e-05,-0.0002548763804022782,-1.1686878632835445e-06,-9.124713172130795e-05,0.9999999620854318,0.00025981358443678696,-4.18127778484072e-07,0.00025490009518808784,-0.00025979031817595025,0.9999999337674641,-1.8407851428414424e-05,0.0,0.0,0.0,1.0
1544581075941185000,0.9999999294558231,-0.0001350054809589828,0.0003505165723076619,-0.006977590716756354,0.000134603571025697,0.9999993338330869,0.0011463922802519531,0.001285051611456476,-0.0003506711080462865,-0.0011463450185983132,0.999999281461178,-0.002611854970123424,0.0,0.0,0.0,1.0
1544581075966432000,0.9999999861029497,2.2375555777470382e-06,0.00016670062287928685,-0.0005196107902579984,-2.4023063747278706e-06,0.9999995116188813,0.0009883097826797016,-0.0004628350299035677,-0.00016669833006778914,-0.0009883101694110814,0.9999994977272115,-0.00043568548009939535,0.0,0.0,0.0,1.0
1544581076042026000,0.9999999861029497,2.2375555777470382e-06,0.00016670062287928685,-0.0005196107902579984,-2.4023063747278706e-06,0.9999995116188813,0.0009883097826797016,-0.0004628350299035677,-0.00016669833006778914,-0.0009883101694110814,0.9999994977272115,-0.00043568548009939535,0.0,0.0,0.0,1.0
1544581076067302000,0.9999997303448698,-0.0001398939432440062,0.0007209298677016073,-0.004852066015495499,0.0001389987261775416,0.9999992194872069,0.0012416538685227762,-0.00856395581054076,-0.0007211030048624382,-0.0012415533253711728,0.9999989692773653,0.0029345367393467767,0.0,0.0,0.0,1.0
1544581076142905000,0.9999996955365263,-1.6375118660551402e-06,0.0007803359333535096,-0.0010673943759824073,5.388543470540108e-07,0.9999990088700894,0.0014079270389963947,-0.0013225675654474822,-0.0007803374654364564,-0.0014079261898466322,0.9999987044078023,-0.0005853327256207182,0.0,0.0,0.0,1.0
1544581076168147000,0.9999995603551688,5.324017746588074e-06,0.0009376892463602833,-0.0011817292086353803,-6.760518027106388e-06,0.9999988265238786,0.0015319612136623772,-0.001541549623457505,-0.0009376799898156564,-0.0015319668794086109,0.9999983869155564,-0.0006272326167153585,0.0,0.0,0.0,1.0
1544581076243752000,0.9999989815631471,-3.8007057901663136e-06,0.0014271854196012761,-0.0016368915677974724,1.0666111664609174e-06,0.9999981650047345,0.001915720759296083,-0.0021545294816325746,-0.0014271900818137672,-0.0019157172860035654,0.999997146573801,-0.0007682757511136626,0.0,0.0,0.0,1.0
1544581076269035000,0.999997161550357,-6.0418138994992704e-05,0.002381856603509549,-0.0025116357679836714,5.4541071602037374e-05,0.99999695442978,0.0024674189826080395,-0.0028820529972399065,-0.002381998426261059,-0.002467282069951942,0.9999941192840532,-0.0009784733085410574,0.0,0.0,0.0,1.0
1544581076344594000,0.999997161550357,-6.0418138994992704e-05,0.002381856603509549,-0.0025116357679836714,5.4541071602037374e-05,0.99999695442978,0.0024674189826080395,-0.0028820529972399065,-0.002381998426261059,-0.002467282069951942,0.9999941192840532,-0.0009784733085410574,0.0,0.0,0.0,1.0
1544581076369874000,0.9999950016957753,-3.1706885751477146e-05,0.0031615784251573806,-0.003147142160633449,2.2124552341196493e-05,0.9999954066916282,0.0030308589784669732,-0.003439785246224975,-0.003161660002152095,-0.0030307738808043974,0.9999904091118629,-0.0010910319413489774,0.0,0.0,0.0,1.0
1544581076445429000,0.9999950016957753,-3.1706885751477146e-05,0.0031615784251573806,-0.003147142160633449,2.2124552341196493e-05,0.9999954066916282,0.0030308589784669732,-0.003439785246224975,-0.003161660002152095,-0.0030307738808043974,0.9999904091118629,-0.0010910319413489774,0.0,0.0,0.0,1.0
1544581076470749000,0.9999947195605865,0.00039508593848582474,0.0032256407187263793,0.008450558618944344,-0.0004045784636778588,0.9999955883712986,0.0029427120501434013,0.00607265616824107,-0.0032244638642451844,-0.0029440015360970733,0.9999904677984409,-0.001705543694269457,0.0,0.0,0.0,1.0
1544581076546286000,0.9999922700086187,1.2255774230324179e-05,0.003931891758849691,-0.0036751516817609105,-2.5211321150270117e-05,0.9999945712930437,0.0032949580924991843,-0.004265758381351179,-0.0039318300314990584,-0.0032950317506873945,0.9999868416526109,-0.0011812583888442469,0.0,0.0,0.0,1.0
1544581076571591000,0.9999919854838946,5.674718930396559e-07,0.0040036193195607615,-0.0037605604189102026,-1.3813581354448588e-05,0.9999945267808974,0.0033085068286619673,-0.004393767287839424,-0.004003595529390382,-0.0033085356169018955,0.9999865123164952,-0.0012045006119930013,0.0,0.0,0.0,1.0
1544581076647142000,0.9999908415907722,4.375149037897522e-05,0.004279581800126579,-0.004044901078215261,-5.814577749724434e-05,0.9999943420191761,0.003363413252225978,-0.0048795723801878625,-0.004279410431992268,-0.0033636312883221476,0.9999851862057306,-0.0013170234526848504,0.0,0.0,0.0,1.0
1544581076672466000,0.9999894813237454,0.0001009485767596724,0.004585526278488535,-0.004113546059521072,-0.0001170411980662264,0.9999938355192137,0.0035093054769149297,-0.0052302018491281075,-0.004585143751706597,-0.003509805259156141,0.9999833287229434,-0.0014663624110492221,0.0,0.0,0.0,1.0
1544581076747999000,0.9999894813237454,0.0001009485767596724,0.004585526278488535,-0.004113546059521072,-0.0001170411980662264,0.9999938355192137,0.0035093054769149297,-0.0052302018491281075,-0.004585143751706597,-0.003509805259156141,0.9999833287229434,-0.0014663624110492221,0.0,0.0,0.0,1.0
1544581076773322000,0.9999881627774141,0.00013173635088757735,0.004863841135081008,-0.003983948901246042,-0.0001492011813449464,0.9999935427869523,0.003590560319392707,-0.005385432035562683,-0.004863336720908451,-0.0035912435079742257,0.9999817252960211,-0.0017031407884918629,0.0,0.0,0.0,1.0
1544581076848878000,0.9999881627774141,0.00013173635088757735,0.004863841135081008,-0.003983948901246042,-0.0001492011813449464,0.9999935427869523,0.003590560319392707,-0.005385432035562683,-0.004863336720908451,-0.0035912435079742257,0.9999817252960211,-0.0017031407884918629,0.0,0.0,0.0,1.0
1544581076869491124,0.9999893282691672,0.00037457444834969604,0.004604676075185741,0.004975597504641009,-0.0003908681390030463,0.9999936644474601,0.003538119138861638,-0.0028758536167302535,-0.004603321612993892,-0.003539881202174765,0.9999831391934578,-0.0023932535690882476,0.0,0.0,0.0,1.0
1544581076874177000,0.9999893282691672,0.00037457444834969604,0.004604676075185741,0.004975597504641009,-0.0003908681390030463,0.9999936644474601,0.003538119138861638,-0.0028758536167302535,-0.004603321612993892,-0.003539881202174765,0.9999831391934578,-0.0023932535690882476,0.0,0.0,0.0,1.0
1544581076949745000,0.9999881506202869,7.47435357637324e-05,0.004867548913223954,-0.003630745636485791,-9.255872023443141e-05,0.9999932983755143,0.0036598684323404743,-0.005640383274173689,-0.004867242741231909,-0.003660275599267813,0.9999814559933752,-0.001940641207827017,0.0,0.0,0.0,1.0
1544581076975008000,0.999988125611354,9.837654102498373e-05,0.004872264190961555,-0.003512131878534578,-0.00011624349278990821,0.9999932700469768,0.0036669262613368003,-0.005675417895282676,-0.004871870661330648,-0.003667449087836595,0.9999814071738776,-0.00198789072038265,0.0,0.0,0.0,1.0
1544581077050614000,0.9999890681834225,0.00011866196876360741,0.00467433770544356,-0.0029049094483362065,-0.00013552298157112587,0.9999934855955767,0.0036069931976798354,-0.005666262611699824,-0.0046738792420032,-0.0036075872468745236,0.9999825699316397,-0.0022052958438925144,0.0,0.0,0.0,1.0
1544581077075900000,0.9999909405994708,0.0001527424655353644,0.004253867501753964,0.006011202899125317,-0.00016707500869581507,0.9999943104560489,0.00336914551054636,-0.005247901434701916,-0.004253328687595825,-0.0033698257030575925,0.9999852766265152,-0.0005299011742037842,0.0,0.0,0.0,1.0
1544581077151472000,0.9999908214628479,9.417593677654281e-05,0.004283470666465392,-0.0019315620396243994,-0.0001088408224010891,0.9999941339016934,0.00342349468740795,-0.00548887479680658,-0.004283123128386131,-0.00342392948120484,0.9999849656685716,-0.002486795720312475,0.0,0.0,0.0,1.0
1544581077176723000,0.9999925207612009,0.00012355344441370995,0.0038656378780045305,-0.0007377784530847822,-0.00013552825769282484,0.9999951930864348,0.0030976500954133512,-0.005209124666972278,-0.0038652365708785087,-0.003098150830515054,0.9999877306285719,-0.0027600773113040837,0.0,0.0,0.0,1.0
1544581077252319000,0.9999925207612009,0.00012355344441370995,0.0038656378780045305,-0.0007377784530847822,-0.00013552825769282484,0.9999951930864348,0.0030976500954133512,-0.005209124666972278,-0.0038652365708785087,-0.003098150830515054,0.9999877306285719,-0.0027600773113040837,0.0,0.0,0.0,1.0
1544581077277591000,0.9999929547406212,0.00011362422663903834,0.0037520072838153383,-0.0004240282441076808,-0.0001249793574202627,0.9999954128757733,0.003026319145661284,-0.005132297010574973,-0.0037516462097193434,-0.0030267667479173107,0.9999883818493946,-0.0028011703494844674,0.0,0.0,0.0,1.0
1544581077353174000,0.9999943215417489,0.00011865081320803005,0.0033679082885729444,0.0006084115544000206,-0.00012793975323662762,0.9999961885471638,0.002757992487960426,-0.0048888626298898745,-0.003367568213897828,-0.002758407716170591,0.9999905252907114,-0.0029187151700004596,0.0,0.0,0.0,1.0
1544581077378439000,0.9999950797592275,-0.0001013671460399974,0.0031353121115347956,0.0027168532720191828,9.232261580291386e-05,0.9999958348653025,0.0028847406436776535,-0.008123061633124424,-0.0031355914704636525,-0.00288443698984363,0.9999909240035041,-0.0008293938638675411,0.0,0.0,0.0,1.0
1544581077454034000,0.9999966997899501,5.4787025491993156e-05,0.0025685419196061,0.0021508445271146343,-6.105070452414094e-05,0.9999970247524761,0.0024385977542923177,-0.004464410887845706,-0.002568400674040791,-0.0024387465177012984,0.9999937278970288,-0.0030897693283677566,0.0,0.0,0.0,1.0
1544581077479297000,0.9999972104657988,4.221165879774446e-05,0.0023616263033765634,0.002529720648029024,-4.7900538477808626e-05,0.9999970975030373,0.0024088775480470698,-0.0043484128483630815,-0.0023615177660462417,-0.0024089839515723873,0.9999943099988924,-0.003111559765117583,0.0,0.0,0.0,1.0
1544581077554891000,0.99999849166147,0.0001035015332472401,0.0017337710962310952,0.0036682803200279307,-0.000107393953201309,0.9999974739543182,0.0022451172624178197,-0.003991640077797866,-0.0017335343435671224,-0.0022453000725529376,0.9999959767350372,-0.003137113664918794,0.0,0.0,0.0,1.0
1544581077580179000,0.9999995107651456,0.00012429364768888507,0.0009813361074746357,0.005322666029449152,-0.00012625277764383822,0.9999979988604965,0.001996580887725487,-0.0034928816715363285,-0.0009810859813627378,-0.001996703807337909,0.99999752531904,-0.0030611653466517132,0.0,0.0,0.0,1.0
1544581077655751000,0.9999995107651456,0.00012429364768888507,0.0009813361074746357,0.005322666029449152,-0.00012625277764383822,0.9999979988604965,0.001996580887725487,-0.0034928816715363285,-0.0009810859813627378,-0.001996703807337909,0.99999752531904,-0.0030611653466517132,0.0,0.0,0.0,1.0
1544581077681037000,0.9999995956087105,0.00012323059339952927,0.0008908404113901517,0.005567153958727242,-0.0001249342690542335,0.9999981631099752,0.0019126338136810626,-0.003423436433983985,-0.0008906030800144774,-0.0019127443367242458,0.999997774115151,-0.003045791540995317,0.0,0.0,0.0,1.0
1544581077756597000,0.9999999074985286,0.0001569988645979832,0.000400442616784047,0.006626110801844341,-0.000157683537494644,0.9999985249487855,0.0017103321758445947,-0.0031427768248394865,-0.0004001735059009911,-0.0017103951608447305,0.9999984572035886,-0.002936845572790121,0.0,0.0,0.0,1.0
1544581077781896000,0.9999999283897355,0.00019991951009088534,0.0003213296009378286,0.0068603777872095146,-0.00020045165614069655,0.9999986072543475,0.0016568972509476223,-0.0030802382339948156,-0.0003209979073207421,-0.0016569615433474514,0.9999985757183796,-0.0029039696932225685,0.0,0.0,0.0,1.0
1544581077857448000,0.9999999738814038,0.00020347000874891723,-0.00010410162193273322,0.007854236918145074,-0.00020330918791742933,0.9999987896326541,0.0015425299356738218,-0.0028162371643611845,0.00010441535451103044,-0.0015425087305688929,0.9999988048814109,-0.0027247535855387177,0.0,0.0,0.0,1.0
1544581077870217147,0.9999999614339441,0.00021033104903144935,-0.00018136416796418587,0.008081682610948784,-0.00021005995733236666,0.9999988627215468,0.0014934625639500404,-0.0027547089753690757,0.00018167808325038546,-0.0014934244090037004,0.9999988683376626,-0.00267396813163481,0.0,0.0,0.0,1.0
1544581077882757000,0.9999999614339441,0.00021033104903144935,-0.00018136416796418587,0.008081682610948784,-0.00021005995733236666,0.9999988627215468,0.0014934625639500404,-0.0027547089753690757,0.00018167808325038546,-0.0014934244090037004,0.9999988683376626,-0.00267396813163481,0.0,0.0,0.0,1.0
1544581077885388536,0.9999999614339441,0.00021033104903144935,-0.00018136416796418587,0.008081682610948784,-0.00021005995733236666,0.9999988627215468,0.0014934625639500404,-0.0027547089753690757,0.00018167808325038546,-0.0014934244090037004,0.9999988683376626,-0.00267396813163481,0.0,0.0,0.0,1.0
1544581077958298000,0.9999999614339441,0.00021033104903144935,-0.00018136416796418587,0.008081682610948784,-0.00021005995733236666,0.9999988627215468,0.0014934625639500404,-0.0027547089753690757,0.00018167808325038546,-0.0014934244090037004,0.9999988683376626,-0.00267396813163481,0.0,0.0,0.0,1.0
1544581077983586000,0.9999998583134616,0.00017575466580937733,-0.0005024772197622061,0.009347438044409325,-0.0001750191610737522,0.9999989138745221,0.0014634268240280763,-0.0004784634474911071,0.000502733878101292,-0.0014633386735387333,0.9999988029485716,-0.004951023075137747,0.0,0.0,0.0,1.0
1544581078059149000,0.9999996049653386,0.0001626602649900245,-0.0008738482708647982,0.009775713779653288,-0.00016138950581049745,0.9999989297958927,0.0014540840746169578,-0.002183253533275599,0.0008740838573696812,-0.0014539424702627631,0.9999985610133164,-0.00208454732466993,0.0,0.0,0.0,1.0
1544581078084444000,0.9999995997176186,0.0001876310904430464,-0.0008748480858613558,0.009896813459526354,-0.00018633694759913856,0.9999988887345423,0.001479124140832134,-0.0021385025537268582,0.0008751246433483348,-0.0014789605322428772,0.9999985234152099,-0.0020156214192517097,0.0,0.0,0.0,1.0
1544581078160006000,0.9999996038823769,0.00019776513983733098,-0.0008678271929619952,0.010284769125135089,-0.00019631348349146772,0.9999985820768775,0.0016725146493484849,-0.0020123009824315097,0.000868156727543253,-0.0016723436206566404,0.9999982247837803,-0.0017189375158947525,0.0,0.0,0.0,1.0
1544581078185359000,0.9999996656821655,0.0002818569665230429,-0.0007675885677685874,0.010528876668302498,-0.00028055229513031563,0.9999985168694965,0.0016992790284704174,-0.001928281193811966,0.0007680663829668055,-0.00169906311163674,0.9999982616277755,-0.0012423694961379165,0.0,0.0,0.0,1.0
1544581078260887000,0.9999996656821655,0.0002818569665230429,-0.0007675885677685874,0.010528876668302498,-0.00028055229513031563,0.9999985168694965,0.0016992790284704174,-0.001928281193811966,0.0007680663829668055,-0.00169906311163674,0.9999982616277755,-0.0012423694961379165,0.0,0.0,0.0,1.0
1544581078286210000,0.9999998498364621,0.000297863246061938,-0.00046000493409603226,0.010468216172963993,-0.0002970208769681702,0.9999982810691805,0.001830201432115097,-0.0018060540967233054,0.0004605492931188875,-0.0018300645262166464,0.9999982193775042,-0.0006946496739888295,0.0,0.0,0.0,1.0
1544581078361754000,0.9999998498364621,0.000297863246061938,-0.00046000493409603226,0.010468216172963993,-0.0002970208769681702,0.9999982810691805,0.001830201432115097,-0.0018060540967233054,0.0004605492931188875,-0.0018300645262166464,0.9999982193775042,-0.0006946496739888295,0.0,0.0,0.0,1.0
1544581078387072000,0.9999998719935,0.0002788098198031466,-0.0004222298754048947,0.010428082688365243,-0.00027800678843818396,0.9999981549332121,0.001900747852417288,-0.0017720082497538702,0.0004227590435287983,-0.0019006302263375658,0.9999981044379707,-0.0005623808326271795,0.0,0.0,0.0,1.0
1544581078462638000,0.9999999428838328,0.00024007345624928498,-0.000237901381956139,0.010252626210850846,-0.00023958659470435086,0.9999978815021943,0.0020444044087304,-0.0016729267044312012,0.00023839168519495702,-0.0020443472939798775,0.9999978819045282,-0.00012072308288726198,0.0,0.0,0.0,1.0
1544581078487902000,0.9999999384270515,0.0003462220739239781,-5.723781282324911e-05,0.009765915360519205,-0.0003460987926159395,0.9999976502983098,0.0021400031505135688,-0.0015902025289697118,5.7978594660435015e-05,-0.00213998320880936,0.999997708552549,0.0005480310149761536,0.0,0.0,0.0,1.0
1544581078563482000,0.9999999384270515,0.0003462220739239781,-5.723781282324911e-05,0.009765915360519205,-0.0003460987926159395,0.9999976502983098,0.0021400031505135688,-0.0015902025289697118,5.7978594660435015e-05,-0.00213998320880936,0.999997708552549,0.0005480310149761536,0.0,0.0,0.0,1.0
1544581078588760000,0.9999999740067975,0.00011302895599271258,0.00019801731835223264,0.006387533788595429,-0.00011349867590491723,0.9999971763002651,0.0023737121871764935,-0.0020331424393032955,-0.00019774846100044198,-0.002373734600179553,0.9999971631357718,0.002078375512929657,0.0,0.0,0.0,1.0
1544581078664329000,0.9999999490945864,0.0003176607988329535,-3.004065432430351e-05,0.009037839579636414,-0.00031759353506256535,0.9999975004406536,0.0022131983172067222,-0.0015269985531781204,3.074362558132524e-05,-0.0022131886638253545,0.9999975504223831,0.0012238672154346035,0.0,0.0,0.0,1.0
1544581078689614000,0.9999999674098652,8.429449475519183e-05,0.00024098693864386316,0.004306084031277513,-8.490882889877265e-05,0.9999967441967572,0.0025503698504929276,-0.005339275177183177,-0.00024077117189982188,-0.0025503902292947863,0.9999967187640773,0.004314879175336141,0.0,0.0,0.0,1.0
1544581078765205000,0.999999953448273,0.0003043302396027145,-2.2058076727541385e-05,0.008147683494608484,-0.0003042760228478742,0.9999970313246098,0.0024175934457647086,-0.0014458888690965673,2.2793758036883586e-05,-0.0024175866214777015,0.9999970773734154,0.0020030076579722078,0.0,0.0,0.0,1.0
1544581078790447000,0.9999999199035671,0.00039650688515839973,5.4544931999516955e-05,0.007126032691722484,-0.0003966394806909516,0.9999969132252104,0.002452797825523902,-0.0012471991849467077,-5.357221240587234e-05,-0.002452819263737054,0.9999969903993096,0.0029345114408945968,0.0,0.0,0.0,1.0
1544581078866018000,0.9999999199035671,0.00039650688515839973,5.4544931999516955e-05,0.007126032691722484,-0.0003966394806909516,0.9999969132252104,0.002452797825523902,-0.0012471991849467077,-5.357221240587234e-05,-0.002452819263737054,0.9999969903993096,0.0029345114408945968,0.0,0.0,0.0,1.0
1544581078870590073,0.9999998435997649,1.4496760882546422e-05,-0.000559097745529395,0.005984169527299076,-1.3334321171628661e-05,0.9999978386162774,0.0020790827232603434,-0.004192446120273409,0.000559126677069721,-0.002079074942902413,0.9999976824096845,0.005978916529768528,0.0,0.0,0.0,1.0
1544581078891305000,0.9999999412063998,0.0003363185875686567,6.691042927551064e-05,0.004138380598823162,-0.0003364887116418977,0.9999966691133081,0.0025590110663763358,-0.002394686203311137,-6.604956341703826e-05,-0.00255903343052701,0.9999967234873098,0.0007004827696303535,0.0,0.0,0.0,1.0
1544581078966895000,0.9999999059991844,6.687346480476969e-05,-0.00042840350456525676,0.0025420451663481056,-6.581453197304713e-05,0.9999969440461326,0.002471349194958119,-0.005772624063642143,0.0004285674630673243,-0.002471320767473131,0.9999968544468498,0.002607397586255382,0.0,0.0,0.0,1.0
1544581078992163000,0.9999999333264376,-9.902560233843283e-05,0.0003514840699521599,-0.008838415155588097,9.792497177084774e-05,0.9999950966862988,0.0031300182200466897,-0.016413024865425757,-0.0003517922984550756,-0.0031299835922896,0.9999950397101437,0.001453880175653209,0.0,0.0,0.0,1.0
1544581079067786000,0.9999999322778915,0.00017719376563847736,-0.00032256252301109665,-0.00010516514673786893,-0.00017633019490849496,0.9999964058796209,0.0026752823224903436,-0.007150775546709116,0.00032303540703141275,-0.0026752252638020317,0.9999963694023657,-0.0002385310123667512,0.0,0.0,0.0,1.0
1544581079093020000,0.999999899767435,0.00038640964598889957,-0.00022616964140581946,0.011079805924578615,-0.0003857320762714296,0.9999954607372764,0.0029882629749796432,-0.0033694563148207197,0.00022732330840068932,-0.002988175434573022,0.9999955095557604,-0.0037449133396548857,0.0,0.0,0.0,1.0
1544581079168581000,0.9999999406606673,0.00020695879985237214,-0.0002754028257038561,-0.0018675079423762998,-0.00020615992786840662,0.9999957806577066,0.002897613651181298,-0.008398491297847966,0.00027600135032875424,-0.002897556702212169,0.9999957639852339,-0.002488008286860322,0.0,0.0,0.0,1.0
1544581079193904000,0.9999999312607896,0.0003606011010367385,-8.628591818214561e-05,-0.002790797015006012,-0.0003603357879121662,0.999995267567728,0.0030553232674098867,-0.009492799763797575,8.738726277413166e-05,-0.003055291965485075,0.9999953287663277,-0.004311947261549821,0.0,0.0,0.0,1.0
1544581079269474000,0.9999999312607896,0.0003606011010367385,-8.628591818214561e-05,-0.002790797015006012,-0.0003603357879121662,0.999995267567728,0.0030553232674098867,-0.009492799763797575,8.738726277413166e-05,-0.003055291965485075,0.9999953287663277,-0.004311947261549821,0.0,0.0,0.0,1.0
1544581079294760000,0.9999999156661552,0.000405294965831481,-6.636017927220862e-05,-0.002774245298287266,-0.0004050641199459156,0.9999939925232945,0.0034425049572250656,-0.010129104439787071,6.775501054399701e-05,-0.003442477786777779,0.9999940723604059,-0.005602637641333268,0.0,0.0,0.0,1.0
1544581079370323000,0.9999999156661552,0.000405294965831481,-6.636017927220862e-05,-0.002774245298287266,-0.0004050641199459156,0.9999939925232945,0.0034425049572250656,-0.010129104439787071,6.775501054399701e-05,-0.003442477786777779,0.9999940723604059,-0.005602637641333268,0.0,0.0,0.0,1.0
1544581079395622000,0.9999999667936382,0.00024390593664378225,8.32022647663647e-05,-0.0037838843998205204,-0.00024422706728755234,0.9999924362975832,0.003881713637491363,-0.011360667324426157,-8.225486244865289e-05,-0.003881733828838899,0.9999924626599049,-0.0054557589620370175,0.0,0.0,0.0,1.0
1544581079471170000,0.9999999259750438,0.00037477217529887887,-8.715343868072381e-05,-0.0018030199115093824,-0.00037442493176086664,0.9999921257161175,0.003950735593475905,-0.01023475503569922,8.863337818220263e-05,-0.003950702668602564,0.9999921920157921,-0.0063684424920846935,0.0,0.0,0.0,1.0
1544581079496483000,0.9999995971763194,0.0008249354217583484,-0.0003537354214834826,0.014526117081738807,-0.0008235937191375518,0.9999925299467252,0.003776472445650224,0.0036263292963461384,0.0003568481249507563,-0.0037761795901263303,0.9999928065376861,-0.007156095451647329,0.0,0.0,0.0,1.0
1544581079572021000,0.9999999105214312,0.00042204568454102344,-2.8888910927697556e-05,9.935301319622464e-05,-0.0004219163518954428,0.9999904959453184,0.0043393554391653105,-0.010160597345891982,3.0720042602701244e-05,-0.0043393428621820935,0.9999905845355763,-0.006606892633855028,0.0,0.0,0.0,1.0
1544581079597337000,0.9999998966111953,0.0004545078916069561,-1.414834548075565e-05,0.0006691310441053754,-0.0004544420394946184,0.999990433657368,0.004350411035779882,-0.010101267989926449,1.612550628033446e-05,-0.0043504041563930985,0.9999905368170475,-0.006591448203834626,0.0,0.0,0.0,1.0
1544581079672891000,0.9999998514604802,0.0005450251243673521,-5.160639338188731e-06,0.0027500342462799593,-0.0005449968645669097,0.9999900096633207,0.004436614921987423,-0.009711207856447357,7.57865438129145e-06,-0.00443661145044251,0.9999901581622723,-0.006396547002826651,0.0,0.0,0.0,1.0
1544581079698196000,0.9999997993484997,0.0006329733705427471,-2.5449391045723695e-05,0.006614724664611828,-0.00063285110260749,0.9999894610752158,0.004547223106705947,-0.00856714633923521,2.832739397297142e-05,-0.004547206088623642,0.9999896610037251,-0.005676059553882262,0.0,0.0,0.0,1.0
1544581079773743000,0.9999997993484997,0.0006329733705427471,-2.5449391045723695e-05,0.006614724664611828,-0.00063285110260749,0.9999894610752158,0.004547223106705947,-0.00856714633923521,2.832739397297142e-05,-0.004547206088623642,0.9999896610037251,-0.005676059553882262,0.0,0.0,0.0,1.0
1544581079799051000,0.9999999113266317,0.0003997820185885391,-0.00013236716612685442,0.0010204352433231029,-0.0003991465226822908,0.9999885594529558,0.0047667226953753234,-0.015484460885944674,0.00013427130179527837,-0.004766669438799892,0.9999886303522054,-0.009576392743161917,0.0,0.0,0.0,1.0
1544581079869767217,0.9999997779455947,0.0006649904577166706,-4.354829729419495e-05,0.011257499214730182,-0.0006647707985913662,0.9999879523703215,0.004863454944471261,-0.006888047407522836,4.678192377003937e-05,-0.004863424914883282,0.9999881723848288,-0.004508680116598857,0.0,0.0,0.0,1.0
1544581079874614000,0.9999998843528353,0.0003086393444920625,-0.0003688306838567206,0.011394462084172592,-0.0003068667818216804,0.999988450461005,0.00479632957319272,-0.018633986078674253,0.0003703067600477948,-0.004796215836625795,0.9999884295263392,-0.00947147841453857,0.0,0.0,0.0,1.0
1544581079899882000,0.9999998866758238,0.0002923849021843554,-0.0003757118690337195,0.010786046179504707,-0.00029053317971352416,0.9999878584107026,0.004919209453251567,-0.01592294303430556,0.00037714560986932904,-0.004919099739022235,0.999987830035418,-0.010078484404688589,0.0,0.0,0.0,1.0
1544581079975490000,0.9999998866758238,0.0002923849021843554,-0.0003757118690337195,0.010786046179504707,-0.00029053317971352416,0.9999878584107026,0.004919209453251567,-0.01592294303430556,0.00037714560986932904,-0.004919099739022235,0.999987830035418,-0.010078484404688589,0.0,0.0,0.0,1.0
1544581080000752000,0.9999997775841858,0.00032771599378808255,-0.0005808905299498922,0.010325948025561587,-0.0003247904502804733,0.9999873004089429,0.005029267540780063,-0.01388799432863987,0.0005825313242878653,-0.005029077754494648,0.9999871844349786,-0.01041449739343068,0.0,0.0,0.0,1.0
1544581080076334000,0.9999997775841858,0.00032771599378808255,-0.0005808905299498922,0.010325948025561587,-0.0003247904502804733,0.9999873004089429,0.005029267540780063,-0.01388799432863987,0.0005825313242878653,-0.005029077754494648,0.9999871844349786,-0.01041449739343068,0.0,0.0,0.0,1.0
1544581080101612000,0.9999994695705121,0.00047321790885908826,-0.0009148352341034996,0.016846594753884423,-0.00046836092971079215,0.9999858342244902,0.0053020739705344246,-0.01169017865655854,0.0009173313111099048,-0.005301642685077249,0.9999855254392951,-0.006228188642075317,0.0,0.0,0.0,1.0
1544581080177215000,0.999999665464879,0.00035893573289787895,-0.0007350069872465368,0.010099847864623986,-0.0003550104514639426,0.9999857129556993,0.00533365278792428,-0.011961317051154568,0.000736910924741616,-0.005333390068467727,0.9999855058512928,-0.010698491805156017,0.0,0.0,0.0,1.0
1544581080202455000,0.9999993573569125,0.00034339689908506664,-0.0010804463581686847,0.010002851065277108,-0.0003371522531853396,0.9999832701710004,0.0057745741375404645,-0.010246595701970935,0.001082411253338243,-0.0057742061516262025,0.9999827433157004,-0.010953307347386814,0.0,0.0,0.0,1.0
1544581080278056000,0.9999993573569125,0.00034339689908506664,-0.0010804463581686847,0.010002851065277108,-0.0003371522531853396,0.9999832701710004,0.0057745741375404645,-0.010246595701970935,0.001082411253338243,-0.0057742061516262025,0.9999827433157004,-0.010953307347386814,0.0,0.0,0.0,1.0
1544581080303314000,0.999999257613881,0.00033475907511651713,-0.0011716262417592444,0.009972833097917496,-0.00032791161306435965,0.9999828948750311,0.005839728703146512,-0.009950531847631297,0.001173561103125563,-0.005839340177962138,0.9999822622729991,-0.010985549268942758,0.0,0.0,0.0,1.0
1544581080378907000,0.9999988503019631,0.0003564877070342728,-0.00147387627285623,0.009877042770129567,-0.0003475268967626068,0.9999814832877979,0.006075549900142686,-0.008864926219073383,0.001476014840366345,-0.006075030703447569,0.9999804575001162,-0.011045409473993071,0.0,0.0,0.0,1.0
1544581080404171000,0.9999987083522784,0.0003782614634998183,-0.001562117805799546,0.009867308037985236,-0.00036866285475342496,0.9999810800016778,0.006140336015027814,-0.008610096603266587,0.001564410903020713,-0.006139752189067048,0.9999799278293452,-0.011063862352749847,0.0,0.0,0.0,1.0
1544581080479758000,0.9999984318886167,0.00032910494043691247,-0.001740089149032715,0.009917715789795922,-0.0003179634676627889,0.9999794742197856,0.006399221698935744,-0.007682464965373307,0.0017421594478213666,-0.00639865837946347,0.9999780107839379,-0.011077125559376089,0.0,0.0,0.0,1.0
1544581080505041000,0.9999979600186817,0.0002965727697576336,-0.0019979997671540125,0.009985731060062402,-0.00028326354280010517,0.9999777933645595,0.006658268506918821,-0.006539295556532086,0.0019999300594344635,-0.006657688963682889,0.9999758374367953,-0.01096310106213259,0.0,0.0,0.0,1.0
1544581080580597000,0.9999979600186817,0.0002965727697576336,-0.0019979997671540125,0.009985731060062402,-0.00028326354280010517,0.9999777933645595,0.006658268506918821,-0.006539295556532086,0.0019999300594344635,-0.006657688963682889,0.9999758374367953,-0.01096310106213259,0.0,0.0,0.0,1.0
1544581080605914000,0.9999970586249934,0.00031041459802820564,-0.0024054904160124213,0.00997673772827274,-0.0002937534505805602,0.9999759887223133,0.006923560337099698,-0.0055336471328946,0.002407581831313039,-0.006922833351202338,0.9999731386032901,-0.010746251546031642,0.0,0.0,0.0,1.0
1544581080681471000,0.9999970586249934,0.00031041459802820564,-0.0024054904160124213,0.00997673772827274,-0.0002937534505805602,0.9999759887223133,0.006923560337099698,-0.0055336471328946,0.002407581831313039,-0.006922833351202338,0.9999731386032901,-0.010746251546031642,0.0,0.0,0.0,1.0
1544581080706768000,0.9999968849294428,0.00031693163312676304,-0.002475820217580992,0.00997970663632244,-0.00029969582163058876,0.9999757414515179,0.006958928861657209,-0.005342859263646728,0.002477965662465153,-0.0069581651911284955,0.9999727214396144,-0.010686298554708665,0.0,0.0,0.0,1.0
1544581080782325000,0.9999962923207985,0.0002813030545543,-0.0027085444887608745,0.010004769331764448,-0.00026207061228691804,0.9999747717394123,0.007098394445484673,-0.004799819042929722,0.002710472956934648,-0.007097658297002655,0.999971137875012,-0.010477446175160594,0.0,0.0,0.0,1.0
1544581080807615000,0.9999964061795947,0.00026603459995623514,-0.002667743145097351,0.00685894989410895,-0.00024681458767429967,0.9999740323592278,0.007202339188317113,-0.006495963546019689,0.0026695899415264132,-0.00720165486647921,0.9999705042933644,-0.011010669761425045,0.0,0.0,0.0,1.0
1544581080869667311,0.9999953479883327,0.0003372753588348616,-0.00303154202132131,0.00997831817104184,-0.0003153737699258435,0.999973870222316,0.007222147325465501,-0.0040880159481234335,0.00303389866013301,-0.007221157659115934,0.9999693247000027,-0.010033710839254426,0.0,0.0,0.0,1.0
1544581080883186000,0.9999953479883327,0.0003372753588348616,-0.00303154202132131,0.00997831817104184,-0.0003153737699258435,0.999973870222316,0.007222147325465501,-0.0040880159481234335,0.00303389866013301,-0.007221157659115934,0.9999693247000027,-0.010033710839254426,0.0,0.0,0.0,1.0
1544581080908513000,0.9999955936426812,0.00040350874126156473,-0.0029410671397867615,0.005978420949763133,-0.0003820699908639542,0.9999733810888646,0.007286366462455444,-0.002925625619660462,0.0029439289643415694,-0.00728521066262602,0.999969129017418,-0.010752142931187432,0.0,0.0,0.0,1.0
1544581080984022000,0.9999949385186583,0.00035577724882819865,-0.0031617020126331846,0.009806586359288145,-0.00033255920557242113,0.9999729990446203,0.007341020779195154,-0.003385522874477315,0.003164228411834638,-0.00733993216964585,0.9999680560169425,-0.009499482964452776,0.0,0.0,0.0,1.0
1544581081009369000,0.9999949616700464,0.00036366767947670784,-0.003153471157382904,0.00956562179861083,-0.0003399367501107414,0.9999716469952844,0.007522609158004408,-0.0027678613057466636,0.0031561174768164105,-0.007521499275880574,0.9999667324321909,-0.00889487723892572,0.0,0.0,0.0,1.0
1544581081084879000,0.9999949616700464,0.00036366767947670784,-0.003153471157382904,0.00956562179861083,-0.0003399367501107414,0.9999716469952844,0.007522609158004408,-0.0027678613057466636,0.0031561174768164105,-0.007521499275880574,0.9999667324321909,-0.00889487723892572,0.0,0.0,0.0,1.0
1544581081110204000,0.9999951771372744,0.0003488588463321538,-0.003086097810709289,0.00948943334307423,-0.0003255006365252065,0.9999713235539205,0.007566116517401622,-0.0026418833865983846,0.00308864881907131,-0.007565075500258537,0.9999666143832731,-0.008740677527756072,0.0,0.0,0.0,1.0
1544581081185751000,0.9999957567748309,0.00034890888256864115,-0.002892178231839343,0.00921593194131581,-0.0003270351920585084,0.9999713687362761,0.007560076433442871,-0.0023273427745221873,0.0028947332029421917,-0.007559098510272761,0.9999672397380801,-0.008284889341580852,0.0,0.0,0.0,1.0
1544581081211059000,0.9999963736367352,0.00039909170190497925,-0.0026633511209603186,0.01030272544440066,-0.0003786843822084233,0.9999706024585417,0.007658382129303824,-0.003927884176436654,0.0026663292217431545,-0.007657345787754344,0.999967127331677,-0.0062748987764623875,0.0,0.0,0.0,1.0
1544581081286619000,0.999996820882907,0.0003313514939608354,-0.002499686033430294,0.008758236793944382,-0.00031196443941068153,0.9999699025607297,0.00775220296909172,-0.001907687736336327,0.002502179503317004,-0.007751398510778632,0.9999668269092031,-0.007711884902174374,0.0,0.0,0.0,1.0
1544581081311904000,0.9999977505763792,0.000299861517396997,-0.0020997440922472677,0.00825963415646964,-0.0002833691069602067,0.9999691451170846,0.007850383159925043,-0.001505899038378844,0.0021020333326956355,-0.007849770498479451,0.999966980734359,-0.007208242652850658,0.0,0.0,0.0,1.0
1544581081387473000,0.9999977505763792,0.000299861517396997,-0.0020997440922472677,0.00825963415646964,-0.0002833691069602067,0.9999691451170846,0.007850383159925043,-0.001505899038378844,0.0021020333326956355,-0.007849770498479451,0.999966980734359,-0.007208242652850658,0.0,0.0,0.0,1.0
1544581081412787000,0.9999979126013248,0.0003130876242375718,-0.002019101070587178,0.008162987484076437,-0.000297220002454161,0.9999691105505945,0.007854273036018183,-0.00143774122167116,0.002021497777351776,-0.007853656523793896,0.9999671162723004,-0.00711111907542634,0.0,0.0,0.0,1.0
1544581081488335000,0.9999985868804637,0.00034083863988135894,-0.001646227838454981,0.007756967952533496,-0.00032781172015288325,0.9999686855209216,0.007906991655156511,-0.001170816933303882,0.0016488712959690796,-0.007906440828852637,0.9999673841765379,-0.006775409402377013,0.0,0.0,0.0,1.0
1544581081513630000,0.9999992181002333,0.0003519855786890346,-0.0011999604470470842,0.007278268175413771,-0.0003424198300585176,0.999968239158532,0.007962626629763072,-0.0008527973217193933,0.001202725065035725,-0.007962209513534834,0.99996757781044,-0.006467862903336639,0.0,0.0,0.0,1.0
1544581081589200000,0.9999992181002333,0.0003519855786890346,-0.0011999604470470842,0.007278268175413771,-0.0003424198300585176,0.999968239158532,0.007962626629763072,-0.0008527973217193933,0.001202725065035725,-0.007962209513534834,0.99996757781044,-0.006467862903336639,0.0,0.0,0.0,1.0
1544581081614489000,0.9999995537904044,0.0003640826156750782,-0.0008717011187546769,0.006904870385584647,-0.000357089053146797,0.9999678584913142,0.00800964866289126,-0.0005198830966815448,0.0008745892748014321,-0.008009333813982056,0.9999675423059762,-0.006294899551656896,0.0,0.0,0.0,1.0
1544581081690083000,0.9999995537904044,0.0003640826156750782,-0.0008717011187546769,0.006904870385584647,-0.000357089053146797,0.9999678584913142,0.00800964866289126,-0.0005198830966815448,0.0008745892748014321,-0.008009333813982056,0.9999675423059762,-0.006294899551656896,0.0,0.0,0.0,1.0
1544581081715321000,0.9999996166893181,0.00031168552353788814,-0.0008182135119215607,0.006835469611726652,-0.00030507333278306727,0.9999673987354265,0.008068977417581865,-0.00044675929455306116,0.0008207018205771976,-0.00806872470953363,0.9999671105241823,-0.00627839061604798,0.0,0.0,0.0,1.0
1544581081790933000,0.9999997697608441,0.0003188628484435242,-0.0005990031253467898,0.006646435987855913,-0.0003139967213439018,0.9999670940054156,0.008106313121438708,-0.00021222180814762688,0.0006015682166454812,-0.00810612317003058,0.999966963895724,-0.006270273647375021,0.0,0.0,0.0,1.0
1544581081816204000,0.9999995296916467,0.0004888028898070984,-0.0008376683227652387,0.020606250221727778,-0.0004821359462637053,0.9999683556330613,0.00794073532108072,0.00544523076068808,0.0008415232696536022,-0.007940327716477116,0.9999681210090353,-0.0023327474011154677,0.0,0.0,0.0,1.0
1544581081870447889,0.9999998591032272,0.00036099712610077387,-0.00038919738180163315,0.006517018956660081,-0.00035785529488850415,0.9999675932408849,0.008042661724789884,5.164431681454146e-05,0.00039208814694468793,-0.008042521315260969,0.9999675815334097,-0.00635138146310573,0.0,0.0,0.0,1.0
1544581081891773000,0.9999998527345562,0.00038318027816026327,-0.00038432244619104216,0.006506129753304706,-0.0003800927597248614,0.9999679126852238,0.008001820383362836,0.00010940747847172625,0.00038737625407603217,-0.008001673126791975,0.999967911068554,-0.006387385277341435,0.0,0.0,0.0,1.0
1544581081917039000,0.9999997949293978,0.00030348583038417124,-0.0005639481480530275,0.01695323979580029,-0.0002989006931421446,0.9999670460395037,0.008112798124237049,0.0075187653225048156,0.0005663916830035146,-0.008112627896048306,0.999966931687783,-0.005257242954216958,0.0,0.0,0.0,1.0
1544581081992654000,0.9999998135817812,0.0003891937338182194,-0.00047049403791002165,0.0065438022936965224,-0.000385436474003852,0.9999682471035704,0.00795966226277034,0.00044744798342988024,0.00047357694903755055,-0.00795947943338128,0.999968210700731,-0.006678905138946646,0.0,0.0,0.0,1.0
1544581082017918000,0.9999997974285528,0.0004376274970679178,-0.00046219587638742264,0.006575622438591388,-0.00043394161381103203,0.9999683443232109,0.007944938399605812,0.0005286123889775758,0.000465658168770329,-0.007944736224163647,0.9999683316629571,-0.006766431295762878,0.0,0.0,0.0,1.0
1544581082093496000,0.9999997851470503,0.00045515484145808874,-0.00047174137285788077,0.006717635354996424,-0.0004514571710089896,0.9999694071434226,0.007809030903700654,0.0007726363983033172,0.0004752812591646408,-0.007808816254881678,0.9999693977799625,-0.007063181779403538,0.0,0.0,0.0,1.0
1544581082118800000,0.9999996516661166,0.0004152219616728411,-0.0007240568813688921,0.007077177679808883,-0.00040951190197926015,0.9999689582445171,0.007868598819282651,0.0010928727390876862,0.0007273016204095917,-0.007868299568472443,0.9999687799597794,-0.007571668233220397,0.0,0.0,0.0,1.0
1544581082194360000,0.9999996516661166,0.0004152219616728411,-0.0007240568813688921,0.007077177679808883,-0.00040951190197926015,0.9999689582445171,0.007868598819282651,0.0010928727390876862,0.0007273016204095917,-0.007868299568472443,0.9999687799597794,-0.007571668233220397,0.0,0.0,0.0,1.0
1544581082219635000,0.9999989704636493,0.0006294697425339957,-0.001289511334827716,0.020600035325953052,-0.0006196900156953526,0.9999711515753744,0.007570469028027656,0.012705528871227223,0.0012942395156471064,-0.0075696621366552926,0.9999705121448386,-0.007581828894506534,0.0,0.0,0.0,1.0
1544581082295173000,0.9999991245015238,0.0004929919581098825,-0.0012279882388486988,0.00760826207796315,-0.00048349869086002854,0.9999700905316697,0.007719084861705042,0.0013761883224882529,0.0012317569571341476,-0.007718484372952132,0.999969453420344,-0.008122449392349835,0.0,0.0,0.0,1.0
