1544580754879777642,-0.8516961522663182,0.22350865251670315,-0.4739805338459707,-0.0004729601884078158,0.4718889494964116,0.7204504924085561,-0.5082045920015259,6.95682084238283e-05,0.22789138544033793,-0.6565020717701009,-0.7190761755222097,0.0014285518388468296,0.0,0.0,0.0,1.0
1544580754900051000,-0.8541904316567659,0.2253240952945221,-0.4686019190589579,-0.12185453295237401,0.4697911811172155,0.7206757379795754,-0.5098261731532451,0.025108816342586642,0.22283391261323626,-0.6556336879441875,-0.7214495925719131,0.00798492528107494,0.0,0.0,0.0,1.0
1544580754911117000,-0.8553061020844906,0.22722984379021446,-0.46563727280803846,-0.18826780069059454,0.46941920041337337,0.720246593181849,-0.510774372196969,0.03879050162685348,0.21931047859211553,-0.655447513612656,-0.7226973577360605,0.01151018453377602,0.0,0.0,0.0,1.0
1544580755000927000,-0.8602233146704086,0.23239745041339696,-0.4538802418466905,-0.6629443374438256,0.4658181783101422,0.7202410183921327,-0.5140683808417739,0.13652621915748223,0.207434986569957,-0.6536392739629548,-0.7278230731983628,0.035634109283007746,0.0,0.0,0.0,1.0
1544580755011971000,-0.860385376281156,0.23281968815824158,-0.4533563687513731,-0.6738613650403421,0.46579520470609626,0.720212478529819,-0.5141291793340885,0.13877490435022835,0.20681351879009008,-0.6535204500058381,-0.7281065786475407,0.0361583116683577,0.0,0.0,0.0,1.0
1544580755101745000,-0.8676092466411892,0.23843594194455148,-0.4363513455138172,-1.1297818467133347,0.45927571303812825,0.7205905045756446,-0.5194373341691387,0.232797120725098,0.19057810618227758,-0.651074209521798,-0.7346988220621685,0.057481122284437726,0.0,0.0,0.0,1.0
1544580755112828000,-0.8679437461019271,0.2389788589025332,-0.4353880551877752,-1.1446121448211002,0.4590882810135409,0.7205138244318939,-0.5197093216775694,0.23585453190520692,0.18950357209979457,-0.6509600093709071,-0.7350778614277877,0.05815344044937139,0.0,0.0,0.0,1.0
1544580755202628000,-0.8778422279489625,0.2393093032912849,-0.41487839204740845,-1.5810310755365586,0.4459473293495237,0.7243753347270143,-0.5257483750665854,0.3259372911019765,0.17471119676663618,-0.6465380358473659,-0.7426066023992798,0.07582252787947158,0.0,0.0,0.0,1.0
1544580755213712000,-0.8781323199087607,0.23967725809051438,-0.4140512536943659,-1.5994806890394133,0.44570674614521294,0.7243693558879105,-0.5259605809290089,0.32972653077986824,0.17386525004241066,-0.6464084221332113,-0.7429179137851926,0.07647643833761608,0.0,0.0,0.0,1.0
1544580755303507000,-0.8869954594911543,0.23340544512457057,-0.39844818110800845,-2.0164458812273116,0.4302447506287256,0.7311012800775156,-0.5295095587668286,0.41485068256063284,0.16771556099093488,-0.6411028127026268,-0.7489049833899318,0.09047901374833868,0.0,0.0,0.0,1.0
1544580755314563000,-0.8873682763519112,0.23349463377788224,-0.39756483511644863,-2.0381368735324066,0.4297692063012261,0.7311410262852184,-0.5298407581507982,0.4192423816304207,0.16696098777693594,-0.641025003942537,-0.7491401556991961,0.09114545186086097,0.0,0.0,0.0,1.0
1544580755404346000,-0.8994744114864403,0.22734964547271835,-0.3731727773894493,-2.443728943073689,0.4091110775807583,0.7382066084647665,-0.5363572777726203,0.5003265644401339,0.15353797341972372,-0.6351087638525942,-0.7570092131511923,0.10322536632086526,0.0,0.0,0.0,1.0
1544580755415419000,-0.900026837570418,0.2274729822790735,-0.37176300782360705,-2.4684796139567737,0.4083210984381873,0.7383601644131379,-0.5367477509762255,0.5051889599409014,0.15239938393321387,-0.6348860605973886,-0.7574259817539342,0.10391742019869474,0.0,0.0,0.0,1.0
1544580755505191000,-0.9086105673090424,0.22738631599941952,-0.3503174278715803,-2.849900157574448,0.39396872057225657,0.7450523453333615,-0.5382245348587522,0.5796442062939768,0.13861992708483833,-0.6270506088103831,-0.7665455301582036,0.11389493906203525,0.0,0.0,0.0,1.0
1544580755516263000,-0.9090058099091136,0.2276400061656384,-0.3491252857419262,-2.876844827102687,0.3934190667939292,0.7451761200632295,-0.538455186594487,0.5849106113083996,0.13758588384884704,-0.6268114371008362,-0.7669273413336573,0.11453105417911502,0.0,0.0,0.0,1.0
1544580755606068000,-0.9151589574120911,0.2287933432186036,-0.331869987747112,-3.2425949668418483,0.3830800909015286,0.7498458343819397,-0.5394264255808465,0.6570145967519536,0.12543415253945334,-0.6207937103087516,-0.7738743067306217,0.12161802793029368,0.0,0.0,0.0,1.0
1544580755617108000,-0.9154324418884872,0.2301225070583602,-0.33019248338394164,-3.2717856898380844,0.38307614303864684,0.7498089129796823,-0.5394805489087277,0.6628737392837801,0.12343465061607681,-0.6203468592339282,-0.7745538465890445,0.1220505515714904,0.0,0.0,0.0,1.0
1544580755706942000,-0.9189336753724571,0.24204503948281728,-0.3114082515416599,-3.6230201717259067,0.3806868224429769,0.7507873892944077,-0.5398109292101797,0.735270804158023,0.1031428305057644,-0.6145994589472487,-0.7820671720363968,0.12485032011816455,0.0,0.0,0.0,1.0
1544580755717980000,-0.9192179111233209,0.24360816959709305,-0.3093436464122586,-3.6544313206548824,0.3806691624268483,0.7506316925509423,-0.5400398604874908,0.7418721813936222,0.10064502296348724,-0.6141718992624616,-0.7827282143305034,0.1248878446184361,0.0,0.0,0.0,1.0
1544580755807752000,-0.9199528873998701,0.2523579760607034,-0.3000035614508367,-3.993429752053232,0.3815636829174628,0.7520250619813996,-0.5374639169566033,0.8141479564707023,0.08997689060587935,-0.6089119460730055,-0.788118265926173,0.12353030192743597,0.0,0.0,0.0,1.0
1544580755818880000,-0.9201281141280186,0.2541879798218616,-0.29791395486833805,-4.026825117958614,0.3817116469483912,0.7521405864188776,-0.5371971303398925,0.8213204025891051,0.08752412338984088,-0.6080074088163318,-0.7890922117530337,0.12325014557802247,0.0,0.0,0.0,1.0
1544580755877419447,-0.9221620250327893,0.2579159284258446,-0.2882647627644717,-4.241029759511765,0.3787858244064324,0.7530929436316729,-0.5379333764332862,0.8672000927014486,0.07834857252154188,-0.6052523375555129,-0.7921686115136249,0.12070662365279002,0.0,0.0,0.0,1.0
1544580755908608000,-0.9232105330601399,0.2593746190253526,-0.2835614900727353,-4.345734039627429,0.37712532831013523,0.7533468886028178,-0.538743865096785,0.8893844138609254,0.07388368151214876,-0.6043122309186711,-0.7933145209614526,0.11915150724981995,0.0,0.0,0.0,1.0
1544580755919704000,-0.9235758222557564,0.2606728458018465,-0.2811714210337969,-4.380770247992626,0.3767626221120899,0.7530360410673725,-0.5394317820010233,0.8967424116366279,0.07111699602640931,-0.6041410334641593,-0.7936976657147461,0.11860406289469423,0.0,0.0,0.0,1.0
1544580756009480000,-0.9237445693553065,0.26437542716801665,-0.27713102333790546,-4.701081177061492,0.37723223337688194,0.7532012551609395,-0.5388726299650729,0.9620630245774461,0.0662707528859759,-0.6023234203762228,-0.7954965019270722,0.11348109145457243,0.0,0.0,0.0,1.0
1544580756020555000,-0.9236105209029989,0.2660363109282204,-0.27598602672052824,-4.738139826634829,0.37790218857252483,0.7526676612387962,-0.5391487063857366,0.9693916428735536,0.06429262437774459,-0.6022591410622351,-0.7957074748031463,0.11286164299875696,0.0,0.0,0.0,1.0
1544580756110334000,-0.9245619682458203,0.2646737385530771,-0.2741039565452584,-5.0174416180309445,0.37584254532666406,0.7517954022701294,-0.5417989057278251,1.0235401992188606,0.06267015235182549,-0.6039465913852233,-0.794557088419934,0.1079660643190311,0.0,0.0,0.0,1.0
1544580756121415000,-0.924618859569342,0.264563723459638,-0.27401824895042637,-5.022179919998333,0.37570819756941093,0.7517886878322848,-0.5419013924382826,1.0244445899188157,0.06263636968910727,-0.6040031498896156,-0.7945167588638954,0.10787932944587862,0.0,0.0,0.0,1.0
1544580756211201000,-0.928661044868296,0.2497207314510057,-0.27427763311598724,-5.296622683590353,0.36428516049783677,0.7533315420760546,-0.5475289120716662,1.076837985840024,0.06989267189912496,-0.6083840431806949,-0.7905592137328558,0.10245863519500117,0.0,0.0,0.0,1.0
1544580756222285000,-0.9287670773732729,0.2494638086039355,-0.27415237402642006,-5.304110781834745,0.3640112688494598,0.7533593987232554,-0.5476727239017277,1.0782875582387956,0.06991074408207981,-0.6084549486627155,-0.7905030444658252,0.10229232729055734,0.0,0.0,0.0,1.0
1544580756312039000,-0.9312360741081339,0.2370518861097011,-0.2767774874723659,-5.571399626718465,0.35575752842364994,0.7559561821527844,-0.5495150877226965,1.1312335149412536,0.07896806474504484,-0.6101939478205429,-0.7883066603762764,0.09613390820086905,0.0,0.0,0.0,1.0
1544580756323134000,-0.931257663832223,0.23677649764170391,-0.2769405237921609,-5.581347471552914,0.355633853537049,0.75603294942638,-0.5494895281987014,1.1332371028719441,0.07926995504059323,-0.6102057600073704,-0.7882672165463229,0.09589319192022101,0.0,0.0,0.0,1.0
1544580756412908000,-0.9331408561663109,0.2276375283032502,-0.27826120509550833,-5.839948991539251,0.3490783477233734,0.7588132351412784,-0.549860692653282,1.1858448220466047,0.08597935626612509,-0.6102324392249332,-0.7875429641699851,0.08961663367098958,0.0,0.0,0.0,1.0
1544580756423985000,-0.933170021862894,0.22738556977155303,-0.2783693822173453,-5.851978602287434,0.3489413245977666,0.7588782161622055,-0.5498579862313725,1.1883109662475921,0.08621868871861478,-0.6102455699914013,-0.7875066234778668,0.08933935210619534,0.0,0.0,0.0,1.0
1544580756513786000,-0.9345434009931981,0.21784436682084915,-0.28137601799815987,-6.100100549246006,0.3431069399188489,0.7613264381765613,-0.550145146586713,1.240113722545555,0.09437298045309431,-0.6106765808329441,-0.7862365128780143,0.08402884785163806,0.0,0.0,0.0,1.0
1544580756524840000,-0.9346325198036123,0.2168211150151799,-0.28186992923886195,-6.114134698476916,0.34258514058491996,0.7615656992670522,-0.5501391707107315,1.2430856411743334,0.09538068135612107,-0.6107424086989982,-0.7860637606712212,0.08375454664269248,0.0,0.0,0.0,1.0
1544580756614643000,-0.9340369481379653,0.20744165213247207,-0.2907626875540899,-6.351127447209252,0.3400655974108606,0.765427508884753,-0.5463296789485961,1.2939770627608849,0.10922622840106104,-0.6091704930502044,-0.7854813437798774,0.07970086932082218,0.0,0.0,0.0,1.0
1544580756625708000,-0.934110302725127,0.20671475947443393,-0.29104458517243476,-6.36649078618691,0.3396395690158893,0.7656650286857175,-0.5462618666961813,1.2973311170863429,0.10992227027071837,-0.6091190951391372,-0.7854241035487816,0.07946195032571561,0.0,0.0,0.0,1.0
1544580756715497000,-0.93155227296831,0.20170813881380492,-0.302529650553228,-6.590874183617882,0.3420149280061585,0.7685317932036808,-0.540726059901018,1.3469003239282247,0.12343480768619572,-0.6071842468076761,-0.7849147333819516,0.07655523804617204,0.0,0.0,0.0,1.0
1544580756726575000,-0.9314444012811907,0.20131032255535042,-0.303126180582572,-6.607443824289598,0.34203359119478827,0.7686744284442869,-0.540511466622346,1.3505660470914937,0.12419480591519838,-0.6071357155434894,-0.7848323853506423,0.07640889438849631,0.0,0.0,0.0,1.0
1544580756816349000,-0.9288040352526863,0.2009632662125549,-0.31134679977721913,-6.817501313185155,0.34625514880213637,0.7699783952259667,-0.5359483583455199,1.3971853078217917,0.13202437663682806,-0.6055964304042959,-0.7847436061894526,0.0752077907000332,0.0,0.0,0.0,1.0
1544580756827426000,-0.9285994939144739,0.20099365910485992,-0.31193673862085325,-6.834659814654806,0.3466156019811425,0.7699904816729741,-0.5356979396976149,1.4010214535062377,0.1325164305474092,-0.6055709761313378,-0.7846803097455116,0.07513749981511132,0.0,0.0,0.0,1.0
1544580756877590103,-0.9271018119738758,0.20263419247035508,-0.31531193170674704,-6.942434312553078,0.3495791312513262,0.7709175602421112,-0.5324289119722151,1.4252354324049967,0.1351912024812329,-0.6038422801959434,-0.7855557519485428,0.07480237268560479,0.0,0.0,0.0,1.0
1544580756917187000,-0.926167833323982,0.2045217122910592,-0.3168343632207564,-7.0231901200983256,0.3518002394081982,0.771194921092829,-0.5305610099064562,1.443272258572257,0.13582980552258306,-0.6028509458250495,-0.7862067164871677,0.0748326102335446,0.0,0.0,0.0,1.0
1544580756928290000,-0.9259758115453808,0.20476034750831174,-0.3172412276504162,-7.040849730255787,0.35220388876775466,0.7712288419818489,-0.5302438062176704,1.4471787695954232,0.1360926786044711,-0.6027265328352548,-0.7862566434992133,0.07487993047439351,0.0,0.0,0.0,1.0
1544580757018067000,-0.9246490049889364,0.20501365643531294,-0.32092618816170726,-7.218208177151149,0.35423816250371387,0.7723655776711338,-0.5272255102465446,1.4863889518556994,0.1397839110876914,-0.6011828466479732,-0.7867907238251246,0.07610136427627871,0.0,0.0,0.0,1.0
1544580757029147000,-0.9245865389984453,0.2052738427782967,-0.320939840739509,-7.235663295972867,0.3544275202579186,0.772419750496327,-0.527018843996124,1.4902395115578777,0.13971708838468266,-0.6010244408626152,-0.7869236028351713,0.07626881556072153,0.0,0.0,0.0,1.0
1544580757118940000,-0.9244548760273182,0.20768829052369372,-0.3197635941890111,-7.39606990679115,0.3556384924126313,0.7720799191516777,-0.5267009219255377,1.5255733211550395,0.13749343585713042,-0.6006314780479637,-0.7876149964761419,0.07820251885996149,0.0,0.0,0.0,1.0
1544580757130025000,-0.9243931650987117,0.20822263475511255,-0.31959444722088015,-7.4130817415131265,0.3559421983862234,0.772076426153817,-0.5265008486085552,1.5292952995156432,0.13712194473082615,-0.6004509360082513,-0.7878173936389405,0.07845850807091793,0.0,0.0,0.0,1.0
1544580757219789000,-0.9237026816695922,0.2118915321760965,-0.3191791573215288,-7.5413281714109734,0.35857276900927826,0.7715291743990778,-0.5255171760999786,1.556843350183306,0.13490339210498994,-0.5998705790778054,-0.78864210080075,0.08047927645738506,0.0,0.0,0.0,1.0
1544580757230833000,-0.9235838920748325,0.2125005874905304,-0.31911799481708886,-7.557715084934848,0.3590397233204927,0.7713234404541377,-0.5255003589760255,1.5602400851546423,0.13447405466425244,-0.59991970339552,-0.7886780573212271,0.08077579705340839,0.0,0.0,0.0,1.0
1544580757320628000,-0.9232943394452943,0.21918178012781084,-0.3154154561975267,-7.672046191543835,0.36244263331510906,0.7689891757341353,-0.5265842621645157,1.5830545956283926,0.1271333957066311,-0.6005122770299863,-0.7894441746142381,0.08307614821988661,0.0,0.0,0.0,1.0
1544580757331718000,-0.9232986160632985,0.21935429647507698,-0.31528298113522996,-7.674432904277034,0.3625014247847722,0.7689655824050802,-0.5265782468972883,1.5835177977519723,0.12693456032382794,-0.6004794964812172,-0.7895011030398,0.08312626330688862,0.0,0.0,0.0,1.0
1544580757421504000,-0.9237866722921833,0.2248496600076541,-0.30993679112003675,-7.7763324507490355,0.36423602258198995,0.7656872226846527,-0.5301463919250207,1.6026737272183251,0.11811140482186612,-0.6026323152735035,-0.7892299973005946,0.0855681828429263,0.0,0.0,0.0,1.0
1544580757432551000,-0.9237874119399808,0.2250597454892421,-0.3097820661393198,-7.779274212039183,0.3643261153847093,0.7655799792065707,-0.5302393582965627,1.6032087532835557,0.11782741272690539,-0.6026901412818874,-0.7892282904278706,0.08564279842420121,0.0,0.0,0.0,1.0
1544580757522323000,-0.925252592370861,0.22832608833120094,-0.30294362131984565,-7.868606293889993,0.3634770779814082,0.7621897875571254,-0.5356782070662592,1.6192272230751106,0.10859122475184627,-0.6057507120350717,-0.7882093762293689,0.08784659508886906,0.0,0.0,0.0,1.0
1544580757533428000,-0.9253063406671475,0.22853874266922575,-0.3026189336778805,-7.872022207529926,0.36347402465701817,0.7620514714475488,-0.535877027184644,1.6198290697928817,0.1081425416790158,-0.6058445328331302,-0.7881989550331872,0.08793150073387457,0.0,0.0,0.0,1.0
1544580757623201000,-0.9269158499016747,0.22926805662737654,-0.29709117356692444,-7.9490062936102905,0.3610143497939647,0.7609082143036794,-0.5391542716588915,1.633215701351683,0.1024482622786074,-0.607004816797603,-0.7880669425503103,0.08975907946213606,0.0,0.0,0.0,1.0
1544580757634283000,-0.9269859666070502,0.22928955106544663,-0.2968557216659189,-7.952695035914843,0.36090564568868017,0.7608368187019211,-0.5393277762340565,1.6338463790333064,0.10219653919592811,-0.6070861858745779,-0.7880369472915791,0.0898406660045075,0.0,0.0,0.0,1.0
1544580757724070000,-0.9279767306763043,0.22910047805553166,-0.29389140558725624,-8.017664284227623,0.3590172207648722,0.7609572476481566,-0.5404171559508566,1.6448909928105921,0.0998289663253713,-0.6070066212212752,-0.7884016357643694,0.09111868466619187,0.0,0.0,0.0,1.0
1544580757735158000,-0.928026555998959,0.22911364660811578,-0.2937237618896996,-8.021289032252135,0.3589136689840743,0.7610539171664519,-0.5403498064975911,1.645490211644958,0.09973810494036947,-0.6068804430063035,-0.7885102651959436,0.0911638333619134,0.0,0.0,0.0,1.0
1544580757824915000,-0.9288851495896541,0.2288564600716341,-0.291199415444633,-8.073889774119946,0.3571889927958777,0.7614221236924659,-0.5409735418457396,1.6539091137990758,0.09792038754662431,-0.6065155152468349,-0.7890187117347582,0.09144897942894413,0.0,0.0,0.0,1.0
1544580757836002000,-0.9289260464368612,0.22882500472337164,-0.2910936575477519,-8.077179354857364,0.3571041775374888,0.7614183356021199,-0.5410348644904195,1.6544100483425255,0.0978417428118137,-0.6065321388205602,-0.789015689287167,0.09141727799826421,0.0,0.0,0.0,1.0
1544580757878701318,-0.9292573626758803,0.22878851043699536,-0.29006304729262394,-8.096618075362771,0.35647469288454003,0.7614273777947989,-0.5414371077765213,1.6572989559159417,0.09698735611168592,-0.6065345545280617,-0.7891193109523487,0.09106218146099446,0.0,0.0,0.0,1.0
1544580757925794000,-0.9296831056775663,0.22859962969280123,-0.2888451701552854,-8.116323228766527,0.3556519005168665,0.7612362436788875,-0.542246352655692,1.6600578172804852,0.09592209691443236,-0.6068456069001175,-0.7890103679354031,0.0902481382444693,0.0,0.0,0.0,1.0
1544580757936888000,-0.9297691730939822,0.22857379213148937,-0.2885884722485582,-8.119012307309157,0.35548381465309137,0.761228388528999,-0.5423675856992417,1.660422175756082,0.09571072188533965,-0.6068651926483916,-0.7890209728949025,0.09008538453431505,0.0,0.0,0.0,1.0
1544580758026632000,-0.9304658069674501,0.2285240304548267,-0.2863741426335509,-8.145567026393657,0.35407920168456275,0.7617098320734778,-0.5426104041179265,1.6636885887231827,0.09413448357983491,-0.6062795553433041,-0.7896605598444671,0.0872908082748701,0.0,0.0,0.0,1.0
1544580758037724000,-0.9305283108847513,0.22852335259001194,-0.28617152192869805,-8.147330420484417,0.3539579096910023,0.7617266866792295,-0.5426658759935575,1.6638640000995069,0.09397265990245611,-0.6062586346780573,-0.7896958953098054,0.08697242524019363,0.0,0.0,0.0,1.0
1544580758127505000,-0.9312407856590144,0.22859329599972042,-0.2837881325023561,-8.160398848453308,0.3524130423120005,0.7630874117205201,-0.5417588482729947,1.6646831064069225,0.0927127107444839,-0.6045185746506573,-0.7911773797125032,0.08289354693082938,0.0,0.0,0.0,1.0
1544580758138562000,-0.9313039119469101,0.22861881201510342,-0.28356033288381116,-8.161010472237656,0.3522707314091396,0.7632781396552807,-0.5415826929628008,1.664635413849037,0.09261941149049117,-0.6042680864626021,-0.7913796334869753,0.08245134241273164,0.0,0.0,0.0,1.0
1544580758228345000,-0.9321891795164617,0.2286997548672014,-0.2805704113339769,-8.161354122420363,0.3503647285532538,0.7647985068896754,-0.540673469707115,1.6629902291810637,0.09092794168042849,-0.6023119341196911,-0.7930652201671373,0.07748473151145596,0.0,0.0,0.0,1.0
1544580758239429000,-0.932294484664348,0.2287266753827436,-0.2801983258921982,-8.160994724198767,0.350135583367871,0.7650235366275614,-0.5405035260435356,1.6627749068833175,0.09073073968658284,-0.6020158605669897,-0.793312571753223,0.07690615103551057,0.0,0.0,0.0,1.0
1544580758329213000,-0.9333703747192023,0.22837325801860614,-0.27688517226191856,-8.156878957288667,0.34746784593489066,0.7682286641323416,-0.5376716615619687,1.661910097106541,0.08992129690964051,-0.5980554946051441,-0.7963942401440876,0.07181179310303461,0.0,0.0,0.0,1.0
1544580758340277000,-0.9335208776657419,0.2283272703091311,-0.2764153190316325,-8.156383002795536,0.34710521109714015,0.7686065379893413,-0.5373657620180545,1.661994052957783,0.08975936380895366,-0.5975873554495745,-0.7967638352833256,0.07130518883675097,0.0,0.0,0.0,1.0
1544580758430073000,-0.9348007603524006,0.2286856633368894,-0.27175431151823803,-8.153462460861569,0.3443205680594738,0.7711929550338076,-0.5354481977908104,1.6636468011900611,0.08712568424859196,-0.5941079813387372,-0.7996529382512249,0.0678553240788842,0.0,0.0,0.0,1.0
1544580758441165000,-0.9348221166023769,0.22868404813982499,-0.2716821974981614,-8.15343059486805,0.34427261937286097,0.7712297724371094,-0.5354260001687899,1.6636840174470962,0.08708601415380723,-0.5940608085314021,-0.7996923045183189,0.06780239031954147,0.0,0.0,0.0,1.0
1544580758530930000,-0.9356162991673014,0.2300365463082798,-0.26777850566289135,-8.151680859782607,0.3427592738479417,0.7734962304760495,-0.5331225577956505,1.666254526403401,0.08448799277840609,-0.5905817206804663,-0.8025428401489664,0.06432159027195153,0.0,0.0,0.0,1.0
1544580758542015000,-0.9356259253352092,0.2300861870887579,-0.2677022120782467,-8.15163788102963,0.34274681084251185,0.7735481993326895,-0.5330551631552182,1.6663251382670297,0.08443193411214563,-0.590494309727118,-0.802613056635622,0.0642286820844912,0.0,0.0,0.0,1.0
1544580758631782000,-0.9361769998617471,0.22896677148390762,-0.26673365458093734,-8.150193208254962,0.340888091836998,0.7765964234556794,-0.5298049678132336,1.6690087618333629,0.08583666916648444,-0.5869175518180425,-0.8050837556393204,0.060265350886331774,0.0,0.0,0.0,1.0
1544580758642853000,-0.936199834772919,0.2289049249442912,-0.266706589171323,-8.150154727466635,0.34080695099541763,0.7767181572000376,-0.5296787011283157,1.6691047541528794,0.08590978712789096,-0.5867805719449326,-0.8051757999739059,0.06011260805575944,0.0,0.0,0.0,1.0
1544580758732634000,-0.9368094249408684,0.22769420966799828,-0.26560016608736003,-8.149473517717984,0.3389073533427663,0.7789847459962354,-0.5275647556038817,1.6716180345101486,0.08677503784020148,-0.5842414846524036,-0.8069274939044888,0.05582974948232798,0.0,0.0,0.0,1.0
1544580758743696000,-0.9368280173923285,0.22763550270979083,-0.26558490871059387,-8.14944726892955,0.3388409717672458,0.7790663604267766,-0.5274868736785779,1.671721553677552,0.08683352855080073,-0.5841555306229936,-0.8069834288025898,0.055643361500809625,0.0,0.0,0.0,1.0
1544580758833492000,-0.9371830189439921,0.22722650938067207,-0.2646811335129675,-8.148299725969443,0.337876676242983,0.7799914737269645,-0.5267377455282992,1.6736528572629366,0.08676024812106072,-0.5830792522015449,-0.8077693018418399,0.0521058495591528,0.0,0.0,0.0,1.0
1544580758844558000,-0.9372021213567151,0.22718902003690705,-0.2646456742498124,-8.148192445765062,0.33782514890413656,0.7800076522544903,-0.5267468378569826,1.6737441697958744,0.08675455315063553,-0.583072218167786,-0.8077749908907379,0.051951175992006715,0.0,0.0,0.0,1.0
1544580758877276829,-0.9373673243539995,0.2269162434255455,-0.26429437697964175,-8.147475243553421,0.33739747271315307,0.7801274934818199,-0.5268434675693957,1.6742349014088054,0.08663396932033147,-0.5830181063941392,-0.8078269882693915,0.051135475860089985,0.0,0.0,0.0,1.0
1544580758934352000,-0.9377697249604009,0.22661648045198582,-0.26312148094607746,-8.145761267993992,0.336470665342857,0.7803575906447064,-0.5270953633707343,1.6751228342386473,0.08588034880830966,-0.5828267336959948,-0.8080455211049768,0.049970460537271735,0.0,0.0,0.0,1.0
1544580758945427000,-0.9378192756798643,0.2266115736950549,-0.2629490460730761,-8.145578789356888,0.3363638356680612,0.7803989251390556,-0.5271023503044469,1.6752090832177227,0.08575765982091575,-0.5827732940940701,-0.8080970928501029,0.04987921268484391,0.0,0.0,0.0,1.0
1544580759035190000,-0.9385224038629686,0.22628493915208878,-0.26071214732002823,-8.142967808932395,0.3346772897830029,0.7815997301630259,-0.5263962134291931,1.6763802522044202,0.08465700886983994,-0.5812890744904999,-0.809281287765376,0.0487630077724365,0.0,0.0,0.0,1.0
1544580759046281000,-0.9385700888029185,0.22627900846084667,-0.26054557899617764,-8.142786069072466,0.3345678112240952,0.7816782456279311,-0.5263492186797213,1.676454768118795,0.08456103178885686,-0.5811857970064398,-0.8093654930010254,0.0486984487666863,0.0,0.0,0.0,1.0
1544580759136055000,-0.9392100334478128,0.22709645742517562,-0.25751060579304996,-8.14029219766239,0.3334555318008362,0.7820246439752556,-0.5265404680808485,1.677213147206485,0.0818041648230055,-0.5804004266369128,-0.8102119620058038,0.048126425338653224,0.0,0.0,0.0,1.0
1544580759147161000,-0.9392596628278956,0.22719355384061046,-0.25724380435240474,-8.140063339937075,0.33337772126956156,0.782054731762173,-0.5265450517187535,1.6772620222326926,0.08155109285312898,-0.5803218810467725,-0.810293732934419,0.04811587793944861,0.0,0.0,0.0,1.0
1544580759236927000,-0.939906536061359,0.2279108614576385,-0.2542289179042852,-8.137198731999625,0.3322436442947743,0.7820941652736009,-0.5272028807496413,1.6774936525039368,0.07867569062216109,-0.5799873756165951,-0.8108173529411496,0.04851551229011757,0.0,0.0,0.0,1.0
1544580759247997000,-0.9399732767167746,0.22795664314315128,-0.2539409535802208,-8.136939521192682,0.33211315527881724,0.7821301296382095,-0.527231744494639,1.6774815732303978,0.07842889231064291,-0.579920881809768,-0.8108888207959871,0.048604505027369925,0.0,0.0,0.0,1.0
1544580759337793000,-0.9410413145669725,0.22759606444225314,-0.25028239196650043,-8.13452618234732,0.3298050672151176,0.7819090428397922,-0.5290055447389898,1.6770823210803207,0.07529848549145338,-0.5803604743396621,-0.8108710488770263,0.049923703986104684,0.0,0.0,0.0,1.0
1544580759348853000,-0.9411567073712257,0.2275386606057045,-0.24990040035964387,-8.134323564987685,0.32955407656116387,0.781840486704554,-0.5292632274884581,1.677023338393839,0.07495440475427087,-0.580475332188495,-0.8108207113342563,0.050092488187193085,0.0,0.0,0.0,1.0
1544580759438652000,-0.9415211480000126,0.22944965482479637,-0.24676057985328623,-8.13275147074122,0.32929110587953775,0.7818417729491454,-0.5294249802005679,1.6762272783017504,0.07145135028380521,-0.5797208793656812,-0.8116762942023722,0.05197133991097661,0.0,0.0,0.0,1.0
1544580759449734000,-0.9415612623433322,0.229710274930765,-0.2463647272757589,-8.132616662655824,0.3292691991707522,0.7818787760744894,-0.5293839570686899,1.6761353223344466,0.0710224171081105,-0.5795677433359162,-0.8118232856679064,0.052211068409778974,0.0,0.0,0.0,1.0
1544580759539510000,-0.9421949856603203,0.22951352463353716,-0.24411503642104912,-8.131893717996368,0.3276955888439379,0.7831531900444895,-0.528475810208346,1.675159741633877,0.06988712362648723,-0.5779226790267274,-0.8130935782662282,0.05465251277833658,0.0,0.0,0.0,1.0
1544580759550569000,-0.9422721139930796,0.22944844445967788,-0.24387840110604736,-8.131867621399486,0.32748905870655204,0.7833389968347921,-0.5283284323840169,1.6750246684431882,0.0698153250977511,-0.5776966568822175,-0.8132603476185253,0.054981516164616155,0.0,0.0,0.0,1.0
1544580759640354000,-0.9429131910409263,0.22985380579368012,-0.24100195460449803,-8.132308220270877,0.32621295800596123,0.7831911895402198,-0.5293360621151562,1.6737576054178094,0.06708069908720402,-0.577735915958786,-0.8134625936213835,0.057638250811329936,0.0,0.0,0.0,1.0
1544580759651436000,-0.9429259840830059,0.229857565466145,-0.2409483100979706,-8.132329926277476,0.32618707750546805,0.7831803027243041,-0.5293681175638596,1.6737278552145098,0.06702670370481312,-0.5777491782968105,-0.8134576251826691,0.05769637689576526,0.0,0.0,0.0,1.0
1544580759741223000,-0.9435128787740096,0.23007788363393797,-0.23842737898597294,-8.134070084844934,0.32494831411625025,0.7831550568724109,-0.5301667191065292,1.6720373964562165,0.06474597084451858,-0.5776957022150149,-0.8136803026383858,0.06077768697636991,0.0,0.0,0.0,1.0
1544580759752305000,-0.9435316101396884,0.23008022318346635,-0.23835098398590424,-8.134142161543696,0.3249061205660344,0.7831650393425766,-0.5301778324017938,1.67198249748096,0.06468472374473125,-0.5776812374063932,-0.8136954433095261,0.06087650485088821,0.0,0.0,0.0,1.0
1544580759842082000,-0.9443838039594302,0.2294727998688195,-0.23554503802774837,-8.13715911327301,0.32287661598897177,0.7828933380327324,-0.5318164270793819,1.6700789066104125,0.06236923654045106,-0.5782908052047259,-0.8134431897489974,0.06420059632363542,0.0,0.0,0.0,1.0
1544580759853165000,-0.9444221911633215,0.22944821985355246,-0.23541503614744377,-8.137306070532189,0.3227856207846869,0.7828776702892307,-0.5318947230205859,1.6700034549298628,0.06225887770359385,-0.5783217683682134,-0.8134296308707668,0.06433927821503498,0.0,0.0,0.0,1.0
1544580759877091427,-0.9445114077115375,0.22941234071155792,-0.23509185147939435,-8.138111340362954,0.32254652218841745,0.7831444889443661,-0.5316469227412299,1.6696007525427945,0.062144522903652494,-0.5779746424933424,-0.8136850563379978,0.06506069435415529,0.0,0.0,0.0,1.0
1544580759942940000,-0.9448358591759461,0.22929976055966894,-0.2338948888337268,-8.141587177924173,0.3216708685908615,0.784201246295709,-0.5306187497707381,1.6681152147161014,0.061749911054701546,-0.5765847943846035,-0.8147005114575501,0.06780267329903737,0.0,0.0,0.0,1.0
1544580759954044000,-0.9448686113670135,0.22928253671346,-0.23377943795725176,-8.141851404309548,0.32158315222505457,0.7842873279006497,-0.5305446856763819,1.668012604703866,0.06170561934188244,-0.5764745490068878,-0.8147818793327085,0.067992144227995,0.0,0.0,0.0,1.0
