1544580754879777642,-0.7658308546011796,-0.18465900731713453,-0.6159579150863127,-4.493492124598432e-05,0.6083410457331105,0.10236012751639058,-0.7870473787334378,-1.1486923724624216e-05,0.20838491840143372,-0.9774576488582382,0.03394510968237958,-0.00012603688617168125,0.0,0.0,0.0,1.0
1544580754900051000,-0.7658308546011796,-0.18465900731713453,-0.6159579150863127,-4.493492124598432e-05,0.6083410457331105,0.10236012751639058,-0.7870473787334378,-1.1486923724624216e-05,0.20838491840143372,-0.9774576488582382,0.03394510968237958,-0.00012603688617168125,0.0,0.0,0.0,1.0
1544580754911117000,-0.7821834834276182,-0.1644403500351639,-0.600956212658918,0.00519563589199261,0.5946270276808214,0.09097197193702526,-0.7988384056073907,-0.00819636856239735,0.18603143875299885,-0.9821830132934509,0.02662390266822097,0.03816392637479205,0.0,0.0,0.0,1.0
1544580755000927000,-0.7801477184791722,-0.1633355414021373,-0.603896545996591,-0.20363869091567513,0.596826436977609,0.09504569738475248,-0.7967211052390029,0.09437947276422912,0.1875306414332111,-0.9819815763666433,0.023333285240871176,0.16792567793259258,0.0,0.0,0.0,1.0
1544580755011971000,-0.780249378493865,-0.16293639868768664,-0.6038730308124605,-0.20737566571340008,0.5967907726929653,0.09505628505513798,-0.7967465571309664,0.09616871987298381,0.1872209416397522,-0.9820468586855728,0.023071331936426364,0.17104492870037116,0.0,0.0,0.0,1.0
1544580755101745000,-0.8119816522360631,-0.13684622407820238,-0.5674142291021009,-0.9229191363495923,0.5615571917048059,0.08196561171654217,-0.8233681794559138,0.25617514610667586,0.15918328076970978,-0.9871953957811354,0.010292408460626594,0.2877112446278877,0.0,0.0,0.0,1.0
1544580755112828000,-0.785580902786157,-0.14665051798084194,-0.601129163120241,-0.38451904126897724,0.5939033948242199,0.09387850120222284,-0.7990404148904441,0.18426449249172255,0.1736127955939847,-0.9847235411972106,0.013347082754900498,0.3207486307444132,0.0,0.0,0.0,1.0
1544580755202628000,-0.837073751831278,-0.1125507078136928,-0.5353875905974502,-1.484040418854588,0.5307894240318842,0.07002657596978837,-0.8446057458920394,0.31102361774462284,0.13255233430991503,-0.9911753713791466,0.0011233166998821746,0.355708776656747,0.0,0.0,0.0,1.0
1544580755213712000,-0.7856496961931725,-0.13750431626006432,-0.6031974120314394,-0.5557206378978399,0.5955262791902163,0.09610566677142733,-0.797566393228974,0.2746154312988694,0.16763951105103758,-0.985827704938481,0.0063820459335366935,0.46671873768355127,0.0,0.0,0.0,1.0
1544580755303507000,-0.8569316365612358,-0.09273748631619569,-0.507018667202924,-1.9630617499382135,0.5036327684888926,0.05860294472120487,-0.8619279142562988,0.43996476481537394,0.10964581508060284,-0.9939645132004241,-0.0035130803511234615,0.375899972616377,0.0,0.0,0.0,1.0
1544580755314563000,-0.7842287952584358,-0.1288581086898019,-0.6069438067172198,-0.7216757922427869,0.5988145227625586,0.0990059767099737,-0.7947446029413178,0.36659134997777015,0.16250035081855452,-0.986708368465875,-0.00048123097947668685,0.6095842667375365,0.0,0.0,0.0,1.0
1544580755404346000,-0.8722881501831166,-0.07378287326735061,-0.48339370151309724,-2.3427209037905774,0.48121457889348435,0.04608745508596323,-0.8753904703297063,0.45727287169886166,0.08686720963910581,-0.9962088305652175,-0.004696146654682151,0.35239395016876646,0.0,0.0,0.0,1.0
1544580755415419000,-0.7860178057288548,-0.11745422768689794,-0.6069435834372686,-0.8863198105563808,0.5987955604173281,0.09942603200863062,-0.7947064495670809,0.46140571400181973,0.15368762442596626,-0.9880885428733059,-0.007819561420589547,0.753386703221569,0.0,0.0,0.0,1.0
1544580755505191000,-0.8861470650740408,-0.05485923637737938,-0.4601454587896689,-2.7275803377227072,0.4584554550002817,0.040943144895365755,-0.8877737632226824,0.5591112696101584,0.06754239291843944,-0.997654310405247,-0.01113113150956959,0.30533398780598153,0.0,0.0,0.0,1.0
1544580755516263000,-0.7858795819102086,-0.10401042534484527,-0.60956961387213,-1.0466165305958735,0.6019170085423965,0.09727598896214001,-0.7926116935794055,0.5568694216879738,0.14173636641317355,-0.9898076648475812,-0.013841569454677767,0.893595235399099,0.0,0.0,0.0,1.0
1544580755606068000,-0.8970870383614477,-0.03825115687817104,-0.44019506426284405,-3.0167098577583995,0.4389665284144431,0.03655226942032633,-0.8977596106597774,0.6726129817485504,0.050430472292666104,-0.9985994094719408,-0.015999589577023507,0.2890282049278492,0.0,0.0,0.0,1.0
1544580755617108000,-0.7865943924511237,-0.09036371954421037,-0.610822118095425,-1.2074209353275434,0.6041275098410582,0.09190756013522929,-0.7915699288396643,0.6560937810844454,0.12766837360008237,-0.9916589124190461,-0.017702762558016203,1.0300563913244833,0.0,0.0,0.0,1.0
1544580755706942000,-0.9051370895549636,-0.02603861748006384,-0.42432162272467394,-3.46573246366205,0.4235278041088212,0.031067331027029375,-0.9053502195778259,0.7637931875508329,0.03675660836819241,-0.9991780678850928,-0.017092115102684675,0.16849488202322174,0.0,0.0,0.0,1.0
1544580755717980000,-0.7880500603176768,-0.07615831544502932,-0.6108821600127807,-1.3712250356481237,0.6050172383797257,0.08748758389954102,-0.7913912205267306,0.7610240561957451,0.11371562644015315,-0.9932501364973454,-0.022867502078877257,1.1597724623152785,0.0,0.0,0.0,1.0
1544580755807752000,-0.9104228626508309,-0.015095764713045603,-0.4134033491039969,-3.8588781493944313,0.4129660804749154,0.025473850465360676,-0.9103900808552634,0.8662522035869047,0.02427400955463591,-0.9995615042758496,-0.01695793707809514,0.17080031595279874,0.0,0.0,0.0,1.0
1544580755818880000,-0.7843041840235883,-0.06646157428344238,-0.6168061332921875,-1.5408460558825203,0.6111073985283209,0.0884582698563148,-0.7865893985797014,0.8727796803720649,0.10683957313206424,-0.9938601479271597,-0.028763031397344114,1.283719708899763,0.0,0.0,0.0,1.0
1544580755877419447,-0.9145611911672351,-0.003796009795546312,-0.40442974410940435,-4.241705522158704,0.40419300937892544,0.026893356662505852,-0.9142782719372856,0.8675149693763098,0.01434708262938942,-0.9996311007952153,-0.023061299680853985,0.13764415937533672,0.0,0.0,0.0,1.0
1544580755908608000,-0.9145611911672351,-0.003796009795546312,-0.40442974410940435,-4.241705522158704,0.40419300937892544,0.026893356662505852,-0.9142782719372856,0.8675149693763098,0.01434708262938942,-0.9996311007952153,-0.023061299680853985,0.13764415937533672,0.0,0.0,0.0,1.0
1544580755919704000,-0.7804561236313999,-0.06767535362028272,-0.6215370347763846,-1.717613065734876,0.6151633345727583,0.09438410149417814,-0.7827296552338219,0.991198837720144,0.11163472077975636,-0.9932329474486378,-0.032031253783135205,1.4043084339414076,0.0,0.0,0.0,1.0
1544580756009480000,-0.9174842956977485,0.002182763029464711,-0.39776601500576125,-4.623153127654933,0.3976936733988877,0.02487797190109563,-0.9171809138074036,0.9100544840965544,0.00789362315453445,-0.9996881123928815,-0.023693219575412348,0.08658616864204714,0.0,0.0,0.0,1.0
1544580756020555000,-0.7768123496754986,-0.07067677106354886,-0.6257534398017047,-1.9016196576448858,0.6183996046618727,0.10205080970494762,-0.7792095746284177,1.1152936247408158,0.1189306619239579,-0.9922653003459284,-0.03556784198871062,1.5248866931560536,0.0,0.0,0.0,1.0
1544580756110334000,-0.9189794137485212,0.005479012338135035,-0.39426744416731263,-4.954300296398739,0.3942906633961512,0.02144668867121059,-0.9187354963773112,0.9886844978077752,0.003421968008116097,-0.9997549799670109,-0.0218693887914749,0.008379861677842035,0.0,0.0,0.0,1.0
1544580756121415000,-0.7742773958619681,-0.08504211409198771,-0.6271063331588825,-2.0738179380609334,0.6174599648723238,0.11566275922921833,-0.7780522591107552,1.231844623609951,0.1387000578121002,-0.9896413314722949,-0.03704495923430034,1.6332066151559705,0.0,0.0,0.0,1.0
1544580756211201000,-0.9195357054428234,0.009525214100477004,-0.3928910239648057,-5.323062290650285,0.3929993481098593,0.01626724417079276,-0.9193948494266828,1.0264051503544485,-0.0023661785643167483,-0.999822307744444,-0.01870171477629477,0.12822242461885727,0.0,0.0,0.0,1.0
1544580756222285000,-0.7709703606441859,-0.10621296841168429,-0.6279518360108131,-2.2510731336131986,0.6147977065002802,0.13321600937303285,-0.777352735203727,1.352492132898829,0.1662181791807595,-0.9853792671798531,-0.0374061054098164,1.73922972641857,0.0,0.0,0.0,1.0
1544580756312039000,-0.920129050944347,0.010295437820740033,-0.3914799274143387,-5.654102918022811,0.3916048598843813,0.01689595411264193,-0.9199783478156188,1.0548948712309223,-0.0028571529867501794,-0.9998042461875727,-0.01957820170770381,0.055643381857731225,0.0,0.0,0.0,1.0
1544580756323134000,-0.7630240765531046,-0.12992902372304696,-0.6331766794463168,-2.430439757074179,0.6154117733202404,0.153499980750184,-0.7731145485427943,1.4764907332126054,0.19764262662472437,-0.9795693975947134,-0.037164330167660437,1.8409812246929327,0.0,0.0,0.0,1.0
1544580756412908000,-0.919784847540817,0.00988878269746611,-0.3922984147445388,-5.8885962813165555,0.3924188943825792,0.0185883160767205,-0.919598763503402,1.1192887369995155,-0.0018015454114757544,-0.9997783186697892,-0.02097779664159724,-0.010529606318270261,0.0,0.0,0.0,1.0
1544580756423985000,-0.7564852183454018,-0.15519641643242216,-0.635329982569253,-2.6094303348370262,0.6117975387443307,0.17542386500499677,-0.7713172104738032,1.601211737985552,0.231157708094042,-0.9721833880051859,-0.037756775226004034,1.9393392903909563,0.0,0.0,0.0,1.0
1544580756513786000,-0.918701965660821,0.006453460607087022,-0.39489878594032035,-6.086640740080002,0.3949505235223739,0.017250544920968353,-0.9185404197254093,1.1667781613484227,0.0008844548313843072,-0.9998303713861272,-0.018396907172913864,-0.06216452944498303,0.0,0.0,0.0,1.0
1544580756524840000,-0.7501542494488096,-0.18440728822360472,-0.6350295694563468,-2.784808073279417,0.6044327373115179,0.19827521290598646,-0.7715879768459258,1.7251118345379772,0.26819706952164907,-0.9626426605948333,-0.037275191520605,2.0341935483812263,0.0,0.0,0.0,1.0
1544580756614643000,-0.9183788153960549,0.005407740221868996,-0.39566539876192297,-6.367735459651415,0.39569862849533866,0.016888408246699845,-0.918225123307896,1.340041101444277,0.0017166358513416012,-0.9998427566435565,-0.0176497917485814,0.0709807209797135,0.0,0.0,0.0,1.0
1544580756625708000,-0.7441122128720995,-0.20677999165123245,-0.635247235104024,-2.9546626022243054,0.5974763777865748,0.21940451757900256,-0.7712869995358129,1.8466284796768004,0.2988628324861134,-0.9534692930129667,-0.039715420679329094,2.125371391069759,0.0,0.0,0.0,1.0
1544580756715497000,-0.9163820478210147,0.0012262999667845115,-0.4003029335637655,-6.566236309431549,0.40027034216903556,0.015929836904790533,-0.9162586389639489,1.335195628955636,0.005253152505652169,-0.9998723600963156,-0.015088668071573419,0.07497677557101211,0.0,0.0,0.0,1.0
1544580756726575000,-0.7350399468660082,-0.22303904641409694,-0.6402888881480824,-3.1171253760553053,0.5967652659766847,0.23545347549654683,-0.7670937870954068,1.9637691414574119,0.3218501108202226,-0.9459467451454598,-0.039965754261905,2.213056190425346,0.0,0.0,0.0,1.0
1544580756816349000,-0.9133723855960784,-0.00496310599566553,-0.40709489410874045,-6.794278367096626,0.40700406862687494,0.013253560501616014,-0.913330187421394,1.3538628646253694,0.009928411338182293,-0.9998998503414748,-0.010085431839740476,0.07502358954854203,0.0,0.0,0.0,1.0
1544580756827426000,-0.7276364086122842,-0.23275434657174673,-0.6452679063875568,-3.2698931578174366,0.5982661017803794,0.2448754483012542,-0.7629637516158708,2.0741163575559995,0.335593397316345,-0.9412021190855973,-0.038931256163329035,2.29794907387095,0.0,0.0,0.0,1.0
1544580756877590103,-0.9111526583550341,-0.010258006373223808,-0.41194126581079926,-6.943350585651645,0.4117627809503105,0.015865423093549446,-0.9111529512513941,1.4251158494491982,0.015882235252699557,-0.9998215148991887,-0.010231957196370248,0.05917187284880902,0.0,0.0,0.0,1.0
1544580756917187000,-0.9111526583550341,-0.010258006373223808,-0.41194126581079926,-6.943350585651645,0.4117627809503105,0.015865423093549446,-0.9111529512513941,1.4251158494491982,0.015882235252699557,-0.9998215148991887,-0.010231957196370248,0.05917187284880902,0.0,0.0,0.0,1.0
1544580756928290000,-0.7219936068468604,-0.23545384707199096,-0.6506048859109993,-3.4116568786011143,0.601487161669929,0.2511503909831888,-0.7583776601768022,2.1759570330316786,0.34196260909420423,-0.938874308418325,-0.039706510467353504,2.3783375827357243,0.0,0.0,0.0,1.0
1544580757018067000,-0.9096144220499366,-0.0131927801732178,-0.415243968950861,-7.199524659823067,0.4150287071434064,0.016331001970049133,-0.909661734174591,1.5115563939573005,0.0187823173659415,-0.9997796001749345,-0.00937953241956462,0.144754974481529,0.0,0.0,0.0,1.0
1544580757029147000,-0.7172893824683815,-0.23851435439912716,-0.6546807195448017,-3.54200025307989,0.6044801608734113,0.25430789825025657,-0.754937896782239,2.2685457447578785,0.3465540028748559,-0.9372504444560724,-0.038235159974955676,2.4545811186767446,0.0,0.0,0.0,1.0
1544580757118940000,-0.907666248445922,-0.016807562030065566,-0.4193560388151259,-7.3293125048793915,0.41909713830918655,0.016915058149801945,-0.9077838230927214,1.5002946634989098,0.022351064698549795,-0.9997156529065627,-0.008309226224320234,0.12168713923214573,0.0,0.0,0.0,1.0
1544580757130025000,-0.714643775881249,-0.2395040421959038,-0.6572077961847507,-3.661406522022021,0.6073390751665344,0.25366164949442266,-0.7528578985118144,2.351987447215505,0.3470209235335116,-0.9371731864215863,-0.035817555505052875,2.52552004750148,0.0,0.0,0.0,1.0
1544580757219789000,-0.9065117066277678,-0.018842658350244887,-0.4217599791031779,-7.40284359674479,0.42142090556789397,0.01952087103736151,-0.9066550369044872,1.5722369198024406,0.025316913262713805,-0.9996318771529042,-0.009755207973672013,0.10814609441031453,0.0,0.0,0.0,1.0
1544580757230833000,-0.7122221702209031,-0.2385998503777861,-0.6601588381939048,-3.7591663931870185,0.6116208893226572,0.2505752351777432,-0.7504211745811671,2.4188002551948813,0.34446983611049337,-0.9382335332502861,-0.032532585121591046,2.5849084533506135,0.0,0.0,0.0,1.0
1544580757320628000,-0.9049576832567876,-0.022116614444480872,-0.4249264017215473,-7.5749001179792295,0.42462645643968316,0.017074900062926814,-0.9052076116998327,1.586090112274949,0.027275703583669517,-0.9996095753609784,-0.00606076238278428,0.09554000035693065,0.0,0.0,0.0,1.0
1544580757331718000,-0.7131017513919131,-0.2321795731097496,-0.6614971942437565,-3.846886943943622,0.6152931431102973,0.2449604088819591,-0.7492721442318758,2.4772574670647365,0.336006309767003,-0.9413219661258079,-0.03182319729069825,2.6404172306011366,0.0,0.0,0.0,1.0
1544580757421504000,-0.9041121263517011,-0.022850379299437652,-0.4266838679276288,-7.728880392471711,0.42634167794314903,0.018435266745013446,-0.9043743221634823,1.5637444030473544,0.028531327211147837,-0.9995689076326424,-0.006925479164534788,0.12410120526555317,0.0,0.0,0.0,1.0
1544580757432551000,-0.7147377398457194,-0.22532429327995943,-0.6621019000864777,-3.924563892036358,0.6189288616333394,0.23707648246683652,-0.7488135987670159,2.528198958013292,0.3256946844477129,-0.9449993144542702,-0.02998780091081709,2.6913219788907417,0.0,0.0,0.0,1.0
1544580757522323000,-0.902906141814061,-0.023441406358185285,-0.42919808893144107,-7.7939465773508445,0.4288715734280141,0.01778196030451633,-0.9031904424832592,1.5645024758579784,0.028804037561232836,-0.9995670574582187,-0.006002088344240696,0.14299344343337927,0.0,0.0,0.0,1.0
1544580757533428000,-0.717331918199576,-0.21934646469326452,-0.6613032946830726,-3.9927218555608945,0.6207500857274764,0.22981453912734937,-0.7495696156295384,2.5722490825439293,0.3163925571208165,-0.9481942870700363,-0.028693967420009885,2.737423502907807,0.0,0.0,0.0,1.0
1544580757623201000,-0.9026331830124442,-0.023899805808543215,-0.42974659534095405,-7.87758421046027,0.4293928649489056,0.018621236499029033,-0.9029258092901185,1.5952496291982636,0.029582164488052405,-0.9995409190391168,-0.006545739884892477,0.11509932765123199,0.0,0.0,0.0,1.0
1544580757634283000,-0.7177647717875252,-0.21654875332266563,-0.6617555211822593,-4.051841030113446,0.6222441045977769,0.22699544965837817,-0.7491897891240241,2.61010196418995,0.3124516069315608,-0.9495155097568388,-0.028183152007825202,2.778375566969139,0.0,0.0,0.0,1.0
1544580757724070000,-0.9017912358169325,-0.025626872657308824,-0.4314114398130646,-7.951828034319543,0.43109307351200626,0.017149618028472882,-0.9021444743340431,1.604083171168999,0.03051768296816119,-0.9995244639323665,-0.004417807937344613,0.09582365682518668,0.0,0.0,0.0,1.0
1544580757735158000,-0.716543434261058,-0.21564953212008342,-0.6633707757459316,-4.102430875868226,0.623884530597395,0.2272182838657391,-0.7477566074321053,2.6423728310888848,0.3119833317641102,-0.9496668525190818,-0.028271362327774503,2.8141513526908977,0.0,0.0,0.0,1.0
1544580757824915000,-0.9023234815386423,-0.02435995213272262,-0.430370686032493,-8.056458434266954,0.43000761807944765,0.018840128446455277,-0.902628660055595,1.635404313101973,0.030096229957019494,-0.9995257086699725,-0.0065249252993189195,0.12503300476817203,0.0,0.0,0.0,1.0
1544580757836002000,-0.7152180708024168,-0.21657851779520407,-0.664497446817747,-4.1442751585404265,0.6248904873831118,0.2276486731647369,-0.7467850831292946,2.6685768680056445,0.313009568505127,-0.9493523198665333,-0.027480589299855546,2.84470686957669,0.0,0.0,0.0,1.0
1544580757878701318,-0.9023030076275558,-0.024988104736896763,-0.4303775982180393,-8.09636784081839,0.4300398272265098,0.017878180394116858,-0.902632880890558,1.6574216425385966,0.030249453305189876,-0.9995278711909206,-0.005385655696746562,0.0997144258880454,0.0,0.0,0.0,1.0
1544580757925794000,-0.9023030076275558,-0.024988104736896763,-0.4303775982180393,-8.09636784081839,0.4300398272265098,0.017878180394116858,-0.902632880890558,1.6574216425385966,0.030249453305189876,-0.9995278711909206,-0.005385655696746562,0.0997144258880454,0.0,0.0,0.0,1.0
1544580757936888000,-0.714292850126225,-0.2178042535821497,-0.6650917465884552,-4.176875863365525,0.6252368230375904,0.228367750040179,-0.7462754758528806,2.6883144613030168,0.31442747872349963,-0.9488990872917468,-0.026942211499334786,2.8695989029221436,0.0,0.0,0.0,1.0
1544580758026632000,-0.9022730667258713,-0.025520499826619976,-0.43040912763287287,-8.157166586676547,0.43008429719168745,0.01736447264542438,-0.9026217216524736,1.582167070575864,0.03050918501405819,-0.9995234760516373,-0.0046915297539518635,0.14928307940895194,0.0,0.0,0.0,1.0
1544580758037724000,-0.7125267909786219,-0.2179499834272349,-0.6669358116504007,-4.200007643454309,0.6263343301189079,0.23084926025292465,-0.744589770246123,2.701550351129648,0.3162449668409116,-0.9482649544113432,-0.0279767257384805,2.888460993339392,0.0,0.0,0.0,1.0
1544580758127505000,-0.9022881906644987,-0.026336586805197012,-0.430328252828977,-8.175141866088202,0.43003003384903454,0.016387561358122686,-0.9026658395112384,1.527547365720486,0.030825167885743153,-0.9995188002374885,-0.0034607797719167295,0.10500315168568965,0.0,0.0,0.0,1.0
1544580758138562000,-0.7106255658364937,-0.2184496074328058,-0.668798231301502,-4.213366303216941,0.6270314112841958,0.23452942521167452,-0.7428509661922962,2.707981356247619,0.3191283667155142,-0.9472463870199436,-0.029687839853282785,2.901410065196864,0.0,0.0,0.0,1.0
1544580758228345000,-0.90244522607377,-0.02717480583375984,-0.4299466756058975,-8.159713438839196,0.42972185444146227,0.013930953995315859,-0.9028538399631297,1.6351534110725512,0.030524445155568118,-0.9995336204694059,-0.0008943149707558827,0.09705369899868925,0.0,0.0,0.0,1.0
1544580758239429000,-0.7095084999669684,-0.22062082745590286,-0.6692713492801678,-4.217870486663363,0.6264421081424043,0.2375147935230441,-0.7423994935368713,2.707978195945127,0.32275063690211725,-0.9459985059979629,-0.0303125886209016,2.9089993152934133,0.0,0.0,0.0,1.0
1544580758329213000,-0.9028634241561916,-0.02691955229016215,-0.4290838787759986,-8.156072062903526,0.42883020269092126,0.01487212725937295,-0.9032626844339592,1.6200404165297286,0.030696817115475027,-0.9995269668874788,-0.0018835826769446357,0.1027196488109031,0.0,0.0,0.0,1.0
1544580758340277000,-0.7078762872010942,-0.22329846120162575,-0.6701111543940914,-4.220558721193812,0.6258027168651324,0.24166363065939442,-0.7415993859090879,2.7080945571704365,0.3275394962178049,-0.9443180009093909,-0.03132716993092754,2.9141288272371235,0.0,0.0,0.0,1.0
1544580758430073000,-0.903425091111803,-0.02749489392232101,-0.4278634543377523,-8.107799288498727,0.4276021810758487,0.015064645471979847,-0.9038414856577327,1.6586377585331247,0.03129663702076817,-0.9995084228084361,-0.0018529020984564542,0.09009991487009071,0.0,0.0,0.0,1.0
1544580758441165000,-0.7078635851721927,-0.22403835242629752,-0.6698775719706425,-4.224465191754961,0.6245228949665099,0.2445591658729999,-0.7417290395084649,2.7117395215629676,0.3300004521963879,-0.943396857653031,-0.03319744750078397,2.9185166326549252,0.0,0.0,0.0,1.0
1544580758530930000,-0.9037796490763014,-0.028071896759086605,-0.42707647386371916,-8.106410909342728,0.4268040760972778,0.01537021792987068,-0.9042134908457927,1.721568797371002,0.03194724623920327,-0.9994877312969571,-0.0019100902063243672,0.06860174823602251,0.0,0.0,0.0,1.0
1544580758542015000,-0.7073263311388752,-0.2234978773402084,-0.6706252009148204,-4.230466025512885,0.6244538352640497,0.24704900609567912,-0.7409616698663659,2.717133876631447,0.33128064975431143,-0.9428761781970952,-0.03518016041469448,2.9227227239838434,0.0,0.0,0.0,1.0
1544580758631782000,-0.9031968690381089,-0.027882333412573172,-0.42831996362909713,-8.100302863280016,0.4280722183428842,0.01462123592006941,-0.9036262475953031,1.7247635130882844,0.03145777555330201,-0.9995042745999846,-0.001270202187977685,0.04806568676326387,0.0,0.0,0.0,1.0
1544580758642853000,-0.7043294926243285,-0.22591194889376845,-0.6729663863571334,-4.237945000866384,0.6251826215357472,0.251648500838899,-0.7387961300353597,2.7226458932038304,0.33625385581320666,-0.9410827930488128,-0.036007236469878356,2.9260152867323117,0.0,0.0,0.0,1.0
1544580758732634000,-0.9036377414264084,-0.028004010061984313,-0.42738110357177805,-8.069456343331906,0.42708620441134826,0.016080802697523766,-0.9040679077293411,1.734699934398968,0.03219015798795813,-0.9994784555982451,-0.002571093864243538,0.022015577070190365,0.0,0.0,0.0,1.0
1544580758743696000,-0.7017891501540253,-0.2279606153198326,-0.6749266231147621,-4.246930917636612,0.6260289788942481,0.2547874964911059,-0.7370013902404907,2.728164795418544,0.3399701550294016,-0.9397432040162875,-0.0360971493955854,2.9285604847101347,0.0,0.0,0.0,1.0
1544580758833492000,-0.903453979251258,-0.02693871500729202,-0.42783783494313105,-8.14365493019258,0.4275304413253715,0.016580921993950958,-0.9038488782788636,1.7178697015158058,0.031442473108868635,-0.9994995641117543,-0.0034629792392833186,0.019509084658041256,0.0,0.0,0.0,1.0
1544580758844558000,-0.700234650814521,-0.22826212644488142,-0.6764376064571883,-4.255229431300754,0.6269708305568295,0.25653281426471425,-0.7355939728112941,2.73337727027941,0.34143668729289445,-0.9391950366331198,-0.03651947061730287,2.9303092750743107,0.0,0.0,0.0,1.0
1544580758877276829,-0.9029830349399558,-0.02695135344049218,-0.4288301099017605,-8.147516424524959,0.4285415625623895,0.015992170696625816,-0.9033805286992822,1.674202709183876,0.031205252237635275,-0.9995088168816408,-0.00289088371435689,0.046991295293932506,0.0,0.0,0.0,1.0
1544580758934352000,-0.9029830349399558,-0.02695135344049218,-0.4288301099017605,-8.147516424524959,0.4285415625623895,0.015992170696625816,-0.9033805286992822,1.674202709183876,0.031205252237635275,-0.9995088168816408,-0.00289088371435689,0.046991295293932506,0.0,0.0,0.0,1.0
1544580758945427000,-0.6994468005545729,-0.22812636406794348,-0.6772979663420776,-4.261710600740731,0.6274025387926977,0.2578450170844398,-0.7347666306258063,2.738311685659976,0.3422575455858484,-0.9388686325476348,-0.0372218122568749,2.931120668573733,0.0,0.0,0.0,1.0
1544580759035190000,-0.9034217172940121,-0.0265256851839012,-0.42793175711445686,-8.144776885786515,0.42761531454839236,0.01691974537469082,-0.9038024479830379,1.7104480984911652,0.03121447557175849,-0.9995049325751134,-0.003942876209054703,0.03390955596860291,0.0,0.0,0.0,1.0
1544580759046281000,-0.6981646432090032,-0.22663026342945267,-0.6791206480963052,-4.268050149026609,0.6285985714567063,0.2599884750866168,-0.7329869226560057,2.7431467098157256,0.342680561070268,-0.9386398225730851,-0.03905530110668932,2.9311041919639633,0.0,0.0,0.0,1.0
1544580759136055000,-0.9033187745073936,-0.026690110465433653,-0.4281387971508859,-8.120913467374018,0.42782130261384244,0.0169355915802884,-0.9037046634645731,1.6815583239503125,0.03137076110422085,-0.999500287014051,-0.0038796400056342753,0.037638215885354334,0.0,0.0,0.0,1.0
1544580759147161000,-0.6979176002514831,-0.22323612043264682,-0.6804973606072212,-4.274509638546462,0.6299099831983416,0.2607725009150646,-0.7315812434949142,2.747519388964875,0.34077035717074206,-0.9392355068355781,-0.041379057179227366,2.9300706088753947,0.0,0.0,0.0,1.0
1544580759236927000,-0.9033289425549138,-0.026825382714144017,-0.428108888467484,-8.109938792451025,0.42781940439963057,0.016024006477774105,-0.9037221854284327,1.7332724750771122,0.031102713093376495,-0.9995116958088289,-0.00299852957150316,0.032526926801493564,0.0,0.0,0.0,1.0
1544580759247997000,-0.6978575850042937,-0.21973630438586111,-0.6816969616969277,-4.2803435042497915,0.6311582556833112,0.2612537884182278,-0.730332605269627,2.7512792521738274,0.3385765014509641,-0.9399268134126024,-0.04362955527228926,2.927993619002144,0.0,0.0,0.0,1.0
1544580759337793000,-0.9035293090124282,-0.02712327247204645,-0.42766706191374365,-8.127750821208503,0.42735633787274424,0.016663793740410805,-0.9039296866782119,1.7105296974905528,0.03164408689664334,-0.9994931946084411,-0.0034649236490202403,0.023954799788393225,0.0,0.0,0.0,1.0
1544580759348853000,-0.6983173468872363,-0.2174364504272848,-0.6819635423260969,-4.2863605264930005,0.63140459434387,0.26166122349711285,-0.7299737271706739,2.754600031077,0.3371663110066386,-0.9403482302549292,-0.04543219759816092,2.925236647548844,0.0,0.0,0.0,1.0
1544580759438652000,-0.9033439147686554,-0.027565971730708218,-0.4280302429186331,-8.134559366699252,0.4277402019944861,0.015974139303054698,-0.903760558152014,1.68156469312824,0.03175045272365059,-0.9994923431803117,-0.00263906721681347,0.06646214742583455,0.0,0.0,0.0,1.0
1544580759449734000,-0.6983396004518608,-0.21140067934192755,-0.6838359124925443,-4.293183723100445,0.6334467512919564,0.26230518087811516,-0.7279706074850573,2.757405602165993,0.33326718368060454,-0.9415443403569858,-0.049267021660818644,2.921494396890597,0.0,0.0,0.0,1.0
1544580759539510000,-0.9035529814586422,-0.027303880237354174,-0.4276055516725501,-8.116785783939758,0.42731231245462026,0.01609182705912485,-0.9039608623865201,1.7137523629923561,0.0315625937128938,-0.9994976494348976,-0.0028725341131808865,0.04637506429637605,0.0,0.0,0.0,1.0
1544580759550569000,-0.6966011554551306,-0.208639801020504,-0.686451938338515,-4.300942059762145,0.6352052512881929,0.2654738021796614,-0.725284736563631,2.759670515868096,0.33355826920416887,-0.9412720615137793,-0.05240026010547074,2.9165377262870633,0.0,0.0,0.0,1.0
1544580759640354000,-0.9037821700366262,-0.027618507219323223,-0.42710069911306153,-8.116452816318004,0.4267883778702344,0.016653556123549563,-0.9041981749502321,1.6947511728192106,0.03208534928564897,-0.9994798032613856,-0.0032639291968356316,0.03675343524674897,0.0,0.0,0.0,1.0
1544580759651436000,-0.6965093665049809,-0.20614886009270048,-0.687297133598936,-4.309071547290387,0.6361564469105873,0.2656850081479151,-0.7243731438281915,2.761102988624935,0.33193324242221994,-0.9417611820031254,-0.0539091703437345,2.911201863397753,0.0,0.0,0.0,1.0
1544580759741223000,-0.9037828747372401,-0.027808872698336106,-0.4270868552542224,-8.123639443906834,0.42679103840940685,0.016121068636134377,-0.9042065696949156,1.7087286720173553,0.032030061896789676,-0.9994832553601276,-0.00270136809988359,0.057686133275434606,0.0,0.0,0.0,1.0
1544580759752305000,-0.6961661824536015,-0.20391872590641646,-0.6883093778474073,-4.3185881806529585,0.6369175601048734,0.2668957849888524,-0.7232583643382472,2.7619640375961074,0.3311927958727868,-0.9419043439648683,-0.05592440238463686,2.9051431259640297,0.0,0.0,0.0,1.0
1544580759842082000,-0.9040770448202633,-0.02770916152264358,-0.4264702796172029,-8.143220759360322,0.4261534661962017,0.016774820837020987,-0.9044953447281228,1.692446287873379,0.03221677013644409,-0.9994752662040206,-0.00335737522145793,0.07972412214777978,0.0,0.0,0.0,1.0
1544580759853165000,-0.6959808609827871,-0.2045488229825119,-0.6883098286107285,-4.329584251570977,0.6367353030224212,0.26730450096922687,-0.7232679017117628,2.762161526090818,0.3319319132451773,-0.9416517842483298,-0.05579535994448699,2.8979885150907494,0.0,0.0,0.0,1.0
1544580759877091427,-0.9040320271520986,-0.027459387212221232,-0.4265818513922027,-8.138066685514051,0.42624672287236054,0.0173728635899575,-0.9044401112573767,1.6695850879279044,0.0322463195394693,-0.9994719434104269,-0.0040011512773731345,0.0663608719782083,0.0,0.0,0.0,1.0
1544580759942940000,-0.9040320271520986,-0.027459387212221232,-0.4265818513922027,-8.138066685514051,0.42624672287236054,0.0173728635899575,-0.9044401112573767,1.6695850879279044,0.0322463195394693,-0.9994719434104269,-0.0040011512773731345,0.0663608719782083,0.0,0.0,0.0,1.0
1544580759954044000,-0.6938353786559948,-0.2036650613761634,-0.6907336752323131,-4.342053640218589,0.638094293497992,0.2707399093796107,-0.7207881617191119,2.7616999824516935,0.3338085378335769,-0.9408615436097731,-0.05789141409264316,2.8896288500676564,0.0,0.0,0.0,1.0
