1544580754879777642,-0.849917038317623,0.23063560286734672,-0.47375969295352366,-0.0004950308592015279,0.4832373129304893,0.6996080280796089,-0.5263366854384017,7.204172078272261e-05,0.21005410581353037,-0.6762808778433537,-0.706060512204374,0.001358040518900788,0.0,0.0,0.0,1.0
1544580754900051000,-0.8538073296267144,0.2332381937167519,-0.4654170053483668,-0.18068228739849604,0.4796959240888287,0.6998085214631603,-0.5293012882093797,0.03673509757119961,0.20224950998274646,-0.6751799599212729,-0.7093850558282488,0.010516855610278514,0.0,0.0,0.0,1.0
1544580754911117000,-0.8538073296267144,0.2332381937167519,-0.4654170053483668,-0.18068228739849604,0.4796959240888287,0.6998085214631603,-0.5293012882093797,0.03673509757119961,0.20224950998274646,-0.6751799599212729,-0.7093850558282488,0.010516855610278514,0.0,0.0,0.0,1.0
1544580755000927000,-0.8591978882026224,0.23939699062035516,-0.4521814567074512,-0.69597811200152,0.475552247263086,0.6997058097951447,-0.5331621140534583,0.14152148301099973,0.18875658672265075,-0.6731276703723014,-0.7150315310166215,0.03517387672348777,0.0,0.0,0.0,1.0
1544580755011971000,-0.8591978882026224,0.23939699062035516,-0.4521814567074512,-0.69597811200152,0.475552247263086,0.6997058097951447,-0.5331621140534583,0.14152148301099973,0.18875658672265075,-0.6731276703723014,-0.7150315310166215,0.03517387672348777,0.0,0.0,0.0,1.0
1544580755101745000,-0.8659024665357685,0.2238106928702122,-0.44734963083054724,-1.2361711284508035,0.4606914368710332,0.7052333929198024,-0.5388963365105828,0.2733561408666825,0.19487513551239594,-0.6727218112026545,-0.7137710040981257,0.0591989390058618,0.0,0.0,0.0,1.0
1544580755112828000,-0.8683460317731407,0.25005856177496666,-0.42830583090459357,-1.1881266274220907,0.4679701420806099,0.6991128699529476,-0.5405970229174465,0.24160419789773835,0.16425320461072743,-0.6698596201811152,-0.7240918270674767,0.05671135454290252,0.0,0.0,0.0,1.0
1544580755202628000,-0.8769390005629082,0.24177922115508338,-0.4153562296503769,-1.602937796773907,0.4528344939340726,0.7051848368383742,-0.5455779201880385,0.32659034841377105,0.16099351041332846,-0.6665261841149785,-0.7278900572846929,0.07297666607702694,0.0,0.0,0.0,1.0
1544580755213712000,-0.8771880487842679,0.24222348738716187,-0.4145707529819872,-1.6204941558791606,0.45265648246882045,0.7051485642862337,-0.545772490296113,0.33021407750100945,0.16013505534081074,-0.6664032446222539,-0.7281919249812697,0.07363163247173296,0.0,0.0,0.0,1.0
1544580755303507000,-0.8866830274138343,0.23764733006404637,-0.39663201510929946,-2.0685346102599245,0.4366540109696184,0.7125024723987826,-0.5492481238290808,0.42211237012105685,0.15207394122721968,-0.6601999495145785,-0.7355335091350799,0.08941529805784133,0.0,0.0,0.0,1.0
1544580755314563000,-0.8866830274138343,0.23764733006404637,-0.39663201510929946,-2.0685346102599245,0.4366540109696184,0.7125024723987826,-0.5492481238290808,0.42211237012105685,0.15207394122721968,-0.6601999495145785,-0.7355335091350799,0.08941529805784133,0.0,0.0,0.0,1.0
1544580755404346000,-0.8994220463483591,0.2330235797777659,-0.36978371220226414,-2.50195269764356,0.4151317392527505,0.7201675137210062,-0.5558996233546935,0.5087610723653536,0.1367684964000062,-0.6534973323958234,-0.7444700228646022,0.10309502927565277,0.0,0.0,0.0,1.0
1544580755415419000,-0.8994220463483591,0.2330235797777659,-0.36978371220226414,-2.50195269764356,0.4151317392527505,0.7201675137210062,-0.5558996233546935,0.5087610723653536,0.1367684964000062,-0.6534973323958234,-0.7444700228646022,0.10309502927565277,0.0,0.0,0.0,1.0
1544580755505191000,-0.9120613284816578,0.22138139664944367,-0.3451585292381127,-2.9396389755550807,0.3892817269542763,0.731972910964428,-0.5591738501340642,0.6047731046821564,0.12885600547809617,-0.6443647529402865,-0.7537839179900471,0.08088831772376144,0.0,0.0,0.0,1.0
1544580755516263000,-0.9069134254447633,0.2362899651066137,-0.34881956816951054,-2.909321639816658,0.403160838929315,0.7271390886357426,-0.5556348474779013,0.5885487369820955,0.1223494041745187,-0.6445430925608411,-0.7547150622123833,0.11448817983561775,0.0,0.0,0.0,1.0
1544580755606068000,-0.914011199578495,0.2357079849463796,-0.3301897528355475,-3.2995122160894597,0.39018977803733873,0.7335785977039883,-0.556430029838276,0.6661882320814436,0.11106513476449285,-0.6374199454230857,-0.7624699004003859,0.12258119263383702,0.0,0.0,0.0,1.0
1544580755617108000,-0.914011199578495,0.2357079849463796,-0.3301897528355475,-3.2995122160894597,0.39018977803733873,0.7335785977039883,-0.556430029838276,0.6661882320814436,0.11106513476449285,-0.6374199454230857,-0.7624699004003859,0.12258119263383702,0.0,0.0,0.0,1.0
1544580755706942000,-0.9211069972725339,0.22602972044613934,-0.3169739185652645,-3.6772059293943467,0.3736462352640873,0.7418958080649175,-0.5567576679747457,0.7905369049209878,0.10931784140090371,-0.6312694951054937,-0.7678205741582478,0.06823445201949373,0.0,0.0,0.0,1.0
1544580755717980000,-0.9174324514911998,0.24871408645664522,-0.31057849273394633,-3.674244098005209,0.38761311209571064,0.7349254399595481,-0.5564536575778294,0.744534473668536,0.08985417231453982,-0.6308929393314698,-0.7706492891188323,0.1256766566907302,0.0,0.0,0.0,1.0
1544580755807752000,-0.9185913908271032,0.2538837280840535,-0.3028744117822924,-4.036682376304374,0.38633686412533014,0.7383301577125925,-0.5528222188279911,0.8229024332229367,0.08326874633457956,-0.6248292813451041,-0.7763083698232445,0.12408002155723043,0.0,0.0,0.0,1.0
1544580755818880000,-0.9185913908271032,0.2538837280840535,-0.3028744117822924,-4.036682376304374,0.38633686412533014,0.7383301577125925,-0.5528222188279911,0.8229024332229367,0.08326874633457956,-0.6248292813451041,-0.7763083698232445,0.12408002155723043,0.0,0.0,0.0,1.0
1544580755877419447,-0.9202901325054005,0.25979749857393214,-0.29252577962962645,-4.240852313648389,0.3845057691192186,0.7386927272177779,-0.5536139162535577,0.867171799091126,0.07225915531772398,-0.6219632742295083,-0.7797052648164416,0.12157378971599482,0.0,0.0,0.0,1.0
1544580755908608000,-0.9201961726768588,0.24949472731520136,-0.3016477827413501,-4.348200814644731,0.3816285320764497,0.743352383594494,-0.5493513423206999,0.8686114181435376,0.08717033495423442,-0.6206284031900986,-0.7792443248799883,0.11084919919346659,0.0,0.0,0.0,1.0
1544580755919704000,-0.9214240920261287,0.2628347874473773,-0.2861739281299329,-4.379263882489822,0.38300317219958246,0.7384680268178462,-0.5549536408140884,0.8966982382264076,0.06546917380630538,-0.6209531768782963,-0.7811087884577103,0.11942465154561926,0.0,0.0,0.0,1.0
1544580756009480000,-0.9219003110802954,0.2664212181407938,-0.2812819776566363,-4.685076155394119,0.38270134010593687,0.7392813056661407,-0.5540783657332995,0.9592710943002923,0.060328274558226785,-0.6184520075292326,-0.7835034228846,0.11453566192728028,0.0,0.0,0.0,1.0
1544580756020555000,-0.9217005483421193,0.2681912266528456,-0.2802526808654679,-4.720498035637429,0.3834921024535095,0.7386426804713961,-0.5543832590742779,0.966257224802315,0.05832586511683091,-0.6184500436837814,-0.7836565809880611,0.1139667786465819,0.0,0.0,0.0,1.0
1544580756110334000,-0.9232294189144781,0.26616990664925255,-0.2771299710337491,-5.02415958470594,0.38023723824350647,0.7367939416083074,-0.5590655867268586,1.0247123890035297,0.055381248665854955,-0.6215209315892906,-0.7814375527785847,0.10887064818606039,0.0,0.0,0.0,1.0
1544580756121415000,-0.9232294189144781,0.26616990664925255,-0.2771299710337491,-5.02415958470594,0.38023723824350647,0.7367939416083074,-0.5590655867268586,1.0247123890035297,0.055381248665854955,-0.6215209315892906,-0.7814375527785847,0.10887064818606039,0.0,0.0,0.0,1.0
1544580756211201000,-0.9278173523899443,0.24953347464480116,-0.277286865242127,-5.321964395664926,0.3676339082439916,0.7376876990547918,-0.566270401992276,1.0809952825313636,0.06324768860093982,-0.6273355590869482,-0.7761764143490181,0.10311863228407213,0.0,0.0,0.0,1.0
1544580756222285000,-0.9278173523899443,0.24953347464480116,-0.277286865242127,-5.321964395664926,0.3676339082439916,0.7376876990547918,-0.566270401992276,1.0809952825313636,0.06324768860093982,-0.6273355590869482,-0.7761764143490181,0.10311863228407213,0.0,0.0,0.0,1.0
1544580756312039000,-0.93051631266167,0.23608389268849092,-0.28000676328185314,-5.611238936760601,0.35893115815665927,0.7399004046234734,-0.5689602929399732,1.1380260800218298,0.07285475670709898,-0.6299299856738576,-0.7732272612719218,0.09632414498279257,0.0,0.0,0.0,1.0
1544580756323134000,-0.93051631266167,0.23608389268849092,-0.28000676328185314,-5.611238936760601,0.35893115815665927,0.7399004046234734,-0.5689602929399732,1.1380260800218298,0.07285475670709898,-0.6299299856738576,-0.7732272612719218,0.09632414498279257,0.0,0.0,0.0,1.0
1544580756412908000,-0.9346446233217244,0.2186783943473648,-0.2803911338495734,-5.885121078818512,0.3453982034772652,0.7457055323544581,-0.5697572641490681,1.2054075679442782,0.0844956160429011,-0.6293671574380177,-0.7725007909432317,0.08618245873785245,0.0,0.0,0.0,1.0
1544580756423985000,-0.9323380141711817,0.22727702143677964,-0.2812311911189116,-5.890118972636696,0.35280791761609703,0.7421478345730982,-0.5698624087495627,1.1946852115522095,0.0791984886139243,-0.6305249774317304,-0.7721177709624221,0.08919728521098125,0.0,0.0,0.0,1.0
1544580756513786000,-0.9341953839525129,0.21578433343373724,-0.28410580079677433,-6.126463918718024,0.3455549499717206,0.7453210242702059,-0.5701651930194029,1.2440889339453405,0.088717310328149,-0.6308198571901213,-0.7708408049803597,0.08380285215568056,0.0,0.0,0.0,1.0
1544580756524840000,-0.9342792173463149,0.21477987630827386,-0.28459084449039823,-6.139847629604341,0.3450716941712913,0.7455354810550813,-0.5701774919879977,1.2469335138045599,0.08970992094807688,-0.6309092258169721,-0.7706527615356449,0.08352106809199118,0.0,0.0,0.0,1.0
1544580756614643000,-0.933740083097851,0.20520507656682543,-0.29329223270932847,-6.366096049039004,0.34262076167317507,0.7495907377063886,-0.5663256480288368,1.2958095226961002,0.10363624311462524,-0.6292889658145859,-0.770230437347872,0.07930678149162883,0.0,0.0,0.0,1.0
1544580756625708000,-0.9338310756499252,0.20445215819472495,-0.2935282561526591,-6.38077805517729,0.3421675236501094,0.7498177098447706,-0.5662992033918971,1.299041387668884,0.10431159048568922,-0.6292636307722407,-0.7701599672001135,0.0790550385063947,0.0,0.0,0.0,1.0
1544580756715497000,-0.9311035765879466,0.1992268887669522,-0.30554013886456116,-6.622299096535399,0.3449271392559186,0.7533353214342706,-0.5599206748140765,1.3529801530402328,0.11862292472310516,-0.6267332289513319,-0.7701519729627182,0.07566147095297934,0.0,0.0,0.0,1.0
1544580756726575000,-0.9311035765879466,0.1992268887669522,-0.30554013886456116,-6.622299096535399,0.3449271392559186,0.7533353214342706,-0.5599206748140765,1.3529801530402328,0.11862292472310516,-0.6267332289513319,-0.7701519729627182,0.07566147095297934,0.0,0.0,0.0,1.0
1544580756816349000,-0.9284835125970602,0.1986864634955928,-0.31375477057574597,-6.823001181354185,0.3491197987800798,0.7550380330906526,-0.5550071483200485,1.3980701297461384,0.12662437733383677,-0.6248529889583718,-0.7704057432642915,0.0742952705098897,0.0,0.0,0.0,1.0
1544580756827426000,-0.9282914378881164,0.19868295672725947,-0.3143248145624658,-6.83941188121039,0.3494552572495296,0.7550511829684169,-0.554778094627628,1.4017863893736613,0.1271063709035856,-0.624838214103545,-0.7703383520710944,0.07420603383652362,0.0,0.0,0.0,1.0
1544580756877590103,-0.9268386933444794,0.20017939825402462,-0.3176448410318556,-6.942556147175842,0.3523108956351981,0.7561519397344227,-0.5514628517430659,1.4252737784419345,0.1297962608714943,-0.6230268473753968,-0.7713562588799349,0.0737419307564703,0.0,0.0,0.0,1.0
1544580756917187000,-0.9256393822741512,0.2027461907506866,-0.3195085540626647,-7.042485178400583,0.3551774925877756,0.7567807349157225,-0.5487548341650204,1.4478578438816099,0.13053996607242035,-0.6214313328087863,-0.7725169356469157,0.07370886976282794,0.0,0.0,0.0,1.0
1544580756928290000,-0.9256393822741512,0.2027461907506866,-0.3195085540626647,-7.042485178400583,0.3551774925877756,0.7567807349157225,-0.5487548341650204,1.4478578438816099,0.13053996607242035,-0.6214313328087863,-0.7725169356469157,0.07370886976282794,0.0,0.0,0.0,1.0
1544580757018067000,-0.9242144786244858,0.20312749589950602,-0.3233679296257839,-7.2326498255512615,0.35743727939965136,0.7582032520443156,-0.5453131392922779,1.4903988894962006,0.13441052338356763,-0.6195700517286308,-0.7733477627851083,0.07492637078300764,0.0,0.0,0.0,1.0
1544580757029147000,-0.9242144786244858,0.20312749589950602,-0.3233679296257839,-7.2326498255512615,0.35743727939965136,0.7582032520443156,-0.5453131392922779,1.4903988894962006,0.13441052338356763,-0.6195700517286308,-0.7733477627851083,0.07492637078300764,0.0,0.0,0.0,1.0
1544580757118940000,-0.9240072301729817,0.20596986035979775,-0.3221599838766719,-7.404688256758388,0.35883821039946956,0.7581180617839,-0.5445109210606588,1.5286535748297503,0.13208246418566677,-0.6187353400448251,-0.7744164265007903,0.07693411142326358,0.0,0.0,0.0,1.0
1544580757130025000,-0.9240072301729817,0.20596986035979775,-0.3221599838766719,-7.404688256758388,0.35883821039946956,0.7581180617839,-0.5445109210606588,1.5286535748297503,0.13208246418566677,-0.6187353400448251,-0.7744164265007903,0.07693411142326358,0.0,0.0,0.0,1.0
1544580757219789000,-0.9232879855441367,0.21010566785182397,-0.32155077994990167,-7.544174477794778,0.36168256540222876,0.7574031221743218,-0.5436232449083187,1.558723901994673,0.1293252397404058,-0.6182201216857365,-0.7752927598713639,0.07912434403768354,0.0,0.0,0.0,1.0
1544580757230833000,-0.9232879855441367,0.21010566785182397,-0.32155077994990167,-7.544174477794778,0.36168256540222876,0.7574031221743218,-0.5436232449083187,1.558723901994673,0.1293252397404058,-0.6182201216857365,-0.7752927598713639,0.07912434403768354,0.0,0.0,0.0,1.0
1544580757320628000,-0.9230348863776856,0.2176267319421703,-0.3172462829946245,-7.668898266781802,0.36524277087630397,0.7547472753451037,-0.544935105018701,1.583639550071433,0.12084832167777115,-0.618866024195313,-0.7761446561333455,0.08174791873489916,0.0,0.0,0.0,1.0
1544580757331718000,-0.9230348863776856,0.2176267319421703,-0.3172462829946245,-7.668898266781802,0.36524277087630397,0.7547472753451037,-0.544935105018701,1.583639550071433,0.12084832167777115,-0.618866024195313,-0.7761446561333455,0.08174791873489916,0.0,0.0,0.0,1.0
1544580757421504000,-0.9236066986472248,0.2238863009901709,-0.3111681064037814,-7.778767688638247,0.36696072613741876,0.7511233015295264,-0.5487746453436794,1.6042168890757182,0.11086248998950973,-0.6210384127639141,-0.7758999923862623,0.0846166432620145,0.0,0.0,0.0,1.0
1544580757432551000,-0.9236066986472248,0.2238863009901709,-0.3111681064037814,-7.778767688638247,0.36696072613741876,0.7511233015295264,-0.5487746453436794,1.6042168890757182,0.11086248998950973,-0.6210384127639141,-0.7758999923862623,0.0846166432620145,0.0,0.0,0.0,1.0
1544580757522323000,-0.9250682952346484,0.22531222021836697,-0.3057499837644055,-7.8624893400293345,0.36525684804937697,0.7484139188295827,-0.5535919445360276,1.591493805966606,0.10409651341278477,-0.6237876317485102,-0.7746308194055311,0.09370192877050568,0.0,0.0,0.0,1.0
1544580757533428000,-0.925095708691475,0.22868852889586225,-0.30314928090310134,-7.874210730277324,0.366439694132181,0.7470063985167241,-0.5547101866194502,1.6210322698517319,0.09959859599880917,-0.6242459429796223,-0.7748529682130294,0.0874833670727839,0.0,0.0,0.0,1.0
1544580757623201000,-0.926889806319163,0.2286911399416329,-0.29761661488200625,-7.955721271503458,0.3632661569039171,0.7460473821165876,-0.5580779541293879,1.634883332004739,0.09440861290097745,-0.6253908107329214,-0.774579465039533,0.08999005897977254,0.0,0.0,0.0,1.0
1544580757634283000,-0.926889806319163,0.2286911399416329,-0.29761661488200625,-7.955721271503458,0.3632661569039171,0.7460473821165876,-0.5580779541293879,1.634883332004739,0.09440861290097745,-0.6253908107329214,-0.774579465039533,0.08999005897977254,0.0,0.0,0.0,1.0
1544580757724070000,-0.9277316885802283,0.22561497203554087,-0.29734121543688086,-7.995028449890442,0.36083791531967835,0.7458481892770609,-0.5599164914698219,1.6535256124003022,0.09544586356583648,-0.6267442564120779,-0.7733574362367238,0.07167564422993726,0.0,0.0,0.0,1.0
1544580757735158000,-0.9281198201693969,0.22780712513186546,-0.29444441436013563,-8.02394426947642,0.36059370845355054,0.7467330916348933,-0.5588934310591854,1.6462638879507325,0.09255148206509234,-0.6248948740360628,-0.7752035987861552,0.09175524092485458,0.0,0.0,0.0,1.0
1544580757824915000,-0.9289997726817604,0.22618252147855258,-0.29291788838314975,-8.078634230971309,0.35838761214009623,0.7472251707564508,-0.5596542358032421,1.6547330172645025,0.09229161295458826,-0.6248968004123511,-0.7752330275553547,0.09228742878244493,0.0,0.0,0.0,1.0
1544580757836002000,-0.9289997726817604,0.22618252147855258,-0.29291788838314975,-8.078634230971309,0.35838761214009623,0.7472251707564508,-0.5596542358032421,1.6547330172645025,0.09229161295458826,-0.6248968004123511,-0.7752330275553547,0.09228742878244493,0.0,0.0,0.0,1.0
1544580757878701318,-0.9293147119532631,0.22576452631762076,-0.2922405598198292,-8.09659956175452,0.3576448191237711,0.7473763115820811,-0.5599275240956523,1.6572765897239248,0.0920018994431733,-0.6248672079270456,-0.7752913148980204,0.09202467361009371,0.0,0.0,0.0,1.0
1544580757925794000,-0.9297996706285594,0.22490503044135515,-0.29135939967881397,-8.118761321925827,0.35648331827561947,0.747293278001993,-0.5607783879967541,1.6601657692924434,0.09160904043940979,-0.6252763260632905,-0.7750079352978001,0.09109330269194692,0.0,0.0,0.0,1.0
1544580757936888000,-0.9297996706285594,0.22490503044135515,-0.29135939967881397,-8.118761321925827,0.35648331827561947,0.747293278001993,-0.5607783879967541,1.6601657692924434,0.09160904043940979,-0.6252763260632905,-0.7750079352978001,0.09109330269194692,0.0,0.0,0.0,1.0
1544580758026632000,-0.9304156411395884,0.22382939138957908,-0.2902191211360511,-8.142838468695565,0.3549007508464342,0.7479120858103904,-0.5609571899417886,1.6628060295914622,0.09149968181064358,-0.6249223275327263,-0.7753063219009796,0.08844970251512058,0.0,0.0,0.0,1.0
1544580758037724000,-0.930466533857069,0.22374387036856683,-0.2901218879100808,-8.144426073986814,0.35477228787325493,0.7479521756602248,-0.5609849968424391,1.6629329452470842,0.09148034285677124,-0.6249049714937666,-0.7753225931656944,0.08814555251688094,0.0,0.0,0.0,1.0
1544580758127505000,-0.9311417300604257,0.22270471756368407,-0.2887519477249642,-8.156612559920385,0.35290079345822545,0.7497817643109466,-0.5597216592944373,1.663173677740548,0.0918482907660021,-0.6230809856524606,-0.7767457607233645,0.08367343403204984,0.0,0.0,0.0,1.0
1544580758138562000,-0.9311417300604257,0.22270471756368407,-0.2887519477249642,-8.156612559920385,0.35290079345822545,0.7497817643109466,-0.5597216592944373,1.663173677740548,0.0918482907660021,-0.6230809856524606,-0.7767457607233645,0.08367343403204984,0.0,0.0,0.0,1.0
1544580758228345000,-0.9319766081549895,0.2217194942608145,-0.2868101597165876,-8.155971962694075,0.3507418278667513,0.7515058667261472,-0.5587656954939797,1.661165291502773,0.09165027024846199,-0.6213528773095912,-0.778152189370738,0.07882974947632711,0.0,0.0,0.0,1.0
1544580758239429000,-0.9320717731960387,0.22164074670135023,-0.2865616670332309,-8.155548853905636,0.35049904959887956,0.7517410421182057,-0.5586016665078198,1.660918798893818,0.0916112757332798,-0.6210964377588205,-0.7783614771825617,0.07826327158677625,0.0,0.0,0.0,1.0
1544580758329213000,-0.9332166992208646,0.22019907282321563,-0.2839347823411433,-8.150662019047669,0.3472960852906045,0.7554399388955177,-0.5556041107329543,1.6599206646293097,0.09215216458194177,-0.6171084726766682,-0.7814634422118076,0.07272165922453049,0.0,0.0,0.0,1.0
1544580758340277000,-0.9332166992208646,0.22019907282321563,-0.2839347823411433,-8.150662019047669,0.3472960852906045,0.7554399388955177,-0.5556041107329543,1.6599206646293097,0.09215216458194177,-0.6171084726766682,-0.7814634422118076,0.07272165922453049,0.0,0.0,0.0,1.0
1544580758430073000,-0.9345084030661451,0.21973306349957988,-0.2800204017636162,-8.148036748447383,0.3442057446338779,0.7582233190428693,-0.5537326104002291,1.661568648555954,0.09064463558206526,-0.6138524083724864,-0.7841994457888167,0.0693015530361435,0.0,0.0,0.0,1.0
1544580758441165000,-0.9345292276625323,0.21971973379323215,-0.27996135666606453,-8.148012570128087,0.3441551460172791,0.7582607221265087,-0.5537128432229204,1.6616066440167652,0.09062206196229346,-0.6138109773065427,-0.7842344840822058,0.06924887631747302,0.0,0.0,0.0,1.0
1544580758530930000,-0.9353884724623964,0.22036459629724967,-0.2765643691497836,-8.146815787121584,0.34224975512685324,0.7609000251230327,-0.5512678630968567,1.6646645213796853,0.08895791533122008,-0.6103036919981015,-0.7871568413177922,0.06527799883994939,0.0,0.0,0.0,1.0
1544580758542015000,-0.9353884724623964,0.22036459629724967,-0.2765643691497836,-8.146815787121584,0.34224975512685324,0.7609000251230327,-0.5512678630968567,1.6646645213796853,0.08895791533122008,-0.6103036919981015,-0.7871568413177922,0.06527799883994939,0.0,0.0,0.0,1.0
1544580758631782000,-0.9354541314278668,0.21873468569786558,-0.2776341212228693,-8.159095686956267,0.34128059582451503,0.7633143810968948,-0.5485241202757883,1.6647505200468744,0.09194086636639232,-0.6078702928119755,-0.7886954952378483,0.05623578563446038,0.0,0.0,0.0,1.0
1544580758642853000,-0.9360415045589912,0.21825077630362133,-0.2760306149430041,-8.146466418881394,0.33975268301701467,0.7647720597282294,-0.5474411484733133,1.6679450329990506,0.09162104630316452,-0.6062097782961807,-0.7900096762523884,0.060652823475064004,0.0,0.0,0.0,1.0
1544580758732634000,-0.9365379816670512,0.21620040452363792,-0.27596013114003587,-8.14732297348981,0.33778484454951113,0.7671412868190394,-0.5453399351324729,1.671074337831414,0.09379769553498345,-0.6039467121704037,-0.791486172444523,0.05558659024874226,0.0,0.0,0.0,1.0
1544580758743696000,-0.9365379816670512,0.21620040452363792,-0.27596013114003587,-8.14732297348981,0.33778484454951113,0.7671412868190394,-0.5453399351324729,1.671074337831414,0.09379769553498345,-0.6039467121704037,-0.791486172444523,0.05558659024874226,0.0,0.0,0.0,1.0
1544580758833492000,-0.9369084848194815,0.21498682340989217,-0.2756504250557048,-8.147695863047147,0.33651423601884034,0.7681920277395922,-0.5446459193586127,1.6736257309120746,0.09466076288475421,-0.6030436752652769,-0.7920717553938025,0.05139821187263526,0.0,0.0,0.0,1.0
1544580758844558000,-0.9369084848194815,0.21498682340989217,-0.2756504250557048,-8.147695863047147,0.33651423601884034,0.7681920277395922,-0.5446459193586127,1.6736257309120746,0.09466076288475421,-0.6030436752652769,-0.7920717553938025,0.05139821187263526,0.0,0.0,0.0,1.0
1544580758877276829,-0.9370730893026825,0.21449539277214658,-0.27547368619207574,-8.147477371959088,0.33601690423826525,0.7683152615312666,-0.5447791286055947,1.6742458064470165,0.09479802408732246,-0.6030616762634322,-0.7920416335341697,0.05052126845388038,0.0,0.0,0.0,1.0
1544580758934352000,-0.937488645116859,0.21384227350742524,-0.2745660618833557,-8.146773254482591,0.3349484559464039,0.7685827889795577,-0.5450596557657915,1.6754112933471703,0.09446995361531212,-0.6029527166748464,-0.792163776827961,0.04919524653982931,0.0,0.0,0.0,1.0
1544580758945427000,-0.9375389776106071,0.2138042521106787,-0.2744237730960148,-8.146694138708604,0.3348299772509185,0.768625623452549,-0.5450720478123317,1.6755269573061393,0.09439042215717403,-0.6029115961329408,-0.7922045540473844,0.04908494589186534,0.0,0.0,0.0,1.0
1544580759035190000,-0.9383265316326217,0.21311224858301214,-0.272261803303713,-8.145591507042942,0.33282666495157764,0.7700257334639679,-0.5443223134324804,1.6773667899905367,0.09364684261366134,-0.6013680564406184,-0.7934650147053246,0.04746043992603135,0.0,0.0,0.0,1.0
1544580759046281000,-0.9383265316326217,0.21311224858301214,-0.272261803303713,-8.145591507042942,0.33282666495157764,0.7700257334639679,-0.5443223134324804,1.6773667899905367,0.09364684261366134,-0.6013680564406184,-0.7934650147053246,0.04746043992603135,0.0,0.0,0.0,1.0
1544580759136055000,-0.9390485119918188,0.21371444671620557,-0.26928428730756165,-8.14472844070326,0.3314994539160616,0.7704266326306243,-0.5445648866634614,1.6786348322396754,0.09108240323634781,-0.6006404406949473,-0.7943142053510485,0.04646528562543219,0.0,0.0,0.0,1.0
1544580759147161000,-0.9391020774914998,0.2138004878399751,-0.26902906804013105,-8.144637024619422,0.3314127376988198,0.7704577021133474,-0.5445737108465591,1.678727557767023,0.09084539252007504,-0.6005699631629994,-0.794394633670359,0.04641389818166421,0.0,0.0,0.0,1.0
1544580759236927000,-0.9399133424622741,0.214468432401315,-0.26564299381825085,-8.143261835865276,0.32996234685768294,0.7704502799560659,-0.5454642204322753,1.679549460045103,0.08767986266852348,-0.6003412842866466,-0.7949230051165246,0.04631988199127457,0.0,0.0,0.0,1.0
1544580759247997000,-0.9399133424622741,0.214468432401315,-0.26564299381825085,-8.143261835865276,0.32996234685768294,0.7704502799560659,-0.5454642204322753,1.679549460045103,0.08767986266852348,-0.6003412842866466,-0.7949230051165246,0.04631988199127457,0.0,0.0,0.0,1.0
1544580759337793000,-0.9410369903309463,0.21518824559641,-0.2610429117712573,-8.142539665815224,0.32784559764560967,0.7704461731597825,-0.5467448750265881,1.7014169588303707,0.08346644195885208,-0.6000889210946847,-0.7955668669861403,0.0327419217225701,0.0,0.0,0.0,1.0
1544580759348853000,-0.9412719514876479,0.21374569168640437,-0.2613807426497589,-8.142461542559953,0.32700597077196597,0.7699129093004302,-0.5479974517933734,1.6797265804525852,0.0841083136326215,-0.6012876943510859,-0.7945935440209849,0.04715163033029926,0.0,0.0,0.0,1.0
1544580759438652000,-0.9417782954253661,0.21623907400038642,-0.2574768050546527,-8.142636047187587,0.32664213432707917,0.7700041880075247,-0.5480861853149757,1.6795802789593108,0.07974056902196518,-0.6002784464948949,-0.7958060243085158,0.0484719191377003,0.0,0.0,0.0,1.0
1544580759449734000,-0.9417782954253661,0.21623907400038642,-0.2574768050546527,-8.142636047187587,0.32664213432707917,0.7700041880075247,-0.5480861853149757,1.6795802789593108,0.07974056902196518,-0.6002784464948949,-0.7958060243085158,0.0484719191377003,0.0,0.0,0.0,1.0
1544580759539510000,-0.9424994916318253,0.21627423471170676,-0.25479435565494823,-8.143666043387455,0.3249527889455076,0.7711964196011295,-0.5474137076754049,1.6793549938629546,0.07810501411747683,-0.5987332776740084,-0.797131149168971,0.05007460697511962,0.0,0.0,0.0,1.0
1544580759550569000,-0.9425825991593142,0.216233101955203,-0.2545216874470737,-8.143854356075357,0.3247398668940959,0.7713710460501492,-0.5472940052340264,1.6793150422389402,0.0779875798552578,-0.5985231448610216,-0.7973004342492175,0.05029691025562639,0.0,0.0,0.0,1.0
1544580759640354000,-0.9433929832994437,0.21688118498884776,-0.25094268401213293,-8.146333794917833,0.3232088922402554,0.7709998246494395,-0.5487214979999953,1.6787065653538082,0.07446939665531986,-0.5987669179141109,-0.7974537522473797,0.0524045334947359,0.0,0.0,0.0,1.0
1544580759651436000,-0.9433929832994437,0.21688118498884776,-0.25094268401213293,-8.146333794917833,0.3232088922402554,0.7709998246494395,-0.5487214979999953,1.6787065653538082,0.07446939665531986,-0.5987669179141109,-0.7974537522473797,0.0524045334947359,0.0,0.0,0.0,1.0
1544580759741223000,-0.9440766674357047,0.21717304782209085,-0.24810302961302425,-8.150008573873972,0.32180567361794404,0.7708093165595468,-0.5498127917139652,1.6778795944187976,0.07183560698427417,-0.5989063906861118,-0.7975906097519783,0.054657516679928624,0.0,0.0,0.0,1.0
1544580759752305000,-0.9440975426109517,0.217176213368219,-0.2480208103829352,-8.150142144057565,0.3217595462152487,0.7708151498877946,-0.5498316097886811,1.677852965997664,0.07176785112655679,-0.5988977350520666,-0.7976032086784617,0.05473015574748707,0.0,0.0,0.0,1.0
1544580759842082000,-0.9451313381979526,0.2164507778029983,-0.24469535006744128,-8.156079707192134,0.3193078187640203,0.7703864728102234,-0.5518579521826108,1.6768516259562818,0.0690599046648233,-0.599711383333264,-0.7972308237067769,0.05750163323901881,0.0,0.0,0.0,1.0
1544580759853165000,-0.9451313381979526,0.2164507778029983,-0.24469535006744128,-8.156079707192134,0.3193078187640203,0.7703864728102234,-0.5518579521826108,1.6768516259562818,0.0690599046648233,-0.599711383333264,-0.7972308237067769,0.05750163323901881,0.0,0.0,0.0,1.0
1544580759877091427,-0.9451125348493008,0.21658105919795465,-0.24465269519754904,-8.138101503796335,0.31934169550470964,0.7707540222277407,-0.5513248758508315,1.6695954611620307,0.0691605232984147,-0.5991918574350357,-0.7976126503514334,0.06524656251995821,0.0,0.0,0.0,1.0
1544580759942940000,-0.9451125348493008,0.21658105919795465,-0.24465269519754904,-8.138101503796335,0.31934169550470964,0.7707540222277407,-0.5513248758508315,1.6695954611620307,0.0691605232984147,-0.5991918574350357,-0.7976126503514334,0.06524656251995821,0.0,0.0,0.0,1.0
1544580759954044000,-0.9457884912726786,0.21603087840903315,-0.2425176062680312,-8.16402606741256,0.31750792801141087,0.7721648517105184,-0.5504090818952501,1.676033080298638,0.06835821403500415,-0.5975718378209363,-0.7988961467032183,0.06053811267543292,0.0,0.0,0.0,1.0
