1544580754879777642,-0.8360870904111086,0.5454259310983814,0.0588976309655413,-0.0003569116698207391,-0.5305798235523014,-0.831243112014651,0.16589134868161726,3.8584472060384253e-05,0.13943969336992332,0.10744972039824154,0.9843836292316338,0.001048891340437943,0.0,0.0,0.0,1.0
1544580754900051000,-0.8410801723352739,0.5376918947382028,0.05892003086650215,-0.11860097454662985,-0.5228036193802928,-0.8360357560448936,0.1664950154728652,0.017594965438803012,0.13878227288573602,0.10923205091587487,0.9842803664532702,0.008492692659599173,0.0,0.0,0.0,1.0
1544580754911117000,-0.8677342364902229,0.4938358885995796,0.056244199290190915,-0.4960617789970563,-0.4780157304840768,-0.860179577029598,0.17774154458357921,0.1563637559534959,0.1361552651662979,0.12734681147263086,0.9824685915464408,-0.02401800056563373,0.0,0.0,0.0,1.0
1544580755000927000,-0.8418923297814799,0.5364098728702634,0.05900638391242096,-0.3412211882596264,-0.5212342818495056,-0.8366111522387777,0.1685129175301944,-0.15452734318192082,0.13975739150378244,0.11111358259464459,0.9839317269419856,0.18711370384151196,0.0,0.0,0.0,1.0
1544580755011971000,-0.8685276414439245,0.49248829983540704,0.05581227976967841,-0.7554469190998395,-0.47741225786120833,-0.8615222618913098,0.17279157476435564,0.11794917713965591,0.1331813503900637,0.12342879239024417,0.983375849366543,0.046548614083778896,0.0,0.0,0.0,1.0
1544580755101745000,-0.8437578454897691,0.5330698690449489,0.06252369863390561,-0.8877367141924428,-0.5170894254640871,-0.8385770131010208,0.17148504066474668,-0.46072631171390005,0.14384444461877455,0.11236150504051669,0.9832007261680318,0.57043878171228,0.0,0.0,0.0,1.0
1544580755112828000,-0.8812162843649556,0.4692380676447519,0.05721447406940165,-1.2487415058029485,-0.45392322490109316,-0.8737529820409116,0.17466949438870896,0.20268944880815637,0.13195289335748617,0.1279506242565213,0.9829634131985534,0.07256839754525292,0.0,0.0,0.0,1.0
1544580755202628000,-0.8445826581446806,0.5314815878805023,0.06486490041064308,-1.2819458779018167,-0.5151020000480029,-0.8396008824637178,0.1724537262940176,-0.6733611376215857,0.14611660791235198,0.1122393866259198,0.9828795739977659,0.8962982391014029,0.0,0.0,0.0,1.0
1544580755213712000,-0.8982994081932245,0.43708795067482065,0.04485862920990772,-1.7149649783318794,-0.42333487664249636,-0.8883067202466847,0.17804143613963574,0.28827972932733187,0.11766798824569058,0.1409442944551786,0.9829999747725038,0.09369400131423013,0.0,0.0,0.0,1.0
1544580755303507000,-0.8454759627939678,0.5299183560537675,0.06600706215916675,-1.6468236272265637,-0.5130322020798981,-0.840335689444242,0.1750253943727064,-0.9175398745047717,0.14821725934136032,0.11411601536831649,0.9823488072318289,1.0987383049243327,0.0,0.0,0.0,1.0
1544580755314563000,-0.9123300446156014,0.40830159982973074,0.030719590950706317,-2.1543250459503516,-0.3966080655736175,-0.899859604863964,0.1815343875303663,0.3754783641814769,0.1017640998272428,0.1534356383326732,0.9829046611323973,0.10961670092439564,0.0,0.0,0.0,1.0
1544580755404346000,-0.8454431816299485,0.5302436574839473,0.06377687930177918,-1.8816455789393423,-0.5133171085134896,-0.8397454517700622,0.17701164464193192,-1.0968168988261986,0.14741564619394476,0.11691552475842279,0.982140207571041,1.3129549927037267,0.0,0.0,0.0,1.0
1544580755415419000,-0.9277326276074161,0.37308666560268894,0.010886304336781769,-2.575713266855555,-0.3645498820468638,-0.9119926070739527,0.18807676130259074,0.4674269586948281,0.08009716082523922,0.1705163469932433,0.9820939976579702,0.12044090502399755,0.0,0.0,0.0,1.0
1544580755505191000,-0.8456838785292023,0.5293464850600135,0.06790490667407402,-2.152113378748308,-0.5120524434960954,-0.8406692656183022,0.17628806242755368,-1.3322674179191472,0.15040303422963913,0.11431309898429796,0.9819936062394349,1.4577267820009017,0.0,0.0,0.0,1.0
1544580755516263000,-0.9416144934643529,0.33639190729200924,-0.014234830744124998,-2.968760077890317,-0.33249807274705295,-0.922398388749539,0.19653560504842515,0.5610418388341945,0.05298280209052458,0.18979382798368594,0.9803933524570335,0.12592477716904776,0.0,0.0,0.0,1.0
1544580755606068000,-0.8459454396048837,0.5284934806023267,0.07121063244022402,-2.386941590602708,-0.5108367480429159,-0.841425437602837,0.1762074056440569,-1.5047458595651158,0.1530429026797244,0.11268484332735373,0.9817739027004423,1.5240901338202069,0.0,0.0,0.0,1.0
1544580755617108000,-0.9528030124662301,0.30137982148990583,-0.03655985002694503,-3.3428758085336736,-0.30228274293344687,-0.9306381017898792,0.2062471013652285,0.6534213674892944,0.028134725161463287,0.20756427124059817,0.977816706006014,0.1280453003578099,0.0,0.0,0.0,1.0
1544580755706942000,-0.8468856608588738,0.5268577816021338,0.0721495349736103,-2.6698965873649674,-0.5085979647281642,-0.8421038040244664,0.1794137495341121,-1.815607699741691,0.15528292792833678,0.11524782519770359,0.9811244320070751,1.7066052650023287,0.0,0.0,0.0,1.0
1544580755717980000,-0.961969401172079,0.26780412462209047,-0.053812842742506126,-3.7007821439780586,-0.27307044280846376,-0.9378523199967633,0.21416245969141823,0.7403090630386471,0.006885090632893028,0.22071242989937134,0.9753146255516176,0.12812406712362978,0.0,0.0,0.0,1.0
1544580755807752000,-0.8468348749592137,0.5269552956459891,0.07203340158191703,-2.9928535360498847,-0.5082416707145526,-0.8416881763326814,0.18234971338349473,-2.0047334775572074,0.15671980953948533,0.11780972036471517,0.9805915414103367,1.8268269636374987,0.0,0.0,0.0,1.0
1544580755818880000,-0.9692535951533476,0.23503261586406532,-0.0728501047521897,-4.046454915083751,-0.2454249149356882,-0.9447197577477062,0.21741938839469763,0.8220618079088421,-0.017722285719413384,0.22861375461946468,0.9733558813649127,0.1267124255992503,0.0,0.0,0.0,1.0
1544580755877419447,-0.9735125115548692,0.21426302091289792,-0.07977936898352493,-4.241344964550372,-0.2268351345967188,-0.9488280980743089,0.21970676370375505,0.867659605996024,-0.028621872032044037,0.23198404724025487,0.9722984059780286,0.12514689442299257,0.0,0.0,0.0,1.0
1544580755908608000,-0.8468129142929939,0.5263864305445264,0.07632308907009573,-3.2515859346275557,-0.5076176138957115,-0.8426581422400461,0.17958734192413647,-2.1757103311819477,0.15884661233225444,0.11333393602599814,0.9807768210431084,2.0249868938759903,0.0,0.0,0.0,1.0
1544580755919704000,-0.9762607098310369,0.20026585033376584,-0.08251433590774614,-4.373783678065042,-0.21386544007279615,-0.9515835146295154,0.22079490081930483,0.8988466406719655,-0.034301603208475945,0.23320035136215145,0.9718235416689043,0.12369504214993327,0.0,0.0,0.0,1.0
1544580756009480000,-0.8471719526460932,0.5255596038191025,0.07801785361900822,-3.539461069389098,-0.5063864525072491,-0.8431191977459499,0.18089438661647383,-2.3890359859876438,0.16084913231637257,0.11374146660623541,0.9804032004269165,2.2028786905357074,0.0,0.0,0.0,1.0
1544580756020555000,-0.9818621428448295,0.16908852024472398,-0.08576598841968669,-4.7028628152025185,-0.18411902775757313,-0.9583078805007016,0.21850901534686068,0.9783400942097666,-0.045242856516386216,0.23033688044188436,0.9720586430059335,0.11834005949574841,0.0,0.0,0.0,1.0
1544580756110334000,-0.8471107399075262,0.5257974356015933,0.0770743215871303,-3.791947831083367,-0.5063493282909619,-0.8426368985169183,0.18323049690780377,-2.6177913211483768,0.16128779269560414,0.11618999084506577,0.980043944910028,2.325350349394538,0.0,0.0,0.0,1.0
1544580756121415000,-0.9872830423624825,0.13780939912644904,-0.07925126986924928,-4.995149443301242,-0.1520058057564199,-0.9643080300961545,0.21680465425910417,1.0499617086578785,-0.04654491679897016,0.2260942117889693,0.9729927944829287,0.11200177835108362,0.0,0.0,0.0,1.0
1544580756211201000,-0.8462682654520138,0.527297438353919,0.07607518908447378,-4.1629412014598834,-0.5074958884581345,-0.8413296764091235,0.18604380879622612,-2.678813623400915,0.16210473801506012,0.11883512569402263,0.979591887887174,2.4737134377003276,0.0,0.0,0.0,1.0
1544580756222285000,-0.9917990038585355,0.10854774612180436,-0.06746942090379558,-5.283440613380984,-0.12076513263039512,-0.9687419833711923,0.21669045293877157,1.1186677947491415,-0.041839200350632315,0.22306132893427158,0.9739061170606199,0.10511058604286119,0.0,0.0,0.0,1.0
1544580756312039000,-0.8465772487946351,0.5263074880843379,0.07941907711415798,-4.401000716905396,-0.5060665357903996,-0.8421324295917372,0.1863052129786548,-2.881712300576523,0.16493520902589334,0.11753041740873547,0.9792767626199026,2.63562919916587,0.0,0.0,0.0,1.0
1544580756323134000,-0.9950422216114299,0.08037185005621579,-0.058577665787666364,-5.566065516191655,-0.09133459428287843,-0.9715697804388945,0.21842654056936575,1.1809740282507382,-0.039356944721007425,0.2226937975257944,0.9740936830950938,0.09808320042916656,0.0,0.0,0.0,1.0
1544580756412908000,-0.8465731367134868,0.5259290432825166,0.08193024854732754,-4.584044951817587,-0.5055388856286129,-0.8426399960642298,0.1854407510507059,-3.055474835194428,0.16656638109915084,0.11557023174160923,0.9792339670491061,2.715556721304631,0.0,0.0,0.0,1.0
1544580756423985000,-0.9976396911614832,0.05577464985092491,-0.040052903181028124,-5.841661334088936,-0.06329366095630924,-0.9731207092939649,0.2214271835750004,1.2373409082304518,-0.026626285921432843,0.22343964191077534,0.9743540256604942,0.09176061970483712,0.0,0.0,0.0,1.0
1544580756513786000,-0.8465057522917511,0.5260826822114008,0.08163959097297817,-4.740333954096422,-0.5053863156316866,-0.8422904855514671,0.18743374808634697,-3.1965569576545727,0.16736989965105437,0.11740421383718418,0.9788787296003904,2.78866764296823,0.0,0.0,0.0,1.0
1544580756524840000,-0.9992646865885203,0.03558912400873402,-0.014265356267481337,-6.1086093466562135,-0.03790681933737103,-0.9728845906809513,0.22816363922255492,1.2880713257637044,-0.005758401242631323,0.22853662172143757,0.9735182860877742,0.08548998099977406,0.0,0.0,0.0,1.0
1544580756614643000,-0.8454207479086171,0.5274463301633976,0.08404836585444307,-5.106189414183327,-0.5062102309902706,-0.8414769480970623,0.1888590687841769,-3.2635298674145448,0.17033778514003367,0.11711923248731128,0.9784007994350663,2.7778432657274177,0.0,0.0,0.0,1.0
1544580756625708000,-0.9995460518140182,0.02719118949271784,0.012974186563287686,-6.36548654676196,-0.023373081813756785,-0.9715823045936595,0.23554516434645817,1.3329912524970704,0.01901024327922472,0.23513499232237403,0.9717767984655815,0.07971934566778408,0.0,0.0,0.0,1.0
1544580756715497000,-0.8454610863492141,0.5274527138454227,0.08360135241911504,-5.2701155975780605,-0.506049416729766,-0.8412884145360708,0.19012572523161092,-3.338356717930203,0.1706151789749912,0.11843748656773717,0.9781937550806867,2.888673102863522,0.0,0.0,0.0,1.0
1544580756726575000,-0.9991693745623554,0.026231332962735065,0.03118458124891133,-6.6097102926614815,-0.017752548322309557,-0.9690282810527862,0.24631085552192658,1.3725356619478348,0.036679803226515005,0.24555265767422801,0.9686890545187254,0.07506627448170065,0.0,0.0,0.0,1.0
1544580756816349000,-0.8455432796518151,0.527659536435359,0.08143694397801272,-5.4625926529152,-0.5060736816055712,-0.840691422974863,0.19268461309269527,-3.437312528170052,0.17013521393831899,0.12171008563517886,0.9778755871954498,2.9978508810320594,0.0,0.0,0.0,1.0
1544580756827426000,-0.9985294190376116,0.02986233956370807,0.04524643623747533,-6.838307900382773,-0.01719021909038981,-0.9659505113114322,0.25815519763275674,1.4085955513098476,0.05141493639045453,0.25699776336179336,0.9650433430385379,0.07209620089807459,0.0,0.0,0.0,1.0
1544580756877590103,-0.9982735007510629,0.030534950469384203,0.05017603509693138,-6.942730966962756,-0.01642630194038537,-0.9652988464267681,0.26063060774152297,1.4246180938965562,0.05639321149552927,0.2593564224903332,0.9641338350095568,0.07165316545285025,0.0,0.0,0.0,1.0
1544580756917187000,-0.8455184697719801,0.5272959728191844,0.08400877527450615,-5.608855818084045,-0.5054837718302662,-0.8411611351373165,0.19218246837510564,-3.5399837953745887,0.1720019583920433,0.12002875398492194,0.9777568330245189,3.023737372580409,0.0,0.0,0.0,1.0
1544580756928290000,-0.9981216307047277,0.03049938777499947,0.053131889338580804,-7.043927445127046,-0.01546085615181334,-0.9645991381080963,0.26326690769667505,1.440396953537443,0.05928045416821534,0.26195093072265757,0.9632588113519333,0.0716685234356487,0.0,0.0,0.0,1.0
1544580757018067000,-0.8449149264546647,0.5280432289001717,0.08537631677925189,-5.880852599843252,-0.505910232281432,-0.8407103163338724,0.1930310878660344,-3.609150144884822,0.1737055092018,0.11990209515466972,0.977471167682439,3.095384042882104,0.0,0.0,0.0,1.0
1544580757029147000,-0.9980783051580634,0.026395273214196158,0.056062343197180425,-7.236454732262161,-0.010245162404424236,-0.9625791860502744,0.2708068448730556,1.4711301099705805,0.06111246534151113,0.2697120689452726,0.9609998264542707,0.07285025709825314,0.0,0.0,0.0,1.0
1544580757118940000,-0.8449817702734331,0.5279284162392716,0.08542479284536682,-5.96030020744834,-0.5057159764521773,-0.8407314285157189,0.19344770938665154,-3.6806231756253838,0.17394585096115475,0.12025910540585343,0.9773845653070174,3.1904985454206773,0.0,0.0,0.0,1.0
1544580757130025000,-0.9981542251820607,0.020385562530803984,0.05720639467317978,-7.410492458587389,-0.0037962483580000514,-0.9610800725201213,0.27624388265285255,1.4995535136263116,0.06061131288468552,0.2755168289687952,0.9593835237825232,0.07556430981636311,0.0,0.0,0.0,1.0
1544580757219789000,-0.8448572275484955,0.5277524525106804,0.08771324830396593,-6.038845091263774,-0.505524648953216,-0.8411817676446076,0.1919845386561584,-3.755632469253091,0.17510309637410054,0.11785831600381046,0.9774703693662308,3.1853012352167673,0.0,0.0,0.0,1.0
1544580757230833000,-0.9984246671979532,0.013528693384309284,0.0544532679089703,-7.551233515252069,0.002242781264740002,-0.9600979874411744,0.2796548308962372,1.5241354165123047,0.05606383738963304,0.2793364082369446,0.9585551716883213,0.07888871623222027,0.0,0.0,0.0,1.0
1544580757320628000,-0.8447254279503115,0.5283020614774279,0.08564977065274149,-6.1638888563313055,-0.5059573960974697,-0.840453288209411,0.19402418321502074,-3.8453495712886974,0.17448800734844847,0.12056202626321115,0.977250598932986,3.283927789315407,0.0,0.0,0.0,1.0
1544580757331718000,-0.9986236301593882,0.00791648651079958,0.0518476087067763,-7.676380452533119,0.006897513842652704,-0.9601349031816531,0.27945194934934126,1.5488385870962107,0.05199297635332108,0.2794249397131186,0.9587587983826995,0.08248756684638683,0.0,0.0,0.0,1.0
1544580757421504000,-0.8445646927756906,0.5283987123590813,0.08663302196028098,-6.282754023465907,-0.5060466285380512,-0.8405455008067754,0.19339097915558479,-3.8794703848647876,0.17500654119768239,0.1194908442130632,0.9772894395660263,3.3968719239879417,0.0,0.0,0.0,1.0
1544580757432551000,-0.9988697687672844,0.00017757461051012027,0.04753055343723498,-7.78598907493356,0.013077116263623156,-0.960373946653705,0.2784077434609399,1.5728998732171542,0.045696543337759764,0.27871464090722237,0.9592861798602821,0.08585496170956375,0.0,0.0,0.0,1.0
1544580757522323000,-0.8442035130688719,0.5291536497401708,0.08553854972370087,-6.342339537541687,-0.5068460922501392,-0.8399535638403235,0.1938686394513107,-3.8959090341456473,0.17443470782197812,0.12030970683447675,0.9772912089794259,3.4412740772938366,0.0,0.0,0.0,1.0
1544580757533428000,-0.9989747064695672,-0.012548784897212173,0.043497860081238286,-7.880543215862872,0.02405489311810142,-0.9610920601623885,0.27517887638751043,1.5959991664231403,0.038352287430088686,0.27594307364095644,0.9604085183704159,0.08886056373711583,0.0,0.0,0.0,1.0
1544580757623201000,-0.8441091344518552,0.5291302679738153,0.08660790176941549,-6.402057595155912,-0.5067080303250355,-0.8400573171207789,0.1937799678913145,-3.970427133793101,0.1752904479401647,0.11968652165468101,0.977214610715141,3.4780770585148026,0.0,0.0,0.0,1.0
1544580757634283000,-0.998794626797997,-0.02907298387715733,0.03954813633952193,-7.960477415306674,0.0387415081674673,-0.9616654765472206,0.2714748731689841,1.6172496510630523,0.03013949276880507,0.2726797990788526,0.9616326419948277,0.09115544789912378,0.0,0.0,0.0,1.0
1544580757724070000,-0.8443536228169726,0.5290232937787778,0.08486055783053592,-6.4503292723169645,-0.5066000137968982,-0.8398427794957124,0.19498854261186532,-4.025214262002532,0.17442300781960732,0.12164892259436809,0.9771275013910904,3.526149643445322,0.0,0.0,0.0,1.0
1544580757735158000,-0.9983005524547776,-0.04413732862688275,0.038051323106694415,-8.026686181357812,0.052781037674837245,-0.9615950532937098,0.2693494301888015,1.6359234375995189,0.0247015997549709,0.2709000732793304,0.9622904869460125,0.09228452133283001,0.0,0.0,0.0,1.0
1544580757824915000,-0.8440699811667871,0.5291077071130319,0.08712577785416943,-6.556752790620988,-0.5065558030150349,-0.8400635160579788,0.19415073376142097,-4.0612644928811985,0.17591783685827866,0.11974273782529202,0.9770949756360503,3.5680462052040745,0.0,0.0,0.0,1.0
1544580757836002000,-0.9975493597091866,-0.0574592330440208,0.039921316132928215,-8.079243246871192,0.06611762389642792,-0.9607973485188882,0.2692525113891488,1.6519841749968827,0.022885251890304364,0.27123217290186147,0.9622418477850817,0.09214728630375853,0.0,0.0,0.0,1.0
1544580757878701318,-0.9971842368887149,-0.06258945726717462,0.04130565989873514,-8.0964103419418,0.07143274407088818,-0.9604405573854212,0.2691677893130645,1.6576407006563052,0.022824565169403645,0.2713604532133947,0.9622071209758569,0.09171783514639173,0.0,0.0,0.0,1.0
1544580757925794000,-0.8442520016148942,0.5289300229736138,0.0864383512474696,-6.582875041794884,-0.5063121896212438,-0.8400160093435267,0.1949899245794898,-4.112872133466988,0.17574562415658718,0.12085584323361467,0.9769889153650149,3.586353493407243,0.0,0.0,0.0,1.0
1544580757936888000,-0.9965852024666867,-0.0701609232893709,0.04353595143804249,-8.117489645124834,0.07932634755131193,-0.9598787035755831,0.2689613448178504,1.6650175934406883,0.022918656343706142,0.271496444295759,0.9621665219317065,0.09064165914046281,0.0,0.0,0.0,1.0
1544580758026632000,-0.844303306093583,0.5288855746858043,0.08620891026287333,-6.622601048614428,-0.5063856964680111,-0.8400872376802264,0.1944915409456405,-4.056371030666152,0.17528677569072312,0.12055489196242622,0.9771085222695998,3.672024553776443,0.0,0.0,0.0,1.0
1544580758037724000,-0.995470439921025,-0.08318213404550313,0.04603624462398513,-8.142342611203075,0.09250326918769329,-0.9592416807195466,0.26701787048796594,1.6748586686543872,0.02194876837165242,0.270066900130272,0.9625913572336847,0.08771145491230649,0.0,0.0,0.0,1.0
1544580758127505000,-0.8445297120046744,0.5285937871115328,0.0857797981368135,-6.588700419963755,-0.5062276534878468,-0.8402853049851859,0.19404682185013733,-4.068752311331426,0.17465144827768161,0.12045420064505845,0.9772346991186263,3.727489617282287,0.0,0.0,0.0,1.0
1544580758138562000,-0.9941357079789569,-0.09615071298674095,0.04948974149576344,-8.153134023307528,0.10590990917463362,-0.9581498868722885,0.26595466798918943,1.681159646717454,0.021846859266191718,0.26963648617863234,0.9627143294152416,0.08345141120126988,0.0,0.0,0.0,1.0
1544580758228345000,-0.8442338166988154,0.5292221461808678,0.08481263310302405,-6.621262874541911,-0.5066383996842695,-0.8396043350549574,0.19591348223714836,-4.104061963857931,0.17489080795603643,0.12242745014349792,0.9769466335188682,3.6286099735731314,0.0,0.0,0.0,1.0
1544580758239429000,-0.9925517163064677,-0.10832453481780044,0.05573944396561927,-8.151160797440877,0.1193859567774274,-0.9559816276562431,0.2680412671736562,1.684011058176199,0.02425043878834618,0.2726993266222478,0.9617936335193435,0.07819282053329149,0.0,0.0,0.0,1.0
1544580758329213000,-0.8441719834159829,0.5290870818609505,0.08625846174951377,-6.616755010049981,-0.5064899814383572,-0.8399080172615206,0.1949933876888934,-4.0829194658851025,0.17561765605456098,0.12091890814792211,0.9770041230896742,3.633774053801869,0.0,0.0,0.0,1.0
1544580758340277000,-0.9906380722278861,-0.12143227144855423,0.06237317775664684,-8.14659727940131,0.13393171266489245,-0.9529754545856223,0.2718456902361634,1.684177661710877,0.02642926777771259,0.2776544370403094,0.9603173992990854,0.07216393818480074,0.0,0.0,0.0,1.0
1544580758430073000,-0.8444429959330314,0.5284796345755236,0.087322977838432,-6.593576572474308,-0.5056386608445003,-0.8402716633279605,0.19563505940255713,-4.080953069963144,0.1767641685382744,0.12104878209625297,0.9767812554886542,3.571904082092089,0.0,0.0,0.0,1.0
1544580758441165000,-0.9887004280485375,-0.133066529732018,0.06902725723738495,-8.14524807340229,0.14706378669555747,-0.9502341463367185,0.2746403280264773,1.6830105519889127,0.029046621479984717,0.28168841971370523,0.9590661749742762,0.06571669439929055,0.0,0.0,0.0,1.0
1544580758530930000,-0.844687060341507,0.527978619200595,0.08799061176430609,-6.609317253119954,-0.50488864633851,-0.8405053712455549,0.1965659576473952,-4.114745659936822,0.1777392047075965,0.12161126006421354,0.9765344215825204,3.518712208910714,0.0,0.0,0.0,1.0
1544580758542015000,-0.9867903084948146,-0.14397892241168167,0.07426275622330036,-8.1458431095699,0.15907815499936162,-0.9478807397536796,0.27607289581923206,1.6814432827047379,0.03064355825796327,0.28423964027768517,0.9582634289338701,0.05989515939052974,0.0,0.0,0.0,1.0
1544580758631782000,-0.8445892047271201,0.5284026454170249,0.08636966814051165,-6.596425275655287,-0.5054398099342055,-0.8400805904442539,0.19696497173991978,-4.12164440065665,0.176634293929819,0.12269982019189786,0.9765987304583165,3.5107841916656204,0.0,0.0,0.0,1.0
1544580758642853000,-0.9844989702265536,-0.15657979931002738,0.07902242764487905,-8.146635825824902,0.17261687832994563,-0.9448212264550224,0.2784174264582789,1.6793820859498627,0.03106752224563589,0.2877422744194136,0.9572038406595829,0.055537008712954715,0.0,0.0,0.0,1.0
1544580758732634000,-0.8450879323173075,0.527383629593579,0.08770914369872854,-6.565791496369108,-0.5042022684598642,-0.8407508329261222,0.19727673307807916,-4.126045161641766,0.17778205514502465,0.12249303723369581,0.9764164053812696,3.483706581135145,0.0,0.0,0.0,1.0
1544580758743696000,-0.982118453347006,-0.1683804985264312,0.08421016156783202,-8.147825590155879,0.1855109717354624,-0.9417621774431214,0.2804811589097479,1.6771870901546542,0.03207838775646362,0.291087630883864,0.9561584430340829,0.052848364184231195,0.0,0.0,0.0,1.0
1544580758833492000,-0.8446751778053763,0.5280420941512542,0.08772337660975449,-6.611381843745878,-0.5049517253900327,-0.8404247402612663,0.19674859842553294,-4.141665501575601,0.17761643793603726,0.12189258698191024,0.9765216834324641,3.536452039193257,0.0,0.0,0.0,1.0
1544580758844558000,-0.9797408063151785,-0.17959453954816393,0.08862140715069099,-8.1478740747039,0.19756021049110895,-0.9392528554409346,0.2806671280658991,1.6748952382586566,0.032831626088179064,0.292489102208156,0.9557050849597214,0.05065919514784169,0.0,0.0,0.0,1.0
1544580758877276829,-0.9789953849372993,-0.1830060840095421,0.08987107146886582,-8.147492406859962,0.2012000555944792,-0.9384582545525184,0.2807394558857337,1.6741812498356976,0.03296322041681849,0.29292469625781115,0.9555671344400756,0.049979579281775204,0.0,0.0,0.0,1.0
1544580758934352000,-0.8446102926865755,0.5283484067525294,0.0864951707898346,-6.611984925662638,-0.5054271770526245,-0.8401620093070417,0.196649858412787,-4.093871978262045,0.1765695958666502,0.12237548446980676,0.9766511243101452,3.566308530615103,0.0,0.0,0.0,1.0
1544580758945427000,-0.9771642274855251,-0.1913139214952111,0.0924611051455816,-8.146127567660338,0.20993962071368946,-0.9364177958317049,0.281153102960439,1.6724082048866953,0.03279372161268029,0.29414400400452545,0.9551983441835379,0.048409502207897935,0.0,0.0,0.0,1.0
1544580759035190000,-0.8444843598738001,0.528332775688368,0.0878102731003888,-6.621060202345045,-0.5053245174659268,-0.8403219717815785,0.1962297525579317,-4.121340776019082,0.17746351167597196,0.12134027309407379,0.9766182673640152,3.5375823437716134,0.0,0.0,0.0,1.0
1544580759046281000,-0.974336266753854,-0.20464715770357356,0.0937463606334287,-8.14380872209661,0.22310971782375097,-0.9332189458551097,0.2816459708742239,1.6699325773027816,0.02984783243000778,0.2953336078757819,0.95492783337711,0.0470553486491863,0.0,0.0,0.0,1.0
1544580759136055000,-0.8445278516214413,0.528310056747419,0.08752823416025811,-6.596322010100299,-0.5053570664591395,-0.8403284749077001,0.19611805026338294,-4.100073636911166,0.17716360578709542,0.1213941440055439,0.9766660220288602,3.5469761619678954,0.0,0.0,0.0,1.0
1544580759147161000,-0.9715342649373389,-0.21751884123270682,0.09384415677838182,-8.141076248051924,0.23546715322595907,-0.9301520622986199,0.2817310077951796,1.667627963624556,0.026007533607156467,0.2958085440118397,0.954893142443313,0.04696185613028979,0.0,0.0,0.0,1.0
1544580759236927000,-0.8443395577942117,0.5287179354045304,0.08687954837272006,-6.610626891541332,-0.5057427295634612,-0.839966685542886,0.1966729739232025,-4.1240318042516595,0.17696045501064173,0.12212007189512904,0.9766123516537967,3.500054982473227,0.0,0.0,0.0,1.0
1544580759247997000,-0.9685128981955626,-0.23082264780282702,0.09329346863592661,-8.137534401984254,0.24804211796374465,-0.9268266008416444,0.28189991076334675,1.6655025338726979,0.021397984598785978,0.29616440912711733,0.9548972557408946,0.0474345737259789,0.0,0.0,0.0,1.0
1544580759337793000,-0.8445137138766491,0.5283493516913038,0.08742739640210026,-6.61136609330614,-0.5053493628593246,-0.8402567810304575,0.19644481003581493,-4.131861536874438,0.1772529507002473,0.12171895702688786,0.9766093830024087,3.5302039284722864,0.0,0.0,0.0,1.0
1544580759348853000,-0.9649496309696669,-0.2452219380064266,0.09347946732772877,-8.13411945795557,0.26189481286114097,-0.9226476736871382,0.2830766278521415,1.6640897094167333,0.016832013781215568,0.2976364751842148,0.9545308858030649,0.04859096803171764,0.0,0.0,0.0,1.0
1544580759438652000,-0.8446111756174332,0.5283289705440394,0.08660520137966973,-6.629951800883415,-0.5053526602769142,-0.8401531592257253,0.19687904356248617,-4.090761881209666,0.17677853595157364,0.12252007152671335,0.9765951982781348,3.552866197810963,0.0,0.0,0.0,1.0
1544580759449734000,-0.9618541051131865,-0.25808533872773226,0.09071184272576525,-8.131406940031331,0.27336104270704364,-0.9195020096456094,0.2824708738751739,1.6634050309987463,0.010508130520204705,0.2964928535251359,0.9549772599394654,0.05074404577140311,0.0,0.0,0.0,1.0
1544580759539510000,-0.844445833310911,0.5285298836262415,0.08699078524691001,-6.622668627559594,-0.505518574116799,-0.8400715910540456,0.1968011512335304,-4.116389200430061,0.17709377692838116,0.12221245443062652,0.9765766278973128,3.519489911910014,0.0,0.0,0.0,1.0
1544580759550569000,-0.957916263958457,-0.27319144667956063,0.0881071206259843,-8.129817629754998,0.28702641658638056,-0.9153532040963936,0.2823904175641368,1.6633254084274622,0.0035024884659104415,0.2957954448797251,0.9552448834529023,0.053672717570784435,0.0,0.0,0.0,1.0
1544580759640354000,-0.8446184540827681,0.5281570955768174,0.08757710553961025,-6.611534971062111,-0.5050947876987865,-0.8403522544483447,0.1966909857698182,-4.119439039250052,0.17747935784860092,0.12189409680311601,0.9765464180991112,3.5362081552339606,0.0,0.0,0.0,1.0
1544580759651436000,-0.9543301576312968,-0.2857312266735319,0.08724457770580432,-8.129982726461376,0.29875083754844955,-0.9113781294024813,0.283086280683,1.6641230045980246,-0.0013737902039760055,0.2962221655286328,0.9551180771768484,0.05693362817774526,0.0,0.0,0.0,1.0
1544580759741223000,-0.8445870638384503,0.5282747977097065,0.08716897212606843,-6.636926543082653,-0.505198192532071,-0.8402069342697547,0.19704591816972145,-4.113751967992275,0.1773343673941232,0.1223848263053483,0.9765113805947883,3.527093805754572,0.0,0.0,0.0,1.0
1544580759752305000,-0.9505087910636127,-0.2983594431156683,0.0866872586629644,-8.13225436323368,0.3106449459639595,-0.9074684221922276,0.28284409180854014,1.6660439184960603,-0.005723255877503201,0.2957747545475393,0.9552405659908403,0.06071393563683774,0.0,0.0,0.0,1.0
1544580759842082000,-0.8446661941898156,0.5280012817606925,0.0880549081650742,-6.658714062068123,-0.5048582269230686,-0.8404658220234368,0.19681304001148844,-4.0997349209904135,0.17792467816744226,0.1217860766653388,0.9764788581579632,3.549412494646134,0.0,0.0,0.0,1.0
1544580759853165000,-0.946263079473772,-0.3110500045458956,0.08851033327704765,-8.13695121236053,0.3232760614325976,-0.9022792075504543,0.28528024769820987,1.6689230833266009,-0.00887538897414125,0.298563437637837,0.9543485218600338,0.0650375430737093,0.0,0.0,0.0,1.0
1544580759877091427,-0.9454859197772431,-0.3134628033437647,0.08830315069605893,-8.13810614134301,0.32551277815027513,-0.9014115975201883,0.2854795318704862,1.669563794651627,-0.009889730222387759,0.2986606816706378,0.9543081213424492,0.06588291727884159,0.0,0.0,0.0,1.0
1544580759942940000,-0.8446906657962842,0.5279196877605264,0.08830901647883706,-6.640413897551795,-0.5048541566412253,-0.8406076325817917,0.19621694261024716,-4.102387189936403,0.17782002035402897,0.12115944585572158,0.9765758695775926,3.5668883121403456,0.0,0.0,0.0,1.0
1544580759954044000,-0.9420749761191141,-0.32371638537808184,0.08776355284468598,-8.144177350310603,0.3351048484649131,-0.8974262885231842,0.28693343688530043,1.6728550454761821,-0.014123735535604524,0.2997228027782533,0.9539217795968731,0.06964354829820342,0.0,0.0,0.0,1.0
